  1  0 2012  3  8 19  2 47      0 2280.76775 1765.18244    0.00968    0.01023      472.7   0   1    1 0 1 0 0 1  1.40000   4.211720091625522e-001   9.461579810174405e-001   2.101528652072337e+002   2.781392719303317e+003   1.458135626797629e-003  0.00117   1.166690622369568e-003   7.416435150949094e-003   6.186327106400297e-001   4.097556743271850e+001   1.481984718904579e-002 2281.000 1765.000   10.000     0 C:\Users\akhodyre\Studies\hip\20120308\g074a005.fit
  1  0 2012  3  8 19  2 47      0 2424.40437 2240.89572    0.01323    0.01353     1047.9   0   1    2 0 1 0 0 1  1.40000   3.803149546223669e-001   9.785123364390386e-001   2.699772586747332e+002   2.864020609418828e+003  -3.275162815992258e-002  0.00131   1.306279787150278e-003   9.510440442897186e-003   9.826186186759826e-001   9.596152117732460e+001   1.899578166187540e-002 2424.000 2240.000   10.000     0 C:\Users\akhodyre\Studies\hip\20120308\g074a005.fit
  1  0 2012  3  8 19  2 47      0 1601.88260 2480.34160    0.02723    0.02768     2282.4   0   1    3 0 1 0 0 1  1.40000   2.906099048403578e-001   9.816718052934444e-001   2.786697833012228e+002   2.399381711161513e+003  -1.904347700575556e-002  0.00161   1.606486660552961e-003   1.537280140826751e-002   1.605127397005573e+000   2.584842137128238e+002   3.064702398470595e-002 1600.000 2480.000   10.000     0 C:\Users\akhodyre\Studies\hip\20120308\g074a005.fit
  1  0 2012  3  8 19  2 47      0 2640.29299 2218.79033    0.00982    0.01005      111.4   0   1    4 0 1 0 0 1  1.40000   4.162432168329923e-001   9.768513316062543e-001   1.021144311535663e+002   2.338058310648372e+003  -3.762528470110316e-002  0.00116   1.155256398751669e-003   7.669515447865262e-003   3.012751965175418e-001   9.639518492658439e+000   1.532615065153121e-002 2640.000 2219.000   10.000     0 C:\Users\akhodyre\Studies\hip\20120308\g074a005.fit
  1  0 2012  3  8 19  2 47      0 2569.97394 2906.07975    0.02218    0.02874      298.0   0   1    5 0 1 0 0 1  1.40000   3.387477509358448e-001   7.843585235529421e-001   1.049021785934333e+002   2.234151026544213e+003   2.639143235274815e-001  0.00177   1.771436463178380e-003   1.128963212861159e-002   5.743097374138634e-001   3.341249243109184e+001   2.286507964033192e-002 2570.000 2907.000   10.000     0 C:\Users\akhodyre\Studies\hip\20120308\g074a005.fit
  1  0 2012  3  8 19  2 47      0 1976.23200 1650.99041    0.03502    0.03580       25.7   0   1    6 0 1 0 0 1  1.40000   3.994339223558790e-001   9.794871016258046e-001   2.599475415663173e+001   2.184998835517401e+003   9.032651187638152e-002  0.00380   3.801235741160232e-003   2.632067589476570e-002   2.626326404494857e-001   2.288508247882371e+000   5.265165012174682e-002 1976.000 1651.000   10.000     0 C:\Users\akhodyre\Studies\hip\20120308\g074a005.fit
  1  0 2012  3  8 19  2 47      0 2258.59313  684.91254    0.01290    0.01330       41.7   0   1    7 0 1 0 0 1  1.40000   4.046137144287931e-001   9.705687001967438e-001   5.439098998037679e+001   2.211152901613189e+003   1.202896282137055e-002  0.00144   1.436842121000948e-003   9.753968852924863e-003   2.051584248285489e-001   3.684359177408865e+000   1.948513914078121e-002 2259.000  685.000   10.000     0 C:\Users\akhodyre\Studies\hip\20120308\g074a005.fit
  1  0 2012  3  8 19  2 47      0 1900.82564  926.67151    0.02292    0.02345       29.4   0   1    8 0 1 0 0 1  1.40000   4.059211958761210e-001   9.769294484000951e-001   3.435716501772471e+001   2.184622678504861e+003   1.805069241643306e-002  0.00257   2.566402909255102e-003   1.747753494629527e-002   2.307598849075140e-001   2.591936106748733e+000   3.492027739493712e-002 1901.000  927.000   10.000     0 C:\Users\akhodyre\Studies\hip\20120308\g074a005.fit
  1  0 2012  3  8 19  2 47      0  531.06478  984.81379    0.03818    0.04022       26.5   0   1    9 0 1 0 0 1  1.40000   4.104596358147112e-001   9.536714219164589e-001   2.506138447910423e+001   2.182958476877805e+003   1.847956316556882e-001  0.00437   4.372484891438682e-003   2.847403543563309e-002   2.834815620885984e-001   2.333088655667491e+000   5.718882708156749e-002  531.000  985.000   10.000     0 C:\Users\akhodyre\Studies\hip\20120308\g074a005.fit
  1  0 2012  3  8 19  2 47      0  511.17275 1284.24317    0.01527    0.01533       37.0   0   1   10 0 1 0 0 1  1.40000   4.017366068987929e-001   9.960674732078519e-001   4.739358647156701e+001   2.212324672440037e+003  -2.855474136674000e-002  0.00168   1.675918550927517e-003   1.175627013853866e-002   2.099851566863872e-001   3.251285781245373e+000   2.349191983156437e-002  511.000 1284.000   10.000     0 C:\Users\akhodyre\Studies\hip\20120308\g074a005.fit
  1  0 2012  3  8 19  2 47      0  467.52550  344.84729    0.03060    0.03250       27.8   0   1   11 0 1 0 0 1  1.40000   4.078035332629493e-001   9.421418009289546e-001   2.861798481440758e+001   2.168308472871713e+003   2.955068417430543e-002  0.00346   3.463265365479844e-003   2.264054513554921e-002   2.581246472305112e-001   2.467160474416415e+000   4.522491379236593e-002  467.000  345.000   10.000     0 C:\Users\akhodyre\Studies\hip\20120308\g074a005.fit
  1  0 2012  3  8 19  2 47      0  327.68606  399.76594    0.02281    0.02346       30.7   0   1   12 0 1 0 0 1  1.40000   4.077179604070547e-001   9.727904203468158e-001   3.513314728665819e+001   2.182533762449512e+003   4.997838732136695e-002  0.00258   2.578583950286029e-003   1.740030302748612e-002   2.360489793148095e-001   2.694895373447446e+000   3.477132030794838e-002  327.000  400.000   10.000     0 C:\Users\akhodyre\Studies\hip\20120308\g074a005.fit
  1  0 2012  3  8 19  2 47      0  181.59291 1064.89912    0.03257    0.03327       26.1   0   1   13 0 1 0 0 1  1.40000   4.253129512103388e-001   9.801546786383764e-001   2.714825337860852e+001   2.180328001219627e+003   4.059109347682632e-002  0.00400   4.000315208042959e-003   2.607743873718495e-002   2.715938799804372e-001   2.221585966458833e+000   5.211215181945640e-002  182.000 1065.000   10.000     0 C:\Users\akhodyre\Studies\hip\20120308\g074a005.fit
  1  0 2012  3  8 19  2 47      0  187.90267 1982.74443    0.01641    0.01653       35.1   0   1   14 0 1 0 0 1  1.40000   4.268783001642554e-001   9.922877554679390e-001   4.455325609379481e+001   2.210707111182971e+003  -2.275428649609935e-002  0.00203   2.026827616442238e-003   1.332712856654642e-002   2.249580232463512e-001   2.974423438601032e+000   2.664398060688131e-002  188.000 1983.000   10.000     0 C:\Users\akhodyre\Studies\hip\20120308\g074a005.fit
