  1  0 2012  3  8 19  2 19      0 2279.49682 1765.09265    0.00919    0.00900      440.4   0   1    1 0 1 0 0 1  1.40000   4.089001975987014e-001   1.021778967158669e+000   2.121962101392691e+002   2.800079950837545e+003   5.374757804841858e-003  0.00104   1.043985081965691e-003   7.382355440921620e-003   5.758775648423641e-001   3.791354084990924e+001   1.474993154536529e-002 2279.000 1765.000   10.000     0 C:\Users\akhodyre\Studies\hip\20120308\g074a004.fit
  1  0 2012  3  8 19  2 19      0 2423.06150 2240.76646    0.01349    0.01319     1045.7   0   1    2 0 1 0 0 1  1.40000   3.694010754655068e-001   1.022965452978123e+000   2.700808953206675e+002   2.860211704790887e+003  -3.196026124960524e-002  0.00126   1.256629136584514e-003   9.846912503439253e-003   9.733818728631039e-001   9.648935769628272e+001   1.967007850034322e-002 2422.000 2241.000   10.000     0 C:\Users\akhodyre\Studies\hip\20120308\g074a004.fit
  1  0 2012  3  8 19  2 19      0 1600.55874 2480.38884    0.02508    0.02545     2105.0   0   1    3 0 1 0 0 1  1.40000   2.866599339744869e-001   9.852177111742406e-001   2.790802810644564e+002   2.208652723507144e+003   2.025660483378960e-002  0.00145   1.445300788836189e-003   1.407259936084541e-002   1.462738854267131e+000   2.378329434477795e+002   2.805267860417113e-002 1599.000 2479.000   10.000     0 C:\Users\akhodyre\Studies\hip\20120308\g074a004.fit
  1  0 2012  3  8 19  2 19      0 2638.88910 2218.70511    0.01071    0.01031      116.2   0   1    4 0 1 0 0 1  1.40000   3.957688599673210e-001   1.039460216297909e+000   1.014200916968154e+002   2.327823685191592e+003  -5.223379660417329e-002  0.00114   1.140408774461039e-003   8.470680424581276e-003   3.104750368776924e-001   1.019137655735561e+001   1.692979772803077e-002 2639.000 2219.000   10.000     0 C:\Users\akhodyre\Studies\hip\20120308\g074a004.fit
  1  0 2012  3  8 19  2 19      0 2568.52454 2906.12630    0.02083    0.02670      282.1   0   1    5 0 1 0 0 1  1.40000   3.339692759850017e-001   7.957608849123136e-001   1.056144585332567e+002   2.204379626562125e+003   2.994256064653439e-001  0.00162   1.619113551718948e-003   1.053983887832893e-002   5.355872180275696e-001   3.182070909701511e+001   2.143617345182864e-002 2568.000 2907.000   10.000     0 C:\Users\akhodyre\Studies\hip\20120308\g074a004.fit
  1  0 2012  3  8 19  2 19      0 1974.91728 1650.88861    0.03426    0.03570       26.4   0   1    6 0 1 0 0 1  1.40000   3.996057530240763e-001   9.596346958133389e-001   2.648452524686286e+001   2.179245929292619e+003   1.617518460370302e-002  0.00372   3.722173172939544e-003   2.529093599108934e-002   2.618245184365038e-001   2.363839459318292e+000   5.054189288035176e-002 1975.000 1651.000   10.000     0 C:\Users\akhodyre\Studies\hip\20120308\g074a004.fit
  1  0 2012  3  8 19  2 19      0 2257.18869  684.76869    0.01331    0.01296       41.7   0   1    7 0 1 0 0 1  1.40000   3.891928125814652e-001   1.026771778571170e+000   5.436412026398817e+001   2.209513842540264e+003   4.004530133868593e-002  0.00137   1.371162138381977e-003   1.023315655485778e-002   2.033515578692965e-001   3.719505867618447e+000   2.044861631624270e-002 2257.000  685.000   10.000     0 C:\Users\akhodyre\Studies\hip\20120308\g074a004.fit
  1  0 2012  3  8 19  2 19      0 1899.58859  926.51876    0.02018    0.01983       26.5   0   1    8 0 1 0 0 1  1.40000   4.049390715360422e-001   1.017887846422234e+000   3.510190829171800e+001   2.183176589666362e+003  -3.288539524450247e-003  0.00225   2.250290002782458e-003   1.601293381319299e-002   2.073702900694986e-001   2.297198706537582e+000   3.197025325178103e-002 1900.000  926.000   10.000     0 C:\Users\akhodyre\Studies\hip\20120308\g074a004.fit
  1  0 2012  3  8 19  2 19      0  529.92678  984.68146    0.03674    0.03909       24.4   0   1    9 0 1 0 0 1  1.40000   3.921116132014780e-001   9.399620629643438e-001   2.448895521012643e+001   2.178409407618810e+003  -4.487252042002292e-002  0.00385   3.849624722089891e-003   2.610114101209089e-002   2.549937713586790e-001   2.240078225365350e+000   5.215949675640046e-002  530.000  985.000   10.000     0 C:\Users\akhodyre\Studies\hip\20120308\g074a004.fit
  1  0 2012  3  8 19  2 19      0  509.95549 1284.23613    0.01583    0.01560       38.4   0   1   10 0 1 0 0 1  1.40000   3.918988073477444e-001   1.014807177508483e+000   4.767605765541651e+001   2.206808301835484e+003   2.483451768221515e-002  0.00165   1.654019759653371e-003   1.211829741021598e-002   2.136063634531733e-001   3.415432958119347e+000   2.421494109679751e-002  510.000 1284.000   10.000     0 C:\Users\akhodyre\Studies\hip\20120308\g074a004.fit
  1  0 2012  3  8 19  2 19      0  466.26332  344.65573    0.02782    0.02833       24.7   0   1   11 0 1 0 0 1  1.40000   3.993489310432604e-001   9.821046681899908e-001   2.858506072070878e+001   2.168242297951118e+003   1.749808263557623e-002  0.00302   3.019850593412481e-003   2.101803193520333e-002   2.294949796477063e-001   2.183282012175750e+000   4.198147214779437e-002  466.000  344.000   10.000     0 C:\Users\akhodyre\Studies\hip\20120308\g074a004.fit
  1  0 2012  3  8 19  2 19      0  326.46831  399.63806    0.02136    0.02201       28.5   0   1   12 0 1 0 0 1  1.40000   3.968280444413975e-001   9.707226270862492e-001   3.497447838733451e+001   2.174865838736014e+003   1.964320376727998e-002  0.00229   2.290102655719498e-003   1.585534204989830e-002   2.143181868125159e-001   2.558031223821110e+000   3.166464786349228e-002  326.000  400.000   10.000     0 C:\Users\akhodyre\Studies\hip\20120308\g074a004.fit
  1  0 2012  3  8 19  2 19      0  180.36334 1064.71266    0.02872    0.03055       23.6   0   1   13 0 1 0 0 1  1.40000   4.233172519466439e-001   9.407870627433821e-001   2.719981363339815e+001   2.174141957623179e+003   6.679915494342141e-002  0.00350   3.496798650673947e-003   2.196813911234117e-002   2.388992431479524e-001   2.042683641586920e+000   4.390417378504856e-002  180.000 1065.000   10.000     0 C:\Users\akhodyre\Studies\hip\20120308\g074a004.fit
  1  0 2012  3  8 19  2 19      0  186.71231 1982.75889    0.01493    0.01532       32.0   0   1   14 0 1 0 0 1  1.40000   4.198068668457973e-001   9.742319582470868e-001   4.436494218872230e+001   2.206272323247517e+003   3.601059306425260e-002  0.00179   1.786211531991759e-003   1.172666187259910e-002   2.007081155643511e-001   2.756922592591184e+000   2.343249875207255e-002  187.000 1983.000   10.000     0 C:\Users\akhodyre\Studies\hip\20120308\g074a004.fit
