-0.058459489207865 0.0424934849776906
0.0522111240973398 0.190878739137033
-0.0518098420284855 -0.286372205916042
-0.14629689333655 -0.111796371414016
-0.114527010645859 -0.147182403682678
0.820854747015216 0.197811919111884
0.0848786388152114 0.150188444857393
0.0406589398503991 -0.161425005653855
-0.0989013689741472 0.276896666460119
-0.112116792340237 -0.265986175878395
0.209794437519319 -0.438866349872507
-0.376391466818011 0.0529086693814588
-0.0697562139648171 0.20710823124098
0.235529096915144 0.253912537761084
