2278.98474625 1764.88984 0.00941375 0.0099
2422.5764925 2240.569015 0.0128175 0.01328625
1600.10751375 2480.0878375 0.0250925 0.02661125
2638.43775 2218.50991 0.0106475 0.0109475
2568.06417125 2905.8200625 0.0197575 0.02563375
1974.44349375 1650.70647125 0.0351725 0.03655
2256.66819 684.61395625 0.01359125 0.01426
1899.09301125 926.33408875 0.02159125 0.02283875
529.39553375 984.480215 0.03830625 0.04069125
509.48006625 1283.992415 0.0157125 0.01622625
465.8318525 344.51038875 0.02933125 0.0317175
325.99081 399.44315875 0.0218825 0.02351625
179.8923375 1064.5008825 0.03229625 0.03476625
186.2187225 1982.50672625 0.01659 0.01763625
