  1  0 2009  3  6 18 51 57      0 2314.46444 1713.54913    0.00715    0.00690      210.7   0   1    1 0 1 0 0 1  1.40000   2.725557682488916e-001   1.034938598930374e+000   1.672886222846467e+002   2.421640412712311e+003   2.042648181209604e-002  0.00037   3.714912344593727e-004   3.996123193442403e-003   2.377463812759001e-001   2.589172227757753e+001   7.966275567184543e-003 2314.000 1714.000   10.000     0 C:\Studies\double_stars\hip\20090306\g074a007.fit
  1  0 2009  3  6 18 51 57      0 2457.27396 2189.82053    0.00808    0.00777      388.5   0   1    2 0 1 0 0 1  1.40000   2.697678371246688e-001   1.038577637918020e+000   2.138621475289279e+002   2.546374046012669e+003   2.725497938170392e-002  0.00041   4.116541833719261e-004   4.489604606219094e-003   3.400670423480540e-001   4.825186400994998e+001   8.949298068734160e-003 2457.000 2190.000   10.000     0 C:\Studies\double_stars\hip\20090306\g074a007.fit
  1  0 2009  3  6 18 51 57      0 1634.21938 2426.98936    0.00976    0.00945      719.3   0   1    3 0 1 0 0 1  1.40000   2.564732926108648e-001   1.029804944586169e+000   2.646838790885611e+002   2.667108401441000e+003   1.975049762316726e-002  0.00045   4.529939249776237e-004   5.154932607533073e-003   4.837678915848687e-001   9.329824620608655e+001   1.026814559638960e-002 1633.000 2427.000   10.000     0 C:\Studies\double_stars\hip\20090306\g074a007.fit
  1  0 2009  3  6 18 51 57      0 2672.92514 2167.79323    0.00900    0.00872       56.9   0   1    4 0 1 0 0 1  1.40000   2.706417349913657e-001   1.031280011421258e+000   7.739232942857524e+001   2.313896635250923e+003   3.471036417547354e-003  0.00046   4.613811910286197e-004   4.981222532687599e-003   1.374967659553689e-001   7.073642780642437e+000   9.928455834425353e-003 2673.000 2168.000   10.000     0 C:\Studies\double_stars\hip\20090306\g074a007.fit
  1  0 2009  3  6 18 51 57      0 2601.37106 2855.06665    0.01452    0.01602      125.4   0   1    5 0 1 0 0 1  1.40000   2.362747756232763e-001   9.146047960386903e-001   8.788285605048603e+001   2.201748072444624e+003   2.250804311576594e-001  0.00059   5.870260814709431e-004   6.347518731819456e-003   2.221677521644294e-001   1.987301084034795e+001   1.274961702232346e-002 2601.000 2855.000   10.000     0 C:\Studies\double_stars\hip\20090306\g074a007.fit
  1  0 2009  3  6 18 51 57      0 2010.01256 1598.30558    0.05968    0.05826       27.0   0   1    6 0 1 0 0 1  1.40000   2.747132788149087e-001   1.027196248786183e+000   2.067522307961560e+001   2.257878255749723e+003   1.814563668074157e-001  0.00315   3.153538201988757e-003   3.314705889573485e-002   2.471590613499693e-001   3.250571428786957e+000   6.637723104180855e-002 2009.000 1598.000   10.000     0 C:\Studies\double_stars\hip\20090306\g074a007.fit
  1  0 2009  3  6 18 51 57      0 2294.18719  632.99744    0.01804    0.01765       34.1   0   1    7 0 1 0 0 1  1.40000   2.739614855646903e-001   1.022075625290225e+000   4.220469026592625e+001   2.269674550308938e+003   8.883303881384019e-002  0.00095   9.470222361747005e-004   9.990979051360158e-003   1.521111481869609e-001   4.194974622908384e+000   1.993739229380856e-002 2294.000  633.000   10.000     0 C:\Studies\double_stars\hip\20090306\g074a007.fit
  1  0 2009  3  6 18 51 57      0 1936.19536  873.86818    0.03588    0.03414       27.3   0   1    8 0 1 0 0 1  1.40000   2.667671648125155e-001   1.051877922681549e+000   2.696851205784424e+001   2.252225217223419e+003   1.226587110169752e-001  0.00179   1.788899162936024e-003   1.991750130237723e-002   1.883268294962624e-001   3.403889837564178e+000   3.977730066532609e-002 1936.000  874.000   10.000     0 C:\Studies\double_stars\hip\20090306\g074a007.fit
  1  0 2009  3  6 18 51 57      0  566.08825  929.25943    0.06127    0.05533       24.6   0   1    9 0 1 0 0 1  1.40000   2.775948288185743e-001   1.107426280202583e+000   1.984660394049624e+001   2.262783050812773e+003  -1.033751567149939e-001  0.00328   3.283508115215580e-003   3.702443281231878e-002   2.456883648571122e-001   2.848269170508791e+000   7.392684164636551e-002  566.000  930.000   10.000     0 C:\Studies\double_stars\hip\20090306\g074a007.fit
  1  0 2009  3  6 18 51 57      0  545.80868 1228.86367    0.02340    0.02264       33.9   0   1   10 0 1 0 0 1  1.40000   2.698794078163428e-001   1.034201890745671e+000   3.706610330003661e+001   2.265013973503088e+003   1.095981313071026e-001  0.00119   1.193657501036287e-003   1.292378840155052e-002   1.707943820784844e-001   4.219026368168913e+000   2.580203685704613e-002  546.000 1229.000   10.000     0 C:\Studies\double_stars\hip\20090306\g074a007.fit
  1  0 2009  3  6 18 51 57      0  503.84138  289.05675    0.04711    0.04691       25.5   0   1   11 0 1 0 0 1  1.40000   2.800760074863220e-001   1.004336514043790e+000   2.247463904599418e+001   2.251360223133284e+003   4.804427076263888e-002  0.00258   2.581215395961449e-003   2.620751821442860e-002   2.162115563634336e-001   3.088903795151469e+000   5.226369526233047e-002  504.000  289.000   10.000     0 C:\Studies\double_stars\hip\20090306\g074a007.fit
  1  0 2009  3  6 18 51 57      0  363.93328  343.96101    0.03478    0.03399       27.6   0   1   12 0 1 0 0 1  1.40000   2.680191151244481e-001   1.022820342866707e+000   2.735999318141588e+001   2.245525092327129e+003   4.333952510448290e-002  0.00175   1.752231592055262e-003   1.893890331418753e-002   1.861730111033665e-001   3.483039033340096e+000   3.775309704777919e-002  364.000  344.000   10.000     0 C:\Studies\double_stars\hip\20090306\g074a007.fit
  1  0 2009  3  6 18 51 57      0  216.62689 1008.68325    0.06256    0.05684       27.9   0   1   13 0 1 0 0 1  1.40000   2.600546792494277e-001   1.099555090303926e+000   2.090346708711806e+001   2.249412119381767e+003   8.088049398947085e-003  0.00297   2.969117874443262e-003   3.557743588559819e-002   2.481824860053149e-001   3.438144607461529e+000   7.088285447584064e-002  217.000 1008.000   10.000     0 C:\Studies\double_stars\hip\20090306\g074a007.fit
  1  0 2009  3  6 18 51 57      0   27.01120 1350.16883    0.02938    0.02809       27.4   0   1   14 0 1 0 0 1  1.40000   2.773484333118109e-001   1.046161897933424e+000   2.981063350379439e+001   2.253283088854900e+003   9.618285968962527e-002  0.00158   1.576560890088326e-003   1.681165835943838e-002   1.769885483602987e-001   3.274931878047223e+000   3.355728686258418e-002   27.000 1350.000   10.000     0 C:\Studies\double_stars\hip\20090306\g074a007.fit
  1  0 2009  3  6 18 51 57      0  221.20298 1927.01174    0.02380    0.02299       28.7   0   1   15 0 1 0 0 1  1.40000   2.709021454735753e-001   1.034874607545437e+000   3.382438350400580e+001   2.262234716227503e+003   5.725077307496389e-002  0.00122   1.223289080758176e-003   1.323068563361276e-002   1.590751220810888e-001   3.522520062628056e+000   2.638092206530047e-002  222.000 1927.000   10.000     0 C:\Studies\double_stars\hip\20090306\g074a007.fit
