  1  0 2009  3  6 18 49 32      0 2312.56157 1713.42769    0.01126    0.01110      283.0   0   1    1 0 1 0 0 1  1.40000   2.440269983178616e-001   1.013998466480562e+000   1.539803005077147e+002   2.275656935726371e+003  -2.091844015927796e-002  0.00048   4.773391839068196e-004   5.622961808050441e-003   3.100151767368420e-001   3.977181362891906e+001   1.119327358385423e-002 2312.000 1713.000   10.000     0 C:\Studies\double_stars\hip\20090306\g074a002.fit
  1  0 2009  3  6 18 49 32      0 2455.44892 2189.81019    0.01081    0.01048      445.6   0   1    2 0 1 0 0 1  1.40000   2.421148725203102e-001   1.029574229721906e+000   1.979517211140487e+002   2.344239511681510e+003  -9.281495286507433e-003  0.00045   4.505316629147732e-004   5.431549824013338e-003   3.794529104752639e-001   6.332592556756612e+001   1.081276681866510e-002 2455.000 2190.000   10.000     0 C:\Studies\double_stars\hip\20090306\g074a002.fit
  1  0 2009  3  6 18 49 32      0 1632.37896 2426.93188    0.01164    0.01159      785.2   0   1    3 0 1 0 0 1  1.40000   2.459313352937086e-001   1.004286018385813e+000   2.515117706125500e+002   2.850522910155044e+003  -2.992061340681477e-002  0.00050   5.007494643957906e-004   5.795813440081820e-003   5.277954731073307e-001   1.112415632633605e+002   1.154018532045618e-002 1632.000 2427.000   10.000     0 C:\Studies\double_stars\hip\20090306\g074a002.fit
  1  0 2009  3  6 18 49 32      0 2671.15193 2167.74083    0.01352    0.01317       72.5   0   1    4 0 1 0 0 1  1.40000   2.369567084956257e-001   1.026648043346840e+000   7.135912103452414e+001   2.261619685583200e+003   8.453357361224077e-003  0.00054   5.430628187789410e-004   6.672060619157445e-003   1.677792833749805e-001   1.043518538880484e+001   1.327626652870883e-002 2671.000 2167.000   10.000     0 C:\Studies\double_stars\hip\20090306\g074a002.fit
  1  0 2009  3  6 18 49 32      0 2599.56838 2855.09480    0.01466    0.01626      111.0   0   1    5 0 1 0 0 1  1.40000   2.156944257793390e-001   9.073716920298423e-001   8.241021027342679e+001   2.180253253960575e+003   1.645137038671328e-001  0.00050   5.043868023692379e-004   5.973668304427725e-003   1.929310209547993e-001   2.011551119278291e+001   1.193199586859564e-002 2599.000 2855.000   10.000     0 C:\Studies\double_stars\hip\20090306\g074a002.fit
  1  0 2009  3  6 18 49 32      0 2008.17634 1598.41993    0.08064    0.07838       28.6   0   1    9 0 1 0 0 1  1.40000   2.396972453364536e-001   1.028125388152222e+000   1.836512319829953e+001   2.266564691898780e+003  -8.325402465952340e-002  0.00331   3.305832252289343e-003   4.013999034138711e-002   2.601713611189756e-001   4.048960342211663e+000   7.997579528094405e-002 2009.000 1598.000   10.000     0 C:\Studies\double_stars\hip\20090306\g074a002.fit
  1  0 2009  3  6 18 49 32      0 2292.38457  633.07737    0.02076    0.02053       33.6   0   1   10 0 1 0 0 1  1.40000   2.433223824019202e-001   1.010589790693424e+000   3.903551949702296e+001   2.259788834423540e+003  -7.036571750589028e-002  0.00088   8.750676621492648e-004   1.029156470657093e-002   1.445206199749951e-001   4.797407830867945e+000   2.050175692559069e-002 2292.000  633.000   10.000     0 C:\Studies\double_stars\hip\20090306\g074a002.fit
  1  0 2009  3  6 18 49 32      0 1934.33433  873.86327    0.04220    0.04161       27.5   0   1   11 0 1 0 0 1  1.40000   2.376258870206420e-001   1.014229884819926e+000   2.480272656825029e+001   2.254514975340668e+003  -7.591163800485480e-002  0.00170   1.704146148408707e-003   2.059220116980100e-002   1.825323934277057e-001   4.016241897330731e+000   4.103005095488727e-002 1934.000  875.000   10.000     0 C:\Studies\double_stars\hip\20090306\g074a002.fit
  1  0 2009  3  6 18 49 32      0  564.44002  929.31268    0.08086    0.08050       26.3   0   1   12 0 1 0 0 1  1.40000   2.368345611803548e-001   1.005515731278765e+000   1.749165419474246e+001   2.265617502922672e+003  -1.197279366838194e-001  0.00325   3.248424452866616e-003   3.896928556269781e-002   2.458831579686753e-001   3.874540780912088e+000   7.772531616769601e-002  565.000  929.000   10.000     0 C:\Studies\double_stars\hip\20090306\g074a002.fit
  1  0 2009  3  6 18 49 32      0  543.99778 1228.80206    0.02476    0.02472       31.1   0   1   13 0 1 0 0 1  1.40000   2.487595644503916e-001   1.001206007756764e+000   3.425799589202695e+001   2.268348314836270e+003  -3.275513848641438e-002  0.00109   1.087768477251216e-003   1.240721844090533e-002   1.546095634328432e-001   4.358299170791717e+000   2.470916314425019e-002  544.000 1229.000   10.000     0 C:\Studies\double_stars\hip\20090306\g074a002.fit
  1  0 2009  3  6 18 49 32      0  502.15451  288.83731    0.09454    0.09096       42.2   0   1   14 0 1 0 0 1  1.40000   2.397172581714503e-001   1.040168295583850e+000   2.064601422595990e+001   2.257039308262883e+003   1.352699535562491e-001  0.00387   3.868299333853046e-003   4.738697009533848e-002   3.429803765785068e-001   6.050389981439776e+000   9.458816196109325e-002  502.000  289.000   10.000     0 C:\Studies\double_stars\hip\20090306\g074a002.fit
  1  0 2009  3  6 18 49 32      0  362.22119  343.79967    0.04311    0.04348       29.8   0   1   15 0 1 0 0 1  1.40000   2.508687744184650e-001   9.912593379817576e-001   2.537622286618906e+001   2.254109099921965e+003  -3.575376782684324e-002  0.00192   1.924972995568710e-003   2.155358998350741e-002   2.010355852631965e-001   4.163751096607243e+000   4.292795330187212e-002  362.000  344.000   10.000     0 C:\Studies\double_stars\hip\20090306\g074a002.fit
  1  0 2009  3  6 18 49 32      0  214.68156 1008.46568    0.06805    0.06963       27.2   0   1   16 0 1 0 0 1  1.40000   2.400327490428183e-001   9.785376208690976e-001   1.925106884339582e+001   2.248984721725056e+003   1.034564695754460e-001  0.00281   2.809976782674618e-003   3.239261979984755e-002   2.308608291344794e-001   3.979823175691288e+000   6.457720215803851e-002  214.000 1008.000   10.000     0 C:\Studies\double_stars\hip\20090306\g074a002.fit
  1  0 2009  3  6 18 49 32      0   25.14633 1350.02311    0.03915    0.03858       30.2   0   1   17 0 1 0 0 1  1.40000   2.422352532034458e-001   1.014268361945186e+000   2.698590004168478e+001   2.253357118231770e+003  -3.515218887355341e-002  0.00164   1.636391607007786e-003   1.942022350428468e-002   1.876661339713000e-001   4.343813576777444e+000   3.866409281750669e-002   25.000 1350.000   10.000     0 C:\Studies\double_stars\hip\20090306\g074a002.fit
  1  0 2009  3  6 18 49 32      0  219.51313 1926.91285    0.02961    0.02998       30.2   0   1   18 0 1 0 0 1  1.40000   2.374862133467295e-001   9.889995534178991e-001   3.083484596254372e+001   2.255471795999340e+003  -1.258007822858259e-004  0.00120   1.199758694100049e-003   1.416924079717420e-002   1.593184582884623e-001   4.395904875218179e+000   2.818966050908400e-002  219.000 1926.000   10.000     0 C:\Studies\double_stars\hip\20090306\g074a002.fit
