  1  0 2009  3  6 18 49  3      0 2312.32448 1713.86037    0.01286    0.01230      391.5   0   1    1 0 1 0 0 1  1.40000   2.754213137269557e-001   1.045067040427510e+000   1.703809677997208e+002   2.387451131730430e+003   4.915141197303855e-002  0.00068   6.811444128524438e-004   7.318176647099375e-003   4.399151803773447e-001   4.730184978174436e+001   1.459382700772409e-002 2312.000 1714.000   10.000     0 C:\Studies\double_stars\hip\20090306\g074a001.fit
  1  0 2009  3  6 18 49  3      0 2455.18551 2190.13311    0.01271    0.01217      641.9   0   1    2 0 1 0 0 1  1.40000   2.752196941763130e-001   1.043283782714644e+000   2.194241296118454e+002   2.480996207623226e+003   6.418824045285243e-003  0.00067   6.721093618360487e-004   7.218182720311772e-003   5.593287658474108e-001   7.758568440922291e+001   1.438895339832365e-002 2455.000 2190.000   10.000     0 C:\Studies\double_stars\hip\20090306\g074a001.fit
  1  0 2009  3  6 18 49  3      0 1632.21422 2427.31444    0.01607    0.01568     1221.6   0   1    3 0 1 0 0 1  1.40000   2.572778464867276e-001   1.022952633030797e+000   2.683027879991599e+002   2.317103566326607e+003   3.749219382929756e-002  0.00075   7.512194980407020e-004   8.463265702727884e-003   8.103961935198492e-001   1.577961170850258e+002   1.686027625318461e-002 1631.000 2427.000   10.000     0 C:\Studies\double_stars\hip\20090306\g074a001.fit
  1  0 2009  3  6 18 49  3      0 2670.83679 2168.15962    0.01467    0.01398       92.4   0   1    4 0 1 0 0 1  1.40000   2.618130979216309e-001   1.048920618509384e+000   7.763874325412576e+001   2.285718276703279e+003   2.638392048911198e-002  0.00071   7.064272680790511e-004   8.019106558882015e-003   2.177619405059129e-001   1.178194946664281e+001   1.597929769305511e-002 2671.000 2168.000   10.000     0 C:\Studies\double_stars\hip\20090306\g074a001.fit
  1  0 2009  3  6 18 49  3      0 2599.31263 2855.43343    0.01655    0.01864      146.6   0   1    5 0 1 0 0 1  1.40000   2.362502211552166e-001   8.968206038692939e-001   8.859861908673840e+001   2.166139125554605e+003   2.111517953930961e-001  0.00067   6.709903554419260e-004   7.125519192957315e-003   2.554691559575207e-001   2.335495002237313e+001   1.429670185113409e-002 2599.000 2855.000   10.000     0 C:\Studies\double_stars\hip\20090306\g074a001.fit
  1  0 2009  3  6 18 49  3      0 2007.99372 1598.81654    0.05861    0.05643       25.8   0   1    6 0 1 0 0 1  1.40000   2.564276874834837e-001   1.038841461897474e+000   2.045908386176050e+001   2.256470606327159e+003  -2.500581497538007e-002  0.00272   2.721013740413118e-003   3.123923641920889e-002   2.248649153335086e-001   3.333521860166821e+000   6.222631922720870e-002 2008.000 1598.000   10.000     0 C:\Studies\double_stars\hip\20090306\g074a001.fit
  1  0 2009  3  6 18 49  3      0 2292.10005  633.43274    0.02018    0.01929       39.1   0   1    7 0 1 0 0 1  1.40000   2.718091622216170e-001   1.045533135269118e+000   4.299645184445203e+001   2.270214660366196e+003   3.213631751900774e-002  0.00104   1.042484198411698e-003   1.135820354152017e-002   1.720038093833495e-001   4.800108062326208e+000   2.264537093767370e-002 2292.000  634.000   10.000     0 C:\Studies\double_stars\hip\20090306\g074a001.fit
  1  0 2009  3  6 18 49  3      0 1934.04239  874.26088    0.03857    0.03802       30.0   0   1    8 0 1 0 0 1  1.40000   2.610883574362960e-001   1.014422900055145e+000   2.704350328135737e+001   2.251612326819265e+003   4.480405087182209e-002  0.00185   1.852141870512815e-003   2.038411286235346e-002   1.990576525608916e-001   3.909786790791234e+000   4.062091591663210e-002 1934.000  874.000   10.000     0 C:\Studies\double_stars\hip\20090306\g074a001.fit
  1  0 2009  3  6 18 49  3      0  564.06247  929.44721    0.06316    0.06067       26.7   0   1    9 0 1 0 0 1  1.40000   2.824322720053179e-001   1.041333145782181e+000   2.004453982136527e+001   2.263182579500366e+003   7.720572410877305e-002  0.00351   3.510083894890757e-003   3.661140864004905e-002   2.604401704749993e-001   3.124666370459711e+000   7.305384837849586e-002  564.000  929.000   10.000     0 C:\Studies\double_stars\hip\20090306\g074a001.fit
  1  0 2009  3  6 18 49  3      0  543.71781 1229.09945    0.02275    0.02177       33.3   0   1   10 0 1 0 0 1  1.40000   2.708158410471597e-001   1.044331604789403e+000   3.739162124315995e+001   2.269070574011726e+003   1.174630479740443e-002  0.00117   1.167245732968600e-003   1.275307796554556e-002   1.680018453184609e-001   4.099960683267676e+000   2.541894789902571e-002  544.000 1229.000   10.000     0 C:\Studies\double_stars\hip\20090306\g074a001.fit
  1  0 2009  3  6 18 49  3      0  501.85590  289.33685    0.04682    0.04609       27.0   0   1   11 0 1 0 0 1  1.40000   2.843394630385039e-001   1.015835798202980e+000   2.329604648243418e+001   2.252122449401687e+003  -5.640759088951228e-002  0.00264   2.637272457577085e-003   2.666807823658157e-002   2.259268670303463e-001   3.209659442754986e+000   5.320389739762831e-002  502.000  290.000   10.000     0 C:\Studies\double_stars\hip\20090306\g074a001.fit
  1  0 2009  3  6 18 49  3      0  361.78384  344.29966    0.03747    0.03600       30.0   0   1   12 0 1 0 0 1  1.40000   2.650327050799975e-001   1.039979652949101e+000   2.761203329996380e+001   2.249276455671421e+003   1.220796865817028e-003  0.00185   1.846498447522369e-003   2.053006124173901e-002   2.001583472068709e-001   3.797296638472860e+000   4.091663103101015e-002  362.000  345.000   10.000     0 C:\Studies\double_stars\hip\20090306\g074a001.fit
  1  0 2009  3  6 18 49  3      0  214.38931 1008.73773    0.05379    0.05366       26.1   0   1   13 0 1 0 0 1  1.40000   2.828628792778246e-001   1.002480474436601e+000   2.128623225655183e+001   2.259262984044852e+003  -1.710264989714145e-002  0.00301   3.007112659776939e-003   3.019102267796817e-002   2.360912014257167e-001   3.085229303129048e+000   6.018742111304834e-002  215.000 1008.000   10.000     0 C:\Studies\double_stars\hip\20090306\g074a001.fit
  1  0 2009  3  6 18 49  3      0   24.86948 1350.35449    0.03165    0.03015       30.4   0   1   14 0 1 0 0 1  1.40000   2.732454571220730e-001   1.049525070974948e+000   3.028682317610467e+001   2.254869779804069e+003   3.173702557681619e-002  0.00165   1.651755781881756e-003   1.797080738764294e-002   1.909875407143883e-001   3.676196331266981e+000   3.582494584828799e-002   25.000 1350.000   10.000     0 C:\Studies\double_stars\hip\20090306\g074a001.fit
  1  0 2009  3  6 18 49  3      0  219.16245 1927.25729    0.02490    0.02353       31.8   0   1   15 0 1 0 0 1  1.40000   2.819725628345577e-001   1.057547312931495e+000   3.499919673024810e+001   2.272860780591776e+003   2.656600199928866e-003  0.00138   1.377914894718251e-003   1.463979891538023e-002   1.789230406028424e-001   3.709513334346257e+000   2.918988211261871e-002  219.000 1927.000   10.000     0 C:\Studies\double_stars\hip\20090306\g074a001.fit
