-0.0107484691117744 0.00411456654688193
-0.0403240217779744 -0.100063091034676
-0.0562423824364638 0.0962521128007036
0.012488937976625 0.0149339747625005
-0.0608850475606335 -0.0816493281238232
0.896445267432979 0.452491244356166
0.0389786881313906 0.130808194248301
-0.0102545717053341 -0.0299563219994974
0.00439880550202882 0.322030796407414
-0.106623688333138 -0.265074987262527
0.184989559228973 -0.279874104032428
-0.404032904038935 -0.0845941602393154
0.0210544698267557 0.245305465699006
0.0454396645468493 0.0332138795549566
0.206488604004406 0.0579192764161796
