2313.5295 1713.79516625 0.01054625 0.0102075
2456.37623375 2190.08692125 0.01066875 0.0102925
1633.331415 2427.2449925 0.01165625 0.01141875
2672.03844625 2168.05758875 0.01303875 0.0125575
2600.47792875 2855.36884125 0.015045 0.01667125
2009.16019375 1598.6684325 0.066155 0.065175
2293.330925 633.31761375 0.02598375 0.02544
1935.2905625 874.1708175 0.0387875 0.0379575
565.2637875 929.5507775 0.06986 0.06756875
544.88357375 1229.1035375 0.02429875 0.02351
503.02520875 289.25385875 0.056435 0.05447875
363.07687 344.1981525 0.0392725 0.03844375
215.60622375 1008.85880625 0.0633625 0.0619675
26.07305875 1350.37896375 0.0334525 0.03247
220.3313025 1927.2280175 0.02727375 0.0267175
