  1  0 2011 11 15  2 20 26      0 2341.49324 1664.07167    0.01157    0.01082      274.2   0   1    1 0 1 0 0 1  1.40000   2.151835458957454e-001   1.067248178785115e+000   1.517945429228768e+002   2.053420999300749e+003  -1.057446109676863e-001  0.00039   3.880147660763579e-004   5.447279689436781e-003   2.779195208593638e-001   4.427901024838690e+001   1.084641504531101e-002 2342.000 1664.000   10.000     0 C:\Studies\double_stars\hip\20111114\g074a008.fit
  1  0 2011 11 15  2 20 26      0 2485.14989 2139.72232    0.01035    0.00977      430.9   0   1    2 0 1 0 0 1  1.40000   2.164483518442337e-001   1.057983586240619e+000   2.006383928241264e+002   2.077899029781515e+003  -9.542303501225653e-002  0.00035   3.510688642359803e-004   4.858805802237754e-003   3.307801486563328e-001   7.012482724353600e+001   9.672797724873719e-003 2485.000 2140.000   10.000     0 C:\Studies\double_stars\hip\20111114\g074a008.fit
  1  0 2011 11 15  2 20 26      0 1662.76689 2379.14942    0.00960    0.00918      637.2   0   1    3 0 1 0 0 1  1.40000   2.145671316616995e-001   1.044493162386153e+000   2.526168684599276e+002   2.351816773384230e+003  -6.974053244169372e-002  0.00032   3.212100754185600e-004   4.432047180140728e-003   3.833572778524331e-001   1.054187696120920e+002   8.815071456706246e-003 1663.000 2379.000   10.000     0 C:\Studies\double_stars\hip\20111114\g074a008.fit
  1  0 2011 11 15  2 20 26      0 2701.01887 2117.60093    0.01235    0.01150       64.5   0   1    4 0 1 0 0 1  1.40000   2.113714818401050e-001   1.072258703797387e+000   7.134826946061021e+001   2.063134347026517e+003  -1.080106756418151e-001  0.00040   4.008219567929884e-004   5.755392105107091e-003   1.371376987795992e-001   1.075310313492363e+001   1.145908024897559e-002 2701.000 2118.000   10.000     0 C:\Studies\double_stars\hip\20111114\g074a008.fit
  1  0 2011 11 15  2 20 26      0 2630.75667 2804.84979    0.01217    0.01292       92.5   0   1    5 0 1 0 0 1  1.40000   1.895187346166262e-001   9.496483864421419e-001   8.396538928857743e+001   1.889588047514298e+003   9.795010289619172e-002  0.00033   3.333428314804390e-004   4.733775485473784e-003   1.441504699534926e-001   1.944517038092017e+001   9.398527328241578e-003 2631.000 2804.000   10.000     0 C:\Studies\double_stars\hip\20111114\g074a008.fit
  1  0 2011 11 15  2 20 26      0 2036.91207 1549.84985    0.06153    0.06073       22.6   0   1    6 0 1 0 0 1  1.40000   2.195108125223325e-001   1.014486729272805e+000   1.867168211709538e+001   2.040813755799204e+003  -3.575996250850578e-002  0.00216   2.156168272730860e-003   2.826502707361228e-002   1.858489030362381e-001   3.622660880619608e+000   5.619025128245608e-002 2037.000 1549.000   10.000     0 C:\Studies\double_stars\hip\20111114\g074a008.fit
  1  0 2011 11 15  2 20 26      0 2319.06743  583.84395    0.02026    0.01931       32.0   0   1    7 0 1 0 0 1  1.40000   2.175046622816691e-001   1.045946422638469e+000   3.899311359862026e+001   2.046064011867490e+003  -9.129413536327385e-002  0.00069   6.941092834528151e-004   9.452594790165407e-003   1.262686234512546e-001   5.119015544206005e+000   1.881587299067371e-002 2320.000  584.000   10.000     0 C:\Studies\double_stars\hip\20111114\g074a008.fit
  1  0 2011 11 15  2 20 26      0 1961.52770  825.58291    0.03610    0.03470       23.6   0   1    8 0 1 0 0 1  1.40000   2.243341122473170e-001   1.039850888761146e+000   2.500830670180149e+001   2.044790589050400e+003  -1.218053224791536e-001  0.00131   1.308886590257253e-003   1.714954736231748e-002   1.488522510241127e-001   3.679780603074502e+000   3.418900027237055e-002 1961.000  826.000   10.000     0 C:\Studies\double_stars\hip\20111114\g074a008.fit
  1  0 2011 11 15  2 20 26      0  591.90145  883.62866    0.06535    0.06072       22.6   0   1    9 0 1 0 0 1  1.40000   2.283750170623542e-001   1.075544385366821e+000   1.833441001800164e+001   2.050559488705308e+003  -1.193041931097598e-001  0.00244   2.439675110835225e-003   3.248223868371303e-002   2.008036289510677e-001   3.371984787176409e+000   6.476230670731734e-002  592.000  884.000   10.000     0 C:\Studies\double_stars\hip\20111114\g074a008.fit
  1  0 2011 11 15  2 20 26      0  571.90500 1183.30279    0.02465    0.02235       30.1   0   1   10 0 1 0 0 1  1.40000   2.204297063710248e-001   1.101070893847288e+000   3.468070633190154e+001   2.060900174699419e+003  -9.698658284726087e-002  0.00086   8.609826775230112e-004   1.217600224802979e-002   1.383992009214619e-001   4.618643201268106e+000   2.425005827351030e-002  572.000 1184.000   10.000     0 C:\Studies\double_stars\hip\20111114\g074a008.fit
  1  0 2011 11 15  2 20 26      0  528.22902  243.92713    0.04972    0.04801       22.6   0   1   11 0 1 0 0 1  1.40000   2.129221013498696e-001   1.032887614276813e+000   2.085443636010388e+001   2.034748341774354e+003  -6.573465380259137e-002  0.00164   1.642191104930027e-003   2.258379021315846e-002   1.625776275935240e-001   3.779460596852729e+000   4.490960760940678e-002  529.000  244.000   10.000     0 C:\Studies\double_stars\hip\20111114\g074a008.fit
  1  0 2011 11 15  2 20 26      0  388.34742  298.90042    0.03827    0.03574       25.9   0   1   12 0 1 0 0 1  1.40000   2.153623434283019e-001   1.070425317332168e+000   2.564897532724510e+001   2.038286976233203e+003  -1.482190759471419e-001  0.00129   1.285408168131123e-003   1.804062170984810e-002   1.555292663771937e-001   4.188405465336099e+000   3.598164085848839e-002  388.000  299.000   10.000     0 C:\Studies\double_stars\hip\20111114\g074a008.fit
  1  0 2011 11 15  2 20 26      0  242.35881  963.75417    0.05702    0.05282       21.7   0   1   13 0 1 0 0 1  1.40000   2.038460594882608e-001   1.076426941650048e+000   1.932315628570596e+001   2.031430187331786e+003  -1.258224272332920e-001  0.00173   1.734372263798084e-003   2.591032552120278e-002   1.655034531249474e-001   3.772433144693674e+000   5.159231482410628e-002  243.000  964.000   10.000     0 C:\Studies\double_stars\hip\20111114\g074a008.fit
  1  0 2011 11 15  2 20 26      0   53.40664 1305.76235    0.02989    0.02863       23.5   0   1   14 0 1 0 0 1  1.40000   2.148490426935119e-001   1.043090978319395e+000   2.746868758934840e+001   2.036186435158624e+003  -1.345427953486313e-001  0.00100   1.002295873726750e-003   1.375000585596632e-002   1.298593316966254e-001   3.873581410866125e+000   2.741051275417378e-002   54.000 1306.000   10.000     0 C:\Studies\double_stars\hip\20111114\g074a008.fit
  1  0 2011 11 15  2 20 26      0  248.83136 1881.83079    0.02629    0.02479       27.1   0   1   15 0 1 0 0 1  1.40000   2.109044326580952e-001   1.057871942318771e+000   3.160557681735715e+001   2.038917876730481e+003  -7.345757713759331e-002  0.00085   8.511072403618487e-004   1.210063383260839e-002   1.291036149781436e-001   4.578721360484144e+000   2.406552694782385e-002  249.000 1882.000   10.000     0 C:\Studies\double_stars\hip\20111114\g074a008.fit
