  1  0 2011 11 15  2 19  0      0 2341.85975 1664.04346    0.00866    0.00870      216.2   0   1    1 0 1 0 0 1  1.40000   2.226326816857579e-001   9.949108462728024e-001   1.529933010080817e+002   1.982036133595534e+003   2.852707563460289e-002  0.00031   3.109718292767075e-004   3.941688050977282e-003   2.171788740051402e-001   3.532293188434306e+001   7.837309573137993e-003 2342.000 1664.000   10.000     0 C:\Studies\double_stars\hip\20111114\g074a005.fit
  1  0 2011 11 15  2 19  0      0 2485.62554 2139.80487    0.00773    0.00756      326.4   0   1    2 0 1 0 0 1  1.40000   2.172375245381139e-001   1.021514684683508e+000   2.003334848125955e+002   1.950206376033606e+003   1.259462809253304e-002  0.00026   2.649873220213853e-004   3.535315721991107e-003   2.478799034120765e-001   5.417147101693645e+001   7.027193635127258e-003 2486.000 2140.000   10.000     0 C:\Studies\double_stars\hip\20111114\g074a005.fit
  1  0 2011 11 15  2 19  0      0 1663.08501 2379.16671    0.00709    0.00715      491.4   0   1    3 0 1 0 0 1  1.40000   2.219015277142216e-001   9.925650236717767e-001   2.546714817120586e+002   2.337844230168279e+003   4.362265170365475e-002  0.00025   2.534650466298184e-004   3.214989624146768e-003   2.953703967876057e-001   8.062829791421949e+001   6.393140068109495e-003 1663.000 2379.000   10.000     0 C:\Studies\double_stars\hip\20111114\g074a005.fit
  1  0 2011 11 15  2 19  0      0 2701.42819 2117.65194    0.00988    0.00962       53.6   0   1    4 0 1 0 0 1  1.40000   2.136381459278085e-001   1.026184006008035e+000   7.200915254318520e+001   2.025813412483421e+003   3.638725476076882e-002  0.00033   3.289737668481682e-004   4.483031998489986e-003   1.119700450049165e-001   8.858907233875039e+000   8.908561867775082e-003 2702.000 2117.000   10.000     0 C:\Studies\double_stars\hip\20111114\g074a005.fit
  1  0 2011 11 15  2 19  0      0 2631.15663 2804.86857    0.01119    0.01213       86.9   0   1    5 0 1 0 0 1  1.40000   1.925308638092986e-001   9.332678845909427e-001   8.437438541481589e+001   1.893001010032415e+003   1.574761944672759e-001  0.00032   3.160822107026744e-004   4.322472053374693e-003   1.353624265090258e-001   1.798658612609917e+001   8.615737413493823e-003 2631.000 2804.000   10.000     0 C:\Studies\double_stars\hip\20111114\g074a005.fit
  1  0 2011 11 15  2 19  0      0 2037.22858 1549.82813    0.05817    0.05690       22.5   0   1    6 0 1 0 0 1  1.40000   2.236998346756426e-001   1.020835307056234e+000   1.915144991123533e+001   2.042673070053545e+003   1.467643003289293e-004  0.00210   2.101505794616416e-003   2.720395072217225e-002   1.833463412314670e-001   3.586174786434457e+000   5.409596627475686e-002 2037.000 1550.000   10.000     0 C:\Studies\double_stars\hip\20111114\g074a005.fit
  1  0 2011 11 15  2 19  0      0 2319.40046  583.80270    0.01812    0.01804       30.0   0   1    7 0 1 0 0 1  1.40000   2.199659429269986e-001   1.003097338151398e+000   3.949815698896089e+001   2.034160540779569e+003   4.937169406256434e-002  0.00064   6.362214180008405e-004   8.226409974821167e-003   1.159472835037025e-001   4.957937601947000e+000   1.636018325534980e-002 2319.000  584.000   10.000     0 C:\Studies\double_stars\hip\20111114\g074a005.fit
  1  0 2011 11 15  2 19  0      0 1961.84665  825.54137    0.03592    0.03508       23.2   0   1    8 0 1 0 0 1  1.40000   2.159367962488270e-001   1.022204056516646e+000   2.476175420117264e+001   2.039940553596985e+003   2.544592486097037e-002  0.00122   1.217704695939766e-003   1.635300231371454e-002   1.415481694691034e-001   3.887237568440638e+000   3.250755800836871e-002 1962.000  826.000   10.000     0 C:\Studies\double_stars\hip\20111114\g074a005.fit
  1  0 2011 11 15  2 19  0      0  592.39489  883.80109    0.06301    0.06602       23.5   0   1    9 0 1 0 0 1  1.40000   2.412325563488259e-001   9.564440882620854e-001   1.847836393563957e+001   2.046001265263157e+003   4.726714199709584e-002  0.00263   2.634116956047278e-003   2.959864969010055e-002   2.064407986683405e-001   3.446079435251932e+000   5.891456980115687e-002  592.000  883.000   10.000     0 C:\Studies\double_stars\hip\20111114\g074a005.fit
  1  0 2011 11 15  2 19  0      0  572.40614 1183.40288    0.02083    0.02046       25.9   0   1   10 0 1 0 0 1  1.40000   2.117667325587803e-001   1.016625796255862e+000   3.439420483814710e+001   2.038015418128181e+003   8.802481230501777e-003  0.00068   6.832607703125431e-004   9.309217182483063e-003   1.118874424453206e-001   4.405125589606732e+000   1.849329656530838e-002  573.000 1183.000   10.000     0 C:\Studies\double_stars\hip\20111114\g074a005.fit
  1  0 2011 11 15  2 19  0      0  528.71774  244.06009    0.04881    0.05076       23.8   0   1   11 0 1 0 0 1  1.40000   2.313946530498073e-001   9.616289411243368e-001   2.116766582200584e+001   2.040136577769564e+003   2.543293624920955e-002  0.00189   1.886664893469687e-003   2.223536359241229e-002   1.759583244053171e-001   3.762162332848515e+000   4.422553300291999e-002  529.000  244.000   10.000     0 C:\Studies\double_stars\hip\20111114\g074a005.fit
  1  0 2011 11 15  2 19  0      0  388.90942  298.86295    0.03286    0.03279       23.1   0   1   12 0 1 0 0 1  1.40000   2.176685430944149e-001   9.994739733100957e-001   2.573517123916489e+001   2.034336867112818e+003   2.098641418388879e-002  0.00113   1.133034090179707e-003   1.476051684825046e-002   1.355152363662110e-001   3.826132482240193e+000   2.933838352969390e-002  388.000  299.000   10.000     0 C:\Studies\double_stars\hip\20111114\g074a005.fit
  1  0 2011 11 15  2 19  0      0  242.86615  963.90255    0.05363    0.05420       22.2   0   1   13 0 1 0 0 1  1.40000   2.168421365059579e-001   9.865427691188274e-001   1.972142062968902e+001   2.032949287631188e+003   4.629454268287534e-002  0.00184   1.839784883468307e-003   2.373872109580824e-002   1.688123545779926e-001   3.703051234209351e+000   4.718772224957758e-002  244.000  964.000   10.000     0 C:\Studies\double_stars\hip\20111114\g074a005.fit
  1  0 2011 11 15  2 19  0      0   53.94205 1305.89849    0.02877    0.02906       23.4   0   1   14 0 1 0 0 1  1.40000   2.217098817215893e-001   9.884920564972691e-001   2.761642622275407e+001   2.035963175939277e+003   8.132330204196758e-002  0.00103   1.026899192548776e-003   1.296755796373054e-002   1.296406911705940e-001   3.805911370830637e+000   2.580923197493697e-002   53.000 1306.000   10.000     0 C:\Studies\double_stars\hip\20111114\g074a005.fit
  1  0 2011 11 15  2 19  0      0  249.48013 1881.85574    0.02487    0.02451       26.0   0   1   15 0 1 0 0 1  1.40000   2.109681220030122e-001   1.012559849077403e+000   3.147648356085110e+001   2.038028598692086e+003   1.552990029848305e-002  0.00081   8.098016195971138e-004   1.103012017861461e-002   1.218367359056760e-001   4.517112818939126e+000   2.191339666121117e-002  250.000 1882.000   10.000     0 C:\Studies\double_stars\hip\20111114\g074a005.fit
