  1  0 2011 11 15  2 19 29      0 2342.30626 1664.64363    0.01059    0.01062      241.3   0   1    1 0 1 0 0 1  1.40000   2.111299578737198e-001   9.968455334292573e-001   1.463818352231952e+002   1.999173097656245e+003  -5.063148317762335e-002  0.00035   3.460518595569369e-004   4.633999098361869e-003   2.417531359960142e-001   4.265861421205008e+001   9.210121580104355e-003 2342.000 1665.000   10.000     0 C:\Studies\double_stars\hip\20111114\g074a006.fit
  1  0 2011 11 15  2 19 29      0 2486.07201 2140.35031    0.01006    0.00998      401.9   0   1    2 0 1 0 0 1  1.40000   2.097956585248238e-001   1.008069025981474e+000   1.944116746871366e+002   1.820584371769397e+003  -5.210743732533995e-002  0.00032   3.249093956129449e-004   4.428221116759295e-003   3.030884321242108e-001   7.038667635455231e+001   8.799421996612536e-003 2486.000 2140.000   10.000     0 C:\Studies\double_stars\hip\20111114\g074a006.fit
  1  0 2011 11 15  2 19 29      0 1663.53211 2379.68695    0.01056    0.01044      654.9   0   1    3 0 1 0 0 1  1.40000   2.049174565164003e-001   1.009539611273096e+000   2.426061000463871e+002   2.044502819186321e+003  -3.742117766837386e-002  0.00033   3.266364396272360e-004   4.566505631453138e-003   3.878547721399088e-001   1.196132391617672e+002   9.070129533196501e-003 1664.000 2380.000   10.000     0 C:\Studies\double_stars\hip\20111114\g074a006.fit
  1  0 2011 11 15  2 19 29      0 2701.84798 2118.15582    0.01265    0.01257       63.9   0   1    4 0 1 0 0 1  1.40000   2.063641455879991e-001   1.005884024291837e+000   6.910927346656415e+001   2.028508391455553e+003  -7.056983034642426e-002  0.00040   3.966827623493334e-004   5.482018352234150e-003   1.333469106204362e-001   1.154516367258984e+001   1.089569742689145e-002 2702.000 2118.000   10.000     0 C:\Studies\double_stars\hip\20111114\g074a006.fit
  1  0 2011 11 15  2 19 29      0 2631.50908 2805.34494    0.01226    0.01335       90.7   0   1    5 0 1 0 0 1  1.40000   1.891130471343997e-001   9.229232654635827e-001   8.227024959234944e+001   1.903039879197241e+003   1.108952082894784e-001  0.00034   3.353405093287492e-004   4.634655171222163e-003   1.420429965289942e-001   2.001481688929594e+001   9.204474694890079e-003 2632.000 2805.000   10.000     0 C:\Studies\double_stars\hip\20111114\g074a006.fit
  1  0 2011 11 15  2 19 29      0 2037.72340 1550.42809    0.06533    0.06563       22.5   0   1    6 0 1 0 0 1  1.40000   2.015175856731023e-001   9.940835502217950e-001   1.802622116196775e+001   2.033705019696368e+003  -1.090249053063341e-001  0.00197   1.966723570370884e-003   2.746130935929794e-002   1.754393525625116e-001   4.228883708639727e+000   5.463939052199406e-002 2037.000 1551.000   10.000     0 C:\Studies\double_stars\hip\20111114\g074a006.fit
  1  0 2011 11 15  2 19 29      0 2319.77549  584.34001    0.02272    0.02210       33.9   0   1    7 0 1 0 0 1  1.40000   2.101921423127318e-001   1.026758163669266e+000   3.776322576157057e+001   2.042289074737084e+003  -3.558194111032488e-002  0.00073   7.342919601343408e-004   1.017739418858102e-002   1.330477143599498e-001   5.834415417373607e+000   2.022139422577714e-002 2320.000  584.000   10.000     0 C:\Studies\double_stars\hip\20111114\g074a006.fit
  1  0 2011 11 15  2 19 29      0 1962.30990  826.04202    0.03638    0.03575       22.2   0   1    8 0 1 0 0 1  1.40000   2.201887674961573e-001   1.016834302810834e+000   2.404790118530456e+001   2.049288550569372e+003  -5.549643392311558e-002  0.00128   1.278483496316366e-003   1.673787430647976e-002   1.418612619592274e-001   3.618766941766314e+000   3.329019239942583e-002 1962.000  826.000   10.000     0 C:\Studies\double_stars\hip\20111114\g074a006.fit
  1  0 2011 11 15  2 19 29      0  592.67756  884.44472    0.06894    0.06816       22.1   0   1    9 0 1 0 0 1  1.40000   2.115071783273829e-001   1.009888862838723e+000   1.743464908888322e+001   2.044192783403683e+003  -3.616094864313547e-002  0.00226   2.255485891142653e-003   3.055173450740279e-002   1.875891684299228e-001   3.858848729298360e+000   6.071774230891709e-002  593.000  885.000   10.000     0 C:\Studies\double_stars\hip\20111114\g074a006.fit
  1  0 2011 11 15  2 19 29      0  572.69752 1183.92824    0.02526    0.02537       29.0   0   1   10 0 1 0 0 1  1.40000   2.014498501524795e-001   9.980340188726097e-001   3.297477330084503e+001   2.029179856142543e+003   2.304214287846459e-003  0.00076   7.623084645657910e-004   1.072370491795319e-002   1.242093859110209e-001   5.293351672232983e+000   2.128217709977456e-002  573.000 1183.000   10.000     0 C:\Studies\double_stars\hip\20111114\g074a006.fit
  1  0 2011 11 15  2 19 29      0  529.12865  244.41856    0.05278    0.05267       23.2   0   1   11 0 1 0 0 1  1.40000   2.191652177957634e-001   1.002432554185777e+000   2.036101969392698e+001   2.039805731746588e+003  -4.786076113887484e-002  0.00184   1.843760278385622e-003   2.391411467532260e-002   1.736108355540637e-001   3.825915613073128e+000   4.754734849396563e-002  529.000  244.000   10.000     0 C:\Studies\double_stars\hip\20111114\g074a006.fit
  1  0 2011 11 15  2 19 29      0  389.25918  299.41719    0.03652    0.03799       24.3   0   1   12 0 1 0 0 1  1.40000   2.093179257800023e-001   9.613946585623866e-001   2.480990166648538e+001   2.027641604550746e+003   2.159778064758866e-004  0.00118   1.181899723716164e-003   1.541022975041629e-002   1.401668872740436e-001   4.354857051507998e+000   3.059763676651802e-002  390.000  299.000   10.000     0 C:\Studies\double_stars\hip\20111114\g074a006.fit
  1  0 2011 11 15  2 19 29      0  243.07594  964.47600    0.05889    0.05770       21.7   0   1   13 0 1 0 0 1  1.40000   2.021474372856813e-001   1.018913729214263e+000   1.874892323362731e+001   2.034208198535804e+003  -5.865231284072432e-002  0.00178   1.776655259697299e-003   2.540187658263439e-002   1.650406292508499e-001   4.039326411184873e+000   5.046666931136733e-002  243.000  965.000   10.000     0 C:\Studies\double_stars\hip\20111114\g074a006.fit
  1  0 2011 11 15  2 19 29      0   54.30588 1306.28220    0.03146    0.03138       24.1   0   1   14 0 1 0 0 1  1.40000   2.153671600421921e-001   1.002227695295455e+000   2.687029079057513e+001   2.032929171609813e+003  -2.061474949360053e-002  0.00106   1.064924030099641e-003   1.406136508635958e-002   1.343020267650723e-001   4.080545078409910e+000   2.794156163448206e-002   54.000 1306.000   10.000     0 C:\Studies\double_stars\hip\20111114\g074a006.fit
  1  0 2011 11 15  2 19 29      0  249.60069 1882.37339    0.02730    0.02747       26.8   0   1   15 0 1 0 0 1  1.40000   2.144134562864070e-001   9.928457515250053e-001   3.036016768943937e+001   2.048996583856358e+003  -6.414934388278754e-002  0.00092   9.171896298943078e-004   1.203882862374573e-002   1.310816227150285e-001   4.608396780916538e+000   2.394169898048225e-002  249.000 1883.000   10.000     0 C:\Studies\double_stars\hip\20111114\g074a006.fit
