  1  0 2011 11 15  2 17  6      0 2340.63070 1664.94054    0.00810    0.00801      192.0   0   1    1 0 1 0 0 1  1.40000   2.172688558617375e-001   1.009082480965738e+000   1.496837316955150e+002   2.036754218415927e+003  -2.364964912269149e-002  0.00028   2.780006109492915e-004   3.663015142833461e-003   1.940787652664007e-001   3.211188040508004e+001   7.280960672182072e-003 2341.000 1665.000   10.000     0 C:\Studies\double_stars\hip\20111114\g074a001.fit
  1  0 2011 11 15  2 17  6      0 2484.32091 2140.61071    0.00764    0.00765      321.6   0   1    2 0 1 0 0 1  1.40000   2.233646883631105e-001   9.972845581267524e-001   1.987629164586769e+002   2.230812631706102e+003  -9.591251621975784e-003  0.00028   2.758591848760958e-004   3.493844657297430e-003   2.496784879772933e-001   5.230067445853000e+001   6.947159786808719e-003 2484.000 2141.000   10.000     0 C:\Studies\double_stars\hip\20111114\g074a001.fit
  1  0 2011 11 15  2 17  6      0 1661.89233 2380.02735    0.00825    0.00834      544.7   0   1    3 0 1 0 0 1  1.40000   2.163551086088222e-001   9.886920393395775e-001   2.485043089802032e+002   2.345440566493111e+003  -1.602423377499786e-002  0.00028   2.819401806518536e-004   3.655788747101394e-003   3.274383502530439e-001   9.328483649480123e+001   7.264753613676339e-003 1662.000 2380.000   10.000     0 C:\Studies\double_stars\hip\20111114\g074a001.fit
  1  0 2011 11 15  2 17  6      0 2700.12313 2118.45818    0.01158    0.01150       61.2   0   1    4 0 1 0 0 1  1.40000   2.158223432304434e-001   1.005995149910133e+000   7.060941426357250e+001   2.066067382765388e+003  -2.578286904182045e-002  0.00039   3.929338665753407e-004   5.195976950839271e-003   1.301403261345950e-001   1.040476178716357e+001   1.032828395871952e-002 2700.000 2119.000   10.000     0 C:\Studies\double_stars\hip\20111114\g074a001.fit
  1  0 2011 11 15  2 17  6      0 2629.86564 2805.64957    0.01177    0.01307       89.8   0   1    5 0 1 0 0 1  1.40000   1.976754646168938e-001   9.032175741992619e-001   8.301455160259735e+001   1.974364843839220e+003   1.280061857742210e-001  0.00035   3.480596794987690e-004   4.495586827687472e-003   1.434842384368443e-001   1.865171462392733e+001   8.946468811746530e-003 2629.000 2806.000   10.000     0 C:\Studies\double_stars\hip\20111114\g074a001.fit
  1  0 2011 11 15  2 17  6      0 2035.99968 1550.73501    0.05806    0.05710       21.9   0   1    6 0 1 0 0 1  1.40000   2.393123442808974e-001   1.015355547338514e+000   1.890341656461348e+001   2.048321222462799e+003   4.363878756727283e-002  0.00238   2.376595684484474e-003   2.857326072325677e-002   1.925256578667341e-001   3.113502711924547e+000   5.690560307345319e-002 2037.000 1552.000   10.000     0 C:\Studies\double_stars\hip\20111114\g074a001.fit
  1  0 2011 11 15  2 17  6      0 2318.18817  584.67890    0.01905    0.01926       29.3   0   1    7 0 1 0 0 1  1.40000   2.142042711706580e-001   9.880344892194398e-001   3.794996541621407e+001   2.037884372061799e+003  -1.855786173328414e-002  0.00064   6.390764815102655e-004   8.364426645476014e-003   1.143074983896385e-001   5.113442144213206e+000   1.662057665335861e-002 2318.000  585.000   10.000     0 C:\Studies\double_stars\hip\20111114\g074a001.fit
  1  0 2011 11 15  2 17  6      0 1960.71524  826.36862    0.03521    0.03583       23.2   0   1    8 0 1 0 0 1  1.40000   2.274004703669142e-001   9.829151978237448e-001   2.476255118745986e+001   2.039992194002649e+003  -3.533081888624281e-002  0.00132   1.316743127551403e-003   1.613973075850030e-002   1.459557791844223e-001   3.676936359614834e+000   3.209990917859423e-002 1961.000  826.000   10.000     0 C:\Studies\double_stars\hip\20111114\g074a001.fit
  1  0 2011 11 15  2 17  6      0  591.11494  884.62690    0.06135    0.06499       21.5   0   1    9 0 1 0 0 1  1.40000   2.337767627678542e-001   9.450656934391598e-001   1.788506045726882e+001   2.046589663136463e+003   4.590398276947572e-002  0.00243   2.425356278160591e-003   2.779543093979034e-002   1.887288145075120e-001   3.297696072768090e+000   5.529073874069447e-002  592.000  884.000   10.000     0 C:\Studies\double_stars\hip\20111114\g074a001.fit
  1  0 2011 11 15  2 17  6      0  570.99919 1184.16545    0.02283    0.02230       27.4   0   1   10 0 1 0 0 1  1.40000   2.144052528611516e-001   1.022464257449072e+000   3.382086816177949e+001   2.044442389958385e+003   2.128804416486492e-003  0.00076   7.644291167116608e-004   1.034476300515608e-002   1.220441906214912e-001   4.626617542158673e+000   2.055605726943950e-002  571.000 1184.000   10.000     0 C:\Studies\double_stars\hip\20111114\g074a001.fit
  1  0 2011 11 15  2 17  6      0  527.47927  244.70376    0.05168    0.05102       24.5   0   1   11 0 1 0 0 1  1.40000   2.209722089607381e-001   1.013140359520250e+000   2.120138284220321e+001   2.035342119016672e+003  -3.711199209075482e-002  0.00183   1.831641281930078e-003   2.381849797097687e-002   1.782739510071506e-001   3.902380191130485e+000   4.735400801702446e-002  527.000  244.000   10.000     0 C:\Studies\double_stars\hip\20111114\g074a001.fit
  1  0 2011 11 15  2 17  6      0  387.59581  299.68869    0.03450    0.03428       23.2   0   1   12 0 1 0 0 1  1.40000   2.160846941570859e-001   1.006517953042565e+000   2.521678909241203e+001   2.035933362575099e+003  -2.315370178105631e-002  0.00118   1.175802552078490e-003   1.553994468542372e-002   1.385857618367609e-001   3.819801484378421e+000   3.087990808625261e-002  387.000  299.000   10.000     0 C:\Studies\double_stars\hip\20111114\g074a001.fit
  1  0 2011 11 15  2 17  6      0  241.55972  964.78017    0.05820    0.06059       23.4   0   1   13 0 1 0 0 1  1.40000   2.103710177378445e-001   9.628366775971330e-001   1.928418399917430e+001   2.029793881490254e+003   6.123759526994794e-003  0.00190   1.903047398347851e-003   2.472469435704900e-002   1.745842798440556e-001   4.115137149385743e+000   4.909642596464136e-002  241.000  964.000   10.000     0 C:\Studies\double_stars\hip\20111114\g074a001.fit
  1  0 2011 11 15  2 17  6      0   52.63629 1306.58305    0.03225    0.03333       25.6   0   1   14 0 1 0 0 1  1.40000   2.223417033802027e-001   9.684881947288798e-001   2.710809156777953e+001   2.038070545308439e+003  -1.113878488696412e-002  0.00116   1.161368972655254e-003   1.435307573334696e-002   1.432845267413720e-001   4.174048204259644e+000   2.852694274433937e-002   52.000 1306.000   10.000     0 C:\Studies\double_stars\hip\20111114\g074a001.fit
  1  0 2011 11 15  2 17  6      0  248.04266 1882.66302    0.02402    0.02403       25.2   0   1   15 0 1 0 0 1  1.40000   2.154819889417027e-001   1.000799756441260e+000   3.145564106750895e+001   2.037747687385594e+003  -4.563229823710072e-002  0.00081   8.149926923318848e-004   1.073601646624126e-002   1.201372886992951e-001   4.223296165825654e+000   2.133879000802693e-002  248.000 1882.000   10.000     0 C:\Studies\double_stars\hip\20111114\g074a001.fit
