  1  0 2011 11 15  2 19 58      0 2342.10915 1663.84665    0.01298    0.01200      302.5   0   1    1 0 1 0 0 1  1.40000   2.116040428224154e-001   1.079517618359204e+000   1.509167376508856e+002   2.012031440844375e+003  -9.443594250805554e-002  0.00042   4.220214835921474e-004   6.098145909928038e-003   3.052698154996866e-001   5.000274047010277e+001   1.213535194873237e-002 2342.000 1664.000   10.000     0 C:\Studies\double_stars\hip\20111114\g074a007.fit
  1  0 2011 11 15  2 19 58      0 2485.83493 2139.52259    0.01327    0.01218      528.5   0   1    2 0 1 0 0 1  1.40000   2.056983643108634e-001   1.086864561106175e+000   1.980490592587881e+002   1.782069734822407e+003  -1.092347831503904e-001  0.00041   4.102808790580235e-004   6.138571315735754e-003   3.978489254262346e-001   8.782954864118116e+001   1.221129520629826e-002 2485.000 2139.000   10.000     0 C:\Studies\double_stars\hip\20111114\g074a007.fit
  1  0 2011 11 15  2 19 58      0 1663.38890 2378.90256    0.01399    0.01277      883.4   0   1    3 0 1 0 0 1  1.40000   2.047114340985383e-001   1.092149759509761e+000   2.494873393961849e+002   2.174847358534546e+003  -9.119063903554103e-002  0.00043   4.280178298475651e-004   6.471054377555685e-003   5.264246906325352e-001   1.512692323375869e+002   1.286911804612292e-002 1663.000 2379.000   10.000     0 C:\Studies\double_stars\hip\20111114\g074a007.fit
  1  0 2011 11 15  2 19 58      0 2701.70531 2117.39545    0.01528    0.01403       77.4   0   1    4 0 1 0 0 1  1.40000   2.016693433872533e-001   1.085437698599541e+000   7.063647704739921e+001   2.008198897101208e+003  -9.773451921849131e-002  0.00046   4.559686464812509e-004   6.953992078620788e-003   1.603947836913715e-001   1.336345556851928e+001   1.382521711228385e-002 2701.000 2117.000   10.000     0 C:\Studies\double_stars\hip\20111114\g074a007.fit
  1  0 2011 11 15  2 19 58      0 2631.38091 2804.59874    0.01394    0.01430      100.9   0   1    5 0 1 0 0 1  1.40000   1.786711970912097e-001   9.783604419948377e-001   8.278951801581812e+001   1.818224712745386e+003   7.266254158423367e-002  0.00034   3.432009677354361e-004   5.335382772437764e-003   1.536177092419616e-001   2.310149509750737e+001   1.057734836812718e-002 2631.000 2804.000   10.000     0 C:\Studies\double_stars\hip\20111114\g074a007.fit
  1  0 2011 11 15  2 19 58      0 2037.58817 1549.67139    0.06509    0.05713       22.2   0   1    6 0 1 0 0 1  1.40000   1.957616773097659e-001   1.133329707628467e+000   1.851656866242278e+001   2.034596324988296e+003  -8.540496623284054e-002  0.00183   1.831395433142845e-003   3.007091604826436e-002   1.739276422307620e-001   3.932851363282660e+000   5.975384283192999e-002 2038.000 1550.000   10.000     0 C:\Studies\double_stars\hip\20111114\g074a007.fit
  1  0 2011 11 15  2 19 58      0 2319.76860  583.65066    0.02324    0.02128       34.5   0   1    7 0 1 0 0 1  1.40000   2.012356234328175e-001   1.092525351946983e+000   3.828473978510345e+001   2.024359020344644e+003  -1.516560794942124e-001  0.00069   6.912879218765017e-004   1.060464529397434e-002   1.320918978395933e-001   5.930322137045466e+000   2.113261827930714e-002 2320.000  583.000   10.000     0 C:\Studies\double_stars\hip\20111114\g074a007.fit
  1  0 2011 11 15  2 19 58      0 1962.24324  825.39499    0.03796    0.03540       23.3   0   1    8 0 1 0 0 1  1.40000   2.042395809675329e-001   1.069130749157947e+000   2.451194740441433e+001   2.031454705261692e+003  -8.913569727090633e-002  0.00116   1.160538502709188e-003   1.721703631895174e-002   1.400229614500668e-001   3.993616971546427e+000   3.423867436412617e-002 1963.000  825.000   10.000     0 C:\Studies\double_stars\hip\20111114\g074a007.fit
  1  0 2011 11 15  2 19 58      0  592.54888  883.66434    0.06746    0.06541       22.7   0   1    9 0 1 0 0 1  1.40000   2.052286320818235e-001   1.036524376434036e+000   1.798864402838758e+001   2.037621847094540e+003  -2.357804217058081e-002  0.00210   2.103604963622898e-003   3.015622816578662e-002   1.839076568110029e-001   3.690164503559030e+000   5.988399641856194e-002  592.000  882.000   10.000     0 C:\Studies\double_stars\hip\20111114\g074a007.fit
  1  0 2011 11 15  2 19 58      0  572.57875 1183.11365    0.02572    0.02350       30.4   0   1   10 0 1 0 0 1  1.40000   2.081581957699160e-001   1.091472035864028e+000   3.413406895473973e+001   2.039002506959527e+003  -1.057257285412443e-001  0.00081   8.112571409695183e-004   1.204561020906325e-002   1.345329547356801e-001   5.051454728974329e+000   2.396927869592909e-002  572.000 1183.000   10.000     0 C:\Studies\double_stars\hip\20111114\g074a007.fit
  1  0 2011 11 15  2 19 58      0  528.84142  243.72402    0.05403    0.05196       24.8   0   1   11 0 1 0 0 1  1.40000   2.136815632232995e-001   1.039653334467829e+000   2.101185701298376e+001   2.033044191181692e+003   2.844189168229434e-002  0.00180   1.798140610870537e-003   2.482302070769734e-002   1.788033768574705e-001   4.072904503372279e+000   4.932756013525455e-002  529.000  243.000   10.000     0 C:\Studies\double_stars\hip\20111114\g074a007.fit
  1  0 2011 11 15  2 19 58      0  389.05718  298.66937    0.03733    0.03376       24.7   0   1   12 0 1 0 0 1  1.40000   2.160140168436975e-001   1.099764112084360e+000   2.559768751659070e+001   2.039251938816552e+003   4.419959759676145e-004  0.00126   1.256971672419539e-003   1.815897328745885e-002   1.514589422144151e-001   3.837105450659429e+000   3.609893110376402e-002  388.000  299.000   10.000     0 C:\Studies\double_stars\hip\20111114\g074a007.fit
  1  0 2011 11 15  2 19 58      0  243.03516  963.52630    0.06512    0.05906       23.4   0   1   13 0 1 0 0 1  1.40000   2.112520261945891e-001   1.096218908787646e+000   1.885821078571375e+001   2.043655229534535e+003   2.598462901029939e-002  0.00211   2.106417027628642e-003   3.101691092012522e-002   1.905027365192905e-001   3.758389786216503e+000   6.164716910820253e-002  242.000  964.000   10.000     0 C:\Studies\double_stars\hip\20111114\g074a007.fit
  1  0 2011 11 15  2 19 58      0   54.06529 1305.52344    0.03297    0.03114       25.5   0   1   14 0 1 0 0 1  1.40000   2.178412709829970e-001   1.058094806062431e+000   2.736389365362162e+001   2.038527301849115e+003  -7.754872257614490e-002  0.00113   1.132991349264209e-003   1.559324556908920e-002   1.446415893479527e-001   4.052816568666934e+000   3.102387881082278e-002   54.000 1305.000   10.000     0 C:\Studies\double_stars\hip\20111114\g074a007.fit
  1  0 2011 11 15  2 19 58      0  249.51832 1881.61632    0.02711    0.02472       26.8   0   1   15 0 1 0 0 1  1.40000   2.040779362217242e-001   1.094262752985167e+000   3.126588135826315e+001   2.037022508337755e+003  -7.568235374552178e-002  0.00083   8.259923560284981e-004   1.255892646980169e-002   1.274508144374014e-001   4.504401188448490e+000   2.496432704120631e-002  250.000 1881.000   10.000     0 C:\Studies\double_stars\hip\20111114\g074a007.fit
