  1  0 2011 11 15  2 18  3      0 2340.67444 1664.66171    0.01065    0.01044      230.2   0   1    1 0 1 0 0 1  1.40000   1.984214588246507e-001   1.019662210531705e+000   1.437526780275289e+002   1.775869912405808e+003  -4.435508276421383e-003  0.00031   3.115941655398022e-004   4.547132328894876e-003   2.247715775920768e-001   4.278447557234993e+001   9.022939982818829e-003 2341.000 1664.000   10.000     0 C:\Studies\double_stars\hip\20111114\g074a003.fit
  1  0 2011 11 15  2 18  3      0 2484.43926 2140.40469    0.00913    0.00881      337.0   0   1    2 0 1 0 0 1  1.40000   1.964406008272573e-001   1.034475393039626e+000   1.885435728205013e+002   1.648591448893899e+003  -2.787177857703807e-002  0.00026   2.618470911546090e-004   3.915397092710426e-003   2.502507934635230e-001   6.347159052286902e+001   7.769392060695872e-003 2484.000 2140.000   10.000     0 C:\Studies\double_stars\hip\20111114\g074a003.fit
  1  0 2011 11 15  2 18  3      0 1661.94222 2379.75924    0.01051    0.01012      618.1   0   1    3 0 1 0 0 1  1.40000   1.976764081364633e-001   1.035389478003392e+000   2.379331971674095e+002   2.050841739700752e+003  -1.958285706620445e-002  0.00030   3.041633980224354e-004   4.523552002662700e-003   3.656381465668024e-001   1.175434412689537e+002   8.978280196820539e-003 1662.000 2380.000   10.000     0 C:\Studies\double_stars\hip\20111114\g074a003.fit
  1  0 2011 11 15  2 18  3      0 2700.25925 2118.23089    0.01288    0.01228       60.5   0   1    4 0 1 0 0 1  1.40000   1.942195193186027e-001   1.046435364688497e+000   6.749112806481294e+001   2.011268120909710e+003   1.267206096963467e-002  0.00036   3.612349599736900e-004   5.527836059748724e-003   1.249376762947743e-001   1.160010321438712e+001   1.096677883410695e-002 2700.000 2118.000   10.000     0 C:\Studies\double_stars\hip\20111114\g074a003.fit
  1  0 2011 11 15  2 18  3      0 2629.97931 2805.48470    0.01247    0.01318       85.8   0   1    5 0 1 0 0 1  1.40000   1.767220487220547e-001   9.519158710936517e-001   8.017310367672543e+001   1.857974172050678e+003   1.047698143176423e-001  0.00030   3.030521851704860e-004   4.628020530111574e-003   1.319678527270070e-001   2.076781667294467e+001   9.181134190135876e-003 2630.000 2805.000   10.000     0 C:\Studies\double_stars\hip\20111114\g074a003.fit
  1  0 2011 11 15  2 18  3      0 2035.98541 1550.57583    0.07132    0.06892       22.5   0   1    6 0 1 0 0 1  1.40000   1.929346841118726e-001   1.042225649113656e+000   1.749585890408940e+001   2.038705173327676e+003   9.563635450580837e-002  0.00199   1.994027971875306e-003   3.052942126713872e-002   1.783120911746227e-001   4.026588216779423e+000   6.065263250947228e-002 2036.000 1549.000   10.000     0 C:\Studies\double_stars\hip\20111114\g074a003.fit
  1  0 2011 11 15  2 18  3      0 2318.27794  584.43168    0.02151    0.02074       30.2   0   1    7 0 1 0 0 1  1.40000   1.970472868670009e-001   1.035667492785365e+000   3.675177216064260e+001   2.030928613441310e+003  -1.626797458129178e-002  0.00062   6.200365710637325e-004   9.254306285943372e-003   1.152610102599236e-001   5.657596305368158e+000   1.836320544168581e-002 2318.000  584.000   10.000     0 C:\Studies\double_stars\hip\20111114\g074a003.fit
  1  0 2011 11 15  2 18  3      0 1960.85579  826.24354    0.04215    0.04056       23.9   0   1    8 0 1 0 0 1  1.40000   1.962855633065326e-001   1.037054929215757e+000   2.337346037446084e+001   2.036489735943620e+003  -1.550421861153161e-002  0.00121   1.205771966133996e-003   1.809126902856773e-002   1.431065695896432e-001   4.540927059687812e+000   3.589763645693074e-002 1961.000  826.000   10.000     0 C:\Studies\double_stars\hip\20111114\g074a003.fit
  1  0 2011 11 15  2 18  3      0  591.26899  884.52859    0.07120    0.06869       22.3   0   1    9 0 1 0 0 1  1.40000   2.105612812281837e-001   1.034976605626050e+000   1.732688293607098e+001   2.045784400026319e+003   1.216631155505776e-002  0.00231   2.309266972900569e-003   3.220490811671455e-002   1.914107007368588e-001   3.698514451505087e+000   6.402076533805549e-002  592.000  886.000   10.000     0 C:\Studies\double_stars\hip\20111114\g074a003.fit
  1  0 2011 11 15  2 18  3      0  571.19247 1184.02954    0.02663    0.02619       28.9   0   1   10 0 1 0 0 1  1.40000   1.953160199385161e-001   1.015112393097252e+000   3.221029961780693e+001   2.031716297505464e+003   2.147852984756121e-002  0.00076   7.572442450645067e-004   1.117443940071972e-002   1.240766486041991e-001   5.650316627460035e+000   2.217759555287988e-002  571.000 1185.000   10.000     0 C:\Studies\double_stars\hip\20111114\g074a003.fit
  1  0 2011 11 15  2 18  3      0  527.58081  244.42172    0.05288    0.04976       22.1   0   1   11 0 1 0 0 1  1.40000   1.965998557910613e-001   1.059571549581412e+000   2.019748253195199e+001   2.033682497317284e+003   3.514816345437968e-002  0.00151   1.513133712152434e-003   2.315385480923738e-002   1.551046133077391e-001   4.056893756339163e+000   4.595833540862835e-002  527.000  244.000   10.000     0 C:\Studies\double_stars\hip\20111114\g074a003.fit
  1  0 2011 11 15  2 18  3      0  387.67028  299.44492    0.03801    0.03741       23.2   0   1   12 0 1 0 0 1  1.40000   1.959410814092170e-001   1.014313073086864e+000   2.416738260832281e+001   2.027587851346715e+003  -2.943804205053218e-002  0.00109   1.087810031099817e-003   1.598984760767289e-002   1.331650499925427e-001   4.430439928753075e+000   3.172455699386402e-002  387.000  299.000   10.000     0 C:\Studies\double_stars\hip\20111114\g074a003.fit
  1  0 2011 11 15  2 18  3      0  241.70127  964.54408    0.06149    0.06229       22.3   0   1   13 0 1 0 0 1  1.40000   1.977871937012454e-001   9.885045402697655e-001   1.848534329377785e+001   2.031928033682736e+003  -4.687071538177996e-002  0.00180   1.796810247107285e-003   2.548847148646811e-002   1.666373953643266e-001   4.302524065487337e+000   5.059040425997839e-002  242.000  964.000   10.000     0 C:\Studies\double_stars\hip\20111114\g074a003.fit
  1  0 2011 11 15  2 18  3      0   52.77066 1306.38769    0.03823    0.03598       26.7   0   1   14 0 1 0 0 1  1.40000   1.984846313104188e-001   1.058349065148456e+000   2.607425509239521e+001   2.030500217952867e+003  -4.524007720863116e-003  0.00111   1.112132834045879e-003   1.683987859776775e-002   1.459667399810155e-001   4.802685633385331e+000   3.342225799164593e-002   52.000 1306.000   10.000     0 C:\Studies\double_stars\hip\20111114\g074a003.fit
  1  0 2011 11 15  2 18  3      0  248.19912 1882.40764    0.03123    0.03048       29.2   0   1   15 0 1 0 0 1  1.40000   1.944150712971532e-001   1.023539841962105e+000   2.993850676271529e+001   2.031449860398781e+003   3.023566504688036e-002  0.00088   8.805941784394025e-004   1.316486226482564e-002   1.346377363572058e-001   5.660088106887660e+000   2.611918120341968e-002  248.000 1882.000   10.000     0 C:\Studies\double_stars\hip\20111114\g074a003.fit
