-0.00844766164619655 0.0283670242645225
0.0430071566590573 0.133458259240167
-0.00167898213071637 -0.122181863764731
-0.124583714884275 -0.0949238835159728
-0.0820261824607398 -0.0436478268159518
0.950585727804338 0.221745435522224
0.0770360602932773 0.126432157564288
0.0226775301427627 -0.174059026627439
-0.179701275019353 0.331141849328029
-0.0449186632500946 -0.270736258587403
0.134843135551261 -0.461704901575264
-0.417859021710162 0.0249137947126586
-0.0734778936344952 0.246807296807264
0.0551542570791934 0.00748941177951879
0.184710989514618 0.313042438581491
