2341.35668 1664.45415125 0.0101975 0.00988
2485.07463875 2140.153385 0.009445 0.0091225
1662.61589375 2379.53312 0.0097675 0.0094925
2700.89287 2117.99766375 0.01242875 0.01195875
2630.61638 2805.2168875 0.01224 0.0131075
2036.7304675 1550.26677 0.0643275 0.0616925
2318.933695 584.2085575 0.0210525 0.02035375
1961.41999875 825.951085 0.03855375 0.03756875
591.8493025 884.173445 0.06709875 0.066595
571.83246125 1183.74175875 0.02428875 0.02338875
528.18451625 244.2982725 0.05273375 0.0521975
388.32401625 299.2500075 0.03756 0.03656125
242.2953275 964.24413875 0.06027375 0.05901875
53.36786125 1306.15691 0.03343375 0.0325375
248.80892625 1882.21425375 0.02711375 0.02648375
