  1  0 2010  1  1 23  7  3      0 2525.14405 1558.96248    0.01993    0.01950       70.4   0   1    1 0 1 0 0 1  1.40000   1.237719845599263e-001   1.016043465567889e+000   6.061970567047510e+001   3.665079457384220e+003   1.258399830421897e-001  0.00027   2.717336215002060e-004   6.352168194360664e-003   1.116871411164901e-001   3.408336130770113e+001   1.252450849238971e-002 2525.000 1559.000   10.000     0 C:\Studies\double_stars\hip\20100101\g074a008.fit
  1  0 2010  1  1 23  7  3      0 2668.47378 2034.87247    0.01642    0.01632       94.8   0   1    2 0 1 0 0 1  1.40000   1.264343499338723e-001   1.003481228444404e+000   7.724430811991269e+001   3.651252617470335e+003   7.465674166323169e-002  0.00023   2.313109630535031e-004   5.236987352492833e-003   1.193421291174850e-001   4.283302197314879e+001   1.028802987980525e-002 2668.000 2036.000   10.000     0 C:\Studies\double_stars\hip\20100101\g074a008.fit
  1  0 2010  1  1 23  7  3      0 1845.92225 2273.34061    0.01262    0.01257      114.3   0   1    3 0 1 0 0 1  1.40000   1.240886420055723e-001   9.939903062537859e-001   9.741113652860791e+001   3.526498857685064e+003   1.106735022799629e-001  0.00017   1.720144470327602e-004   3.924341523055880e-003   1.121836412744722e-001   5.208615786947415e+001   7.751390225762319e-003 1845.000 2273.000   10.000     0 C:\Studies\double_stars\hip\20100101\g074a008.fit
  1  0 2010  1  1 23  7  3      0 2884.20621 2012.52942    0.06609    0.06572       50.7   0   1    4 0 1 0 0 1  1.40000   1.243782387161438e-001   1.004959455948889e+000   2.834766769974051e+001   3.786123305531894e+003   1.513156354363393e-001  0.00090   9.045837641444987e-004   2.076471934465257e-002   1.719087933601182e-001   2.291003982317092e+001   4.093085215343749e-002 2885.000 2012.000   10.000     0 C:\Studies\double_stars\hip\20100101\g074a008.fit
  1  0 2010  1  1 23  7  3      0 2813.39567 2699.74068    0.04763    0.04718       51.0   0   1    5 0 1 0 0 1  1.40000   1.176056873025848e-001   9.487481237449789e-001   3.487109939699192e+001   3.734570489668850e+003   1.547667938561553e-001  0.00057   5.744376836886720e-004   1.315294798434083e-002   1.320605180240142e-001   2.256642270463014e+001   2.598992265903284e-002 2811.000 2700.000   10.000     0 C:\Studies\double_stars\hip\20100101\g074a008.fit
  1  0 2010  1  1 23  7  3      0 2224.85454 1445.36195    0.07780    0.37175       48.7   0   1    6 0 1 0 0 1  1.40000   2.280622491167010e+000   7.842971916715250e-001   1.639777726769699e+001   3.834279250332767e+003  -1.508956730825272e+000  0.25637   2.563662014563950e-001   1.659419606211374e-002   4.656436178308366e+000   2.942518837603410e+000   2.155463696242991e-001 2225.000 1446.000   10.000     0 C:\Studies\double_stars\hip\20100101\g074a008.fit
  1  0 2010  1  1 23  7  3      0 2503.70759  478.59388    0.23184    0.22359       47.2   0   1    7 0 1 0 0 1  1.40000   1.147156707102588e-001   1.074856386341525e+000   1.538828438052096e+001   3.808276983441586e+003   5.827865732168847e-002  0.00271   2.713366532846187e-003   7.254305999280843e-002   2.841136787753162e-001   1.668166076152275e+001   1.439338019259446e-001 2505.000  476.000   10.000     0 C:\Studies\double_stars\hip\20100101\g074a008.fit
  1  0 2010  1  1 23  7  3      0 2146.08129  719.20746    0.42056    0.75991       47.9   0   1    8 0 1 0 0 1  1.40000   1.708260270815938e-001   6.767374558554106e-001   9.711897141923364e+000   3.833944694647315e+003   3.739533816880579e-001  0.01073   1.073165112525824e-002   1.130480422048269e-001   5.095697076582229e-001   1.265218246254805e+001   2.358761932302429e-001 2146.000  723.000   10.000     0 C:\Studies\double_stars\hip\20100101\g074a008.fit
  1  0 2010  1  1 23  7  3      0  771.79319  777.66418    0.63872    3.98747       49.4   0   1    9 0 1 0 0 1  1.40000   2.684312564670615e-001   4.177866341360833e-001   7.062320353668267e+000   3.836064777069186e+003  -6.126703163512990e-001  0.03849   3.849053817804950e-002   8.501068136103017e-002   7.834857839786094e-001   7.042973093324542e+000   2.444347766538708e-001  768.000  774.000   10.000     0 C:\Studies\double_stars\hip\20100101\g074a008.fit
  1  0 2010  1  1 23  7  3      0  756.09662 1076.53799    0.27055    0.29162       48.5   0   1   10 0 1 0 0 1  1.40000   1.498793341683227e-001   9.655468101894330e-001   1.370705381412548e+001   3.838900665342274e+003   5.040749476519946e-001  0.00487   4.867029676872444e-003   8.348453734582509e-002   3.788329891813720e-001   1.188067185891524e+001   1.710424591890548e-001  753.000 1079.000   10.000     0 C:\Studies\double_stars\hip\20100101\g074a008.fit
  1  0 2010  1  1 23  7  3      0  714.35431  135.71205    0.48461    0.83991       46.7   0   1   11 0 1 0 0 1  1.40000   5.991671210858189e-002   7.378442098178173e-001   1.294431225182722e+001   3.689502026634240e+003   2.373019135594466e-001  0.00307   3.072837540742226e-003   1.135369505243721e-001   2.243331109976778e-001   2.296300639698161e+002   2.265344714622175e-001  714.000  135.000   10.000     0 C:\Studies\double_stars\hip\20100101\g074a008.fit
  1  0 2010  1  1 23  7  3      0  573.28623  192.46106    0.44346    0.45647       47.0   0   1   12 0 1 0 0 1  1.40000   1.439675770812033e-001   9.721552334398561e-001   1.033876664221584e+001   3.768023474881371e+003  -2.670698847757911e-001  0.00760   7.595796969711019e-003   1.434433813608450e-001   4.789101089233273e-001   1.455667914998216e+001   2.861973420056577e-001  575.000  194.000   10.000     0 C:\Studies\double_stars\hip\20100101\g074a008.fit
  1  0 2010  1  1 23  7  3      0  427.44777  857.84079    0.73260    0.77909       45.0   0   1   13 0 1 0 0 1  1.40000   2.079657248718834e-001   9.789677301690928e-001   7.574277811214066e+000   3.826285035692950e+003   6.033579304913758e-001  0.02383   2.383164353811723e-002   2.878589497405217e-001   8.433063103446212e-001   6.570895444623600e+000   6.126207469311384e-001  430.000  860.000   10.000     0 C:\Studies\double_stars\hip\20100101\g074a008.fit
  1  0 2010  1  1 23  7  3      0  237.68813 1199.06167    0.37019    0.39780       49.5   0   1   14 0 1 0 0 1  1.40000   1.482109426652840e-001   9.395551957308711e-001   1.143110382188796e+001   3.804756868355514e+003   1.158445581118746e-001  0.00675   6.748833501817492e-003   1.214402198007387e-001   4.620987489056963e-001   1.514960692802251e+001   2.399647010242730e-001  239.000 1198.000   10.000     0 C:\Studies\double_stars\hip\20100101\g074a008.fit
  1  0 2010  1  1 23  7  3      0  432.37826 1775.32754    0.30286    0.29170       44.6   0   1   15 0 1 0 0 1  1.40000   1.379535076711447e-001   1.031617453247802e+000   1.238170983153357e+001   3.813761677307084e+003   1.838621653255687e-001  0.00479   4.788381572184950e-003   1.012920628895416e-001   3.769559916073921e-001   1.443737430773616e+001   2.005760151829493e-001  431.000 1777.000   10.000     0 C:\Studies\double_stars\hip\20100101\g074a008.fit
  1  0 2010  1  1 23  7  3      0   -1.00000   -1.00000 C:\Studies\double_stars\hip\20100101\g074a008.fit
