  1  0 2010  1  1 23  4 39      0 2523.37124 1560.08666    0.01421    0.01481      100.9   0   1    1 0 1 0 0 1  1.40000   1.547995505288080e-001   9.604558984518791e-001   8.254489844051874e+001   3.645188333877949e+003  -4.918300863207990e-002  0.00028   2.772497634177431e-004   4.896499082401121e-003   1.360810589466022e-001   3.172046964655025e+001   9.662903945506665e-003 2523.000 1560.000   10.000     0 C:\Users\akhodyre\Studies\hip\20100101\g074a003.fit
  1  0 2010  1  1 23  4 39      0 2666.73884 2035.96773    0.01155    0.01207      135.1   0   1    2 0 1 0 0 1  1.40000   1.543125902394274e-001   9.579473476548109e-001   1.058488219173590e+002   3.560829595958657e+003  -5.657632242834015e-002  0.00022   2.243807725804538e-004   3.964321826531795e-003   1.415002189669261e-001   4.313281954602304e+001   7.825835774111138e-003 2667.000 2036.000   10.000     0 C:\Users\akhodyre\Studies\hip\20100101\g074a003.fit
  1  0 2010  1  1 23  4 39      0 1844.22482 2274.46769    0.01116    0.01174      205.1   0   1    3 0 1 0 0 1  1.40000   1.551196595620520e-001   9.570981092317804e-001   1.326221811171043e+002   3.738777347427769e+003  -6.892861564704435e-002  0.00022   2.190380189633392e-004   3.844341616158418e-003   1.721394103957198e-001   6.326263415132181e+001   7.591561416314354e-003 1844.000 2274.000   10.000     0 C:\Users\akhodyre\Studies\hip\20100101\g074a003.fit
  1  0 2010  1  1 23  4 39      0 2882.44325 2013.79198    0.03369    0.03506       51.1   0   1    4 0 1 0 0 1  1.40000   1.534349861384664e-001   9.604207714588245e-001   3.820376097250141e+001   3.716530673307380e+003  -1.093291877418435e-001  0.00065   6.474842874560855e-004   1.150792359725003e-002   1.478064175047040e-001   1.630451895431317e+001   2.277414382030236e-002 2883.000 2014.000   10.000     0 C:\Users\akhodyre\Studies\hip\20100101\g074a003.fit
  1  0 2010  1  1 23  4 39      0 2811.71595 2700.96080    0.02389    0.02659       54.2   0   1    5 0 1 0 0 1  1.40000   1.427771581219409e-001   9.022879311659824e-001   4.655894876022924e+001   3.657645086512250e+003   4.990585780223866e-002  0.00042   4.169687164599430e-004   7.514363076236726e-003   1.190373923455450e-001   2.110079861425346e+001   1.479056710635727e-002 2811.000 2701.000   10.000     0 C:\Users\akhodyre\Studies\hip\20100101\g074a003.fit
  1  0 2010  1  1 23  4 39      0 2218.74284 1446.44955    0.40850    0.38718       42.6   0   1    6 0 1 0 0 1  1.40000   1.084545887648589e-001   1.088132733377335e+000   1.096753994512000e+001   3.709737700773539e+003   2.542603994891668e-001  0.00447   4.465977329663484e-003   1.267551587513828e-001   3.483368583142671e-001   1.906730707113270e+001   2.541958018718900e-001 2219.000 1449.000   10.000     0 C:\Users\akhodyre\Studies\hip\20100101\g074a003.fit
  1  0 2010  1  1 23  4 39      0 2501.71354  479.77919    0.11394    0.12554       48.8   0   1    7 0 1 0 0 1  1.40000   1.428390948808992e-001   9.470197932913502e-001   2.047449656819140e+001   3.728152723197447e+003  -1.479444697906904e-001  0.00199   1.985055595000964e-003   3.726321914801315e-002   2.478496868423724e-001   1.528008960048471e+001   7.408599020236517e-002 2502.000  478.000   10.000     0 C:\Users\akhodyre\Studies\hip\20100101\g074a003.fit
  1  0 2010  1  1 23  4 39      0 2144.10201  721.03020    0.22624    0.21739       45.0   0   1    8 0 1 0 0 1  1.40000   1.882828554288304e-001   1.047812929820289e+000   1.392469139460156e+001   3.763828328097236e+003   2.915915012930212e-001  0.00604   6.041468720458315e-003   9.365714717509785e-002   4.379647105398674e-001   8.312555980824673e+000   1.889006216292833e-001 2143.000  720.000   10.000     0 C:\Users\akhodyre\Studies\hip\20100101\g074a003.fit
  1  0 2010  1  1 23  4 39      0  775.92012  777.90906    2.20472    4.63307       47.9   0   1    9 0 1 0 0 1  1.40000   8.047494292242273e-002   1.121485486737774e+000   9.216846006200097e+000   3.731653186163545e+003  -2.245339861971409e-001  0.00570   5.697544485224360e-003   3.169914984147504e-001   4.883716174964831e-001   1.330413843850431e+001   4.949392918718157e-001  775.000  788.000   10.000     0 C:\Users\akhodyre\Studies\hip\20100101\g074a003.fit
  1  0 2010  1  1 23  4 39      0  754.03972 1078.12307    0.14087    0.13364       47.5   0   1   10 0 1 0 0 1  1.40000   1.425449667757606e-001   1.049131684146791e+000   1.849632966097249e+001   3.735982907602153e+003   1.624847623909323e-001  0.00236   2.361987912457038e-003   4.927344515156258e-002   2.774542783077507e-001   1.603423366263739e+001   9.775519998126747e-002  754.000 1079.000   10.000     0 C:\Users\akhodyre\Studies\hip\20100101\g074a003.fit
  1  0 2010  1  1 23  4 39      0  711.33785  139.38477    0.32735    0.50476       42.9   0   1   11 0 1 0 0 1  1.40000   1.675783344725598e-001   7.817949908927817e-001   1.101810485415659e+001   3.709863631102156e+003  -1.697763190017452e-001  0.00773   7.726292385676655e-003   1.006970093632645e-001   4.238774065134317e-001   9.141564763294078e+000   2.062667904477078e-001  712.000  135.000   10.000     0 C:\Users\akhodyre\Studies\hip\20100101\g074a003.fit
  1  0 2010  1  1 23  4 39      0  570.79947  193.75948    0.28612    0.29869       43.6   0   1   12 0 1 0 0 1  1.40000   1.164236536529382e-001   1.004330928106406e+000   1.281555817120895e+001   3.670946998234601e+003  -1.222731390118548e-001  0.00358   3.579735532406069e-003   8.788205902773469e-002   3.115586831071972e-001   1.937629686559765e+001   1.736779032801913e-001  571.000  192.000   10.000     0 C:\Users\akhodyre\Studies\hip\20100101\g074a003.fit
  1  0 2010  1  1 23  4 39      0  424.71993  858.46321    0.37486    0.28658       46.2   0   1   13 0 1 0 0 1  1.40000   2.378728940391484e-001   1.363678133888814e+000   1.148326357849157e+001   3.749544162369218e+003  -7.976892657652713e-001  0.01497   1.497021939202029e-002   2.223727826336698e-001   7.475927717817315e-001   5.429300137245309e+000   4.689153426355258e-001  425.000  858.000   10.000     0 C:\Users\akhodyre\Studies\hip\20100101\g074a003.fit
  1  0 2010  1  1 23  4 39      0  235.84012 1199.97376    0.23375    0.19872       44.2   0   1   14 0 1 0 0 1  1.40000   1.222437141947144e-001   1.114705822806410e+000   1.472437755178875e+001   3.706622746579607e+003   1.728520442352646e-001  0.00292   2.921580584359422e-003   7.574891287883408e-002   2.954651876784095e-001   1.674523111878000e+001   1.494271371680553e-001  234.000 1201.000   10.000     0 C:\Users\akhodyre\Studies\hip\20100101\g074a003.fit
  1  0 2010  1  1 23  4 39      0  431.03505 1776.69706    0.15182    0.16753       47.6   0   1   15 0 1 0 0 1  1.40000   1.458230357847095e-001   8.917494229885536e-001   1.755895736374740e+001   3.699854807194944e+003   2.012494717786478e-002  0.00269   2.689516589299545e-003   4.687312857706358e-002   2.804720313884320e-001   1.476239564123626e+001   9.255808446515895e-002  429.000 1778.000   10.000     0 C:\Users\akhodyre\Studies\hip\20100101\g074a003.fit
