  1  0 2010  1  1 23  6 34      0 2526.07996 1559.16291    0.01590    0.01679       80.5   0   1    1 0 1 0 0 1  1.40000   1.317756703767613e-001   9.522737596922853e-001   7.092339177162242e+001   3.495404307922974e+003  -2.070719773739729e-002  0.00024   2.431254040334876e-004   5.016122487766842e-003   1.116992637846528e-001   3.635425745918368e+001   9.846987313603565e-003 2526.000 1559.000   10.000     0 C:\Studies\double_stars\hip\20100101\g074a007.fit
  1  0 2010  1  1 23  6 34      0 2669.48808 2034.96909    0.01409    0.01455      115.8   0   1    2 0 1 0 0 1  1.40000   1.324780524302595e-001   9.661027340860728e-001   9.070864372639653e+001   3.503757401050278e+003  -3.031298231654600e-002  0.00022   2.153782991930805e-004   4.482786765169819e-003   1.266747941746784e-001   5.053580114308131e+001   8.804142729841893e-003 2669.000 2035.000   10.000     0 C:\Studies\double_stars\hip\20100101\g074a007.fit
  1  0 2010  1  1 23  6 34      0 1846.98727 2273.46641    0.01076    0.01147      140.5   0   1    3 0 1 0 0 1  1.40000   1.336766536059577e-001   9.487227402818366e-001   1.136008261340073e+002   3.621800541178292e+003  -4.275396548091007e-002  0.00017   1.683521386375020e-004   3.408874189131338e-003   1.227129621437857e-001   6.014583865051635e+001   6.699652772507044e-003 1847.000 2273.000   10.000     0 C:\Studies\double_stars\hip\20100101\g074a007.fit
  1  0 2010  1  1 23  6 34      0 2885.22772 2012.75299    0.04814    0.04881       50.5   0   1    4 0 1 0 0 1  1.40000   1.277836624346149e-001   9.891818302939385e-001   3.290891568994793e+001   3.593791610122097e+003  -2.578749035175906e-002  0.00069   6.897544480781942e-004   1.524120231242950e-002   1.496507812730629e-001   2.127626814431009e+001   2.998188696633809e-002 2886.000 2012.000   10.000     0 C:\Studies\double_stars\hip\20100101\g074a007.fit
  1  0 2010  1  1 23  6 34      0 2814.58655 2699.93863    0.03248    0.03590       54.2   0   1    5 0 1 0 0 1  1.40000   1.214817824670822e-001   9.131152204120890e-001   4.098383068633086e+001   3.512973540799125e+003   1.583563480218963e-002  0.00045   4.467775148404227e-004   9.608585694497088e-003   1.211963303027847e-001   3.114419151242362e+001   1.879368384477691e-002 2815.000 2700.000   10.000     0 C:\Studies\double_stars\hip\20100101\g074a007.fit
  1  0 2010  1  1 23  6 34      0 2222.70558 1445.74057    0.61576    0.41325       43.4   0   1    6 0 1 0 0 1  1.40000   1.369682524731786e-001   1.479309078035511e+000   9.415877745164236e+000   3.626599392893443e+003  -6.553932547350723e-001  0.00924   9.239961027142144e-003   2.705749422160972e-001   5.591269394543371e-001   6.549916045055348e+000   5.720635697955291e-001 2221.000 1450.000   10.000     0 C:\Studies\double_stars\hip\20100101\g074a007.fit
  1  0 2010  1  1 23  6 34      0 2504.37441  478.97915    0.13563    0.13996       43.6   0   1    7 0 1 0 0 1  1.40000   1.438802442085119e-001   9.698900581605480e-001   1.772465198381545e+001   3.632098391030813e+003  -1.179139585973140e-001  0.00235   2.353757308701277e-003   4.507272712599629e-002   2.593470555577107e-001   1.581205301633000e+001   8.907573219739484e-002 2504.000  479.000   10.000     0 C:\Studies\double_stars\hip\20100101\g074a007.fit
  1  0 2010  1  1 23  6 34      0 2147.21597  720.38361    0.30256    0.30171       42.5   0   1    8 0 1 0 0 1  1.40000   1.596167529631495e-001   1.003542604595785e+000   1.182706424519424e+001   3.639120451192684e+003  -2.647231739252011e-001  0.00614   6.137013925465915e-003   1.078340217410410e-001   4.169938923999198e-001   9.566375678570857e+000   2.182743012466096e-001 2149.000  719.000   10.000     0 C:\Studies\double_stars\hip\20100101\g074a007.fit
  1  0 2010  1  1 23  6 34      0  776.62706  778.16681    0.50122    0.75604       41.4   0   1    9 0 1 0 0 1  1.40000   5.740776907303911e-002   8.318296968920580e-001   1.301381070041553e+001   3.526222034842693e+003   4.532657293013116e-001  0.00250   2.504938189714140e-003   1.008498690703673e-001   1.926004163695398e-001   1.820762696063619e+002   2.013282675643070e-001  775.000  780.000   10.000     0 C:\Studies\double_stars\hip\20100101\g074a007.fit
  1  0 2010  1  1 23  6 34      0  757.06023 1076.88323    0.21181    0.19918       46.1   0   1   10 0 1 0 0 1  1.40000   1.377207419977533e-001   1.075826072727924e+000   1.516500021109007e+001   3.656738372160460e+003  -6.550459987079335e-002  0.00335   3.350963494763619e-003   7.455585867340459e-002   3.241329279595180e-001   1.284734029637010e+001   1.477011315482357e-001  758.000 1075.000   10.000     0 C:\Studies\double_stars\hip\20100101\g074a007.fit
  1  0 2010  1  1 23  6 34      0  714.15979  138.74744    0.41544    0.40020       43.3   0   1   11 0 1 0 0 1  1.40000   2.012579739364371e-001   1.034721422128333e+000   1.002593141834469e+001   3.611994655573916e+003   1.613536090025287e-001  0.01241   1.241232637817057e-002   1.800794957381538e-001   6.174261192723656e-001   7.737375679844469e+000   3.591460896786721e-001  713.000  139.000   10.000     0 C:\Studies\double_stars\hip\20100101\g074a007.fit
  1  0 2010  1  1 23  6 34      0  572.55214  191.69057    1.13194    0.94334       44.3   0   1   12 0 1 0 0 1  1.40000   1.001677312265282e-001   1.201048788505069e+000   1.196920959600999e+001   3.560623176099363e+003  -1.163453617067484e+000  0.00395   3.952233604774573e-003   1.095470475578486e-001   3.616581264754316e-001   1.050260140889899e+001   2.403622034071919e-001  581.000  192.000   10.000     0 C:\Studies\double_stars\hip\20100101\g074a007.fit
  1  0 2010  1  1 23  6 34      0  427.38462  857.55519    0.82586    0.59019       45.4   0   1   13 0 1 0 0 1  1.40000   1.027255762119372e-001   1.151206970337606e+000   9.534893642901205e+000   3.612910970956476e+003   5.647408176318532e-001  0.00621   6.210991265657789e-003   1.873071047342449e-001   4.092991596044281e-001   1.572853094797182e+001   3.971831631919340e-001  423.000  857.000   10.000     0 C:\Studies\double_stars\hip\20100101\g074a007.fit
  1  0 2010  1  1 23  6 34      0  238.68901 1199.29042    0.30474    0.34970       47.4   0   1   14 0 1 0 0 1  1.40000   1.913907825137267e-001   8.761426052352308e-001   1.177492744684737e+001   3.645851266074463e+003   3.238018115754011e-002  0.00858   8.581850871316766e-003   1.116608731416162e-001   5.129743324071185e-001   1.086665078649829e+001   2.211635965453580e-001  239.000 1200.000   10.000     0 C:\Studies\double_stars\hip\20100101\g074a007.fit
  1  0 2010  1  1 23  6 34      0  433.74022 1775.61428    0.23470    0.23197       44.1   0   1   15 0 1 0 0 1  1.40000   1.625594232267709e-001   1.005607286499338e+000   1.358160270153096e+001   3.643395310039156e+003  -1.381973549888924e-001  0.00489   4.888731937694128e-003   8.564634498314006e-002   3.827133312016864e-001   1.095706750671451e+001   1.703516321960356e-001  435.000 1775.000   10.000     0 C:\Studies\double_stars\hip\20100101\g074a007.fit
