2524.60369625 1559.74290375 0.01466875 0.0151175
2668.051955 2035.63277125 0.01244 0.01290125
1845.48193875 2274.14266125 0.0104525 0.01099
2883.6939225 2013.4081275 0.0448725 0.04581375
2813.02554625 2700.59807875 0.03128375 0.03428
2221.042295 1445.5299475 0.448615 0.63682125
2502.96321375 479.62437625 0.13846375 0.142985
2145.2776775 720.79362875 0.32203875 0.3579775
775.61261125 778.512735 0.817015 1.9669
755.540045 1077.4518575 0.18579125 0.17871875
712.68059375 137.82488625 0.47649 0.6497625
572.24690875 193.15819375 0.42478375 0.3975575
426.15049375 858.2389625 0.5654 0.51627625
237.15186125 1199.75924875 0.28869 0.30944625
432.33130125 1776.24145625 0.19332875 0.20715375
