  1  0 2011 12 20 23 52 24      0 2178.23458 1681.90270    0.01340    0.01278      268.3   0   1    1 0 1 0 0 1  1.40000   1.964511193471734e-001   1.045744569713303e+000   1.391831197344355e+002   1.416620084954324e+003   9.606537547478912e-002  0.00038   3.831823111678838e-004   5.780281520970054e-003   2.709233440998158e-001   5.088561639927439e+001   1.148994491061110e-002 2178.000 1682.000   10.000     0 C:\Users\akhodyre\Studies\hip\20111220\g074a003.fit
  1  0 2011 12 20 23 52 24      0 2322.12841 2157.47459    0.01338    0.01265      479.4   0   1    2 0 1 0 0 1  1.40000   1.949268198268806e-001   1.054593773041513e+000   1.869119827127431e+002   9.986344509893411e+002   9.697120160763190e-002  0.00038   3.774160294073789e-004   5.787215413474473e-003   3.597883635229177e-001   8.842953178418884e+001   1.149740795567643e-002 2323.000 2157.000   10.000     0 C:\Users\akhodyre\Studies\hip\20111220\g074a003.fit
  1  0 2011 12 20 23 52 24      0 1499.80542 2397.28589    0.01182    0.01137      677.4   0   1    3 0 1 0 0 1  1.40000   1.999510690784333e-001   1.039143444890430e+000   2.349202004763744e+002   1.157476815277652e+003   1.186223981799885e-001  0.00035   3.493639742220441e-004   5.138534485040231e-003   4.105092798663264e-001   1.245793603002558e+002   1.022400510111002e-002 1500.000 2397.000   10.000     0 C:\Users\akhodyre\Studies\hip\20111220\g074a003.fit
  1  0 2011 12 20 23 52 24      0 2537.92155 2135.27551    0.01455    0.01393       66.3   0   1    4 0 1 0 0 1  1.40000   1.900453459534364e-001   1.043345296289329e+000   6.642883456301573e+001   1.798504111507387e+003   1.148769401238404e-001  0.00039   3.932100969853690e-004   6.113987274161905e-003   1.360758819496063e-001   1.316998056356084e+001   1.215334383587803e-002 2538.000 2135.000   10.000     0 C:\Users\akhodyre\Studies\hip\20111220\g074a003.fit
  1  0 2011 12 20 23 52 24      0 2467.94511 2822.49110    0.01284    0.01362       86.5   0   1    5 0 1 0 0 1  1.40000   1.793456549917902e-001   9.508564722305248e-001   7.913941521873298e+001   1.675350460142556e+003   2.211064722347965e-001  0.00032   3.198880963619960e-004   4.756455886186462e-003   1.361180656065463e-001   2.081534787204523e+001   9.526050552039100e-003 2468.000 2823.000   10.000     0 C:\Users\akhodyre\Studies\hip\20111220\g074a003.fit
  1  0 2011 12 20 23 52 24      0 1873.68092 1567.94731    0.06621    0.05902       20.3   0   1    6 0 1 0 0 1  1.40000   1.921802164033786e-001   1.114247224796918e+000   1.753078688266106e+001   1.925119699824827e+003   2.337567882931557e-002  0.00181   1.806251003250225e-003   2.974782345458127e-002   1.644999743458168e-001   3.731246432392597e+000   5.902461181270529e-002 1873.000 1568.000   10.000     0 C:\Users\akhodyre\Studies\hip\20111220\g074a003.fit
  1  0 2011 12 20 23 52 24      0 2155.39663  601.76162    0.02104    0.02003       28.7   0   1    7 0 1 0 0 1  1.40000   1.954604003257341e-001   1.046878567453184e+000   3.634868551918248e+001   1.899200781557619e+003   1.005550731559373e-001  0.00060   5.962287003849478e-004   9.047962549910717e-003   1.104773756457381e-001   5.444040329630647e+000   1.798608201104031e-002 2156.000  602.000   10.000     0 C:\Users\akhodyre\Studies\hip\20111220\g074a003.fit
  1  0 2011 12 20 23 52 24      0 1797.98685  843.63134    0.04038    0.03996       23.3   0   1    8 0 1 0 0 1  1.40000   2.018716100471828e-001   1.011106142137049e+000   2.342228098953903e+001   1.914840983014742e+003   1.398360445919653e-001  0.00122   1.217164333561365e-003   1.722455814492555e-002   1.412550640365985e-001   4.377852787157956e+000   3.432015416184388e-002 1798.000  844.000   10.000     0 C:\Users\akhodyre\Studies\hip\20111220\g074a003.fit
  1  0 2011 12 20 23 52 24      0  428.39197  902.51759    0.06928    0.06546       20.0   0   1    9 0 1 0 0 1  1.40000   1.996141002367929e-001   1.050421291558683e+000   1.679433313044773e+001   1.925261458224543e+003   9.530378857171358e-002  0.00203   2.034687562821112e-003   3.033995652673714e-002   1.707189891801141e-001   3.540306392166722e+000   6.032054205570462e-002  427.000  903.000   10.000     0 C:\Users\akhodyre\Studies\hip\20111220\g074a003.fit
  1  0 2011 12 20 23 52 24      0  408.65909 1201.93716    0.02595    0.02412       27.0   0   1   10 0 1 0 0 1  1.40000   1.912846021201163e-001   1.071765014260248e+000   3.196754425951480e+001   1.903704257521472e+003   1.307531956859611e-001  0.00071   7.060810887778951e-004   1.119639179867285e-002   1.172485486103996e-001   5.167597549162535e+000   2.227821746803486e-002  408.000 1202.000   10.000     0 C:\Users\akhodyre\Studies\hip\20111220\g074a003.fit
  1  0 2011 12 20 23 52 24      0  364.43761  262.76276    0.04922    0.04657       19.5   0   1   11 0 1 0 0 1  1.40000   1.908582059162454e-001   1.052780378685952e+000   1.965241756201512e+001   1.911929008304533e+003   6.859758054400515e-002  0.00134   1.336747995217222e-003   2.092343651804875e-002   1.366067434124388e-001   3.849144241321035e+000   4.153778316824136e-002  364.000  263.000   10.000     0 C:\Users\akhodyre\Studies\hip\20111220\g074a003.fit
  1  0 2011 12 20 23 52 24      0  224.62126  317.66041    0.03708    0.03468       21.7   0   1   12 0 1 0 0 1  1.40000   1.945145976706618e-001   1.069420339124093e+000   2.393256908600066e+001   1.909774375382480e+003   1.345726734917767e-001  0.00104   1.041534602898430e-003   1.619943930549674e-002   1.275879348761478e-001   3.985324219682984e+000   3.223123601480201e-002  225.000  317.000   10.000     0 C:\Users\akhodyre\Studies\hip\20111220\g074a003.fit
  1  0 2011 12 20 23 52 24      0   79.03307  982.55046    0.05322    0.05210       19.2   0   1   13 0 1 0 0 1  1.40000   2.099994398341530e-001   1.023366886993370e+000   1.854186777998460e+001   1.918892241801471e+003   1.290681888683474e-001  0.00172   1.720013976760727e-003   2.369506016850276e-002   1.529656684635756e-001   3.291434365234121e+000   4.720175667885995e-002   79.000  982.000   10.000     0 C:\Users\akhodyre\Studies\hip\20111220\g074a003.fit
  1  0 2011 12 20 23 52 24      0   85.68683 1900.72015    0.02879    0.02756       25.8   0   1   14 0 1 0 0 1  1.40000   1.973480868949124e-001   1.041618819236901e+000   2.941726119037605e+001   1.910629840054695e+003   1.175598699528461e-001  0.00083   8.301127547729806e-004   1.240207566749838e-002   1.234349806653559e-001   4.825385973726858e+000   2.467565810018697e-002   85.000 1901.000   10.000     0 C:\Users\akhodyre\Studies\hip\20111220\g074a003.fit
