  1  0 2011 12 20 23 51 26      0 2176.46833 1682.41673    0.01018    0.00985      199.7   0   1    1 0 1 0 0 1  1.40000   2.007401297122224e-001   1.032045229636591e+000   1.372876138330333e+002   1.613478106329032e+003  -4.356169063827920e-002  0.00030   3.033143082991172e-004   4.425807308517959e-003   2.073641411260191e-001   3.633321388159264e+001   8.788355244110662e-003 2177.000 1682.000   10.000     0 C:\Users\akhodyre\Studies\hip\20111220\g074a001.fit
  1  0 2011 12 20 23 51 26      0 2320.37222 2158.06069    0.00811    0.00800      291.9   0   1    2 0 1 0 0 1  1.40000   2.040747344681270e-001   1.011659273512156e+000   1.849715859395859e+002   1.449583788542691e+003  -2.146667158421067e-002  0.00025   2.489488961138854e-004   3.503204341207147e-003   2.261425578030369e-001   5.343037153035361e+001   6.955709901305430e-003 2320.000 2158.000   10.000     0 C:\Users\akhodyre\Studies\hip\20111220\g074a001.fit
  1  0 2011 12 20 23 51 26      0 1498.06685 2397.85138    0.00841    0.00831      477.1   0   1    3 0 1 0 0 1  1.40000   2.061031539956003e-001   1.010523141008993e+000   2.319691729266268e+002   1.686062563501987e+003  -2.322585679040137e-002  0.00026   2.628081664191296e-004   3.657233145707446e-003   2.971303410265451e-001   8.667348723054489e+001   7.263325535890378e-003 1498.000 2398.000   10.000     0 C:\Users\akhodyre\Studies\hip\20111220\g074a001.fit
  1  0 2011 12 20 23 51 26      0 2536.15738 2135.86280    0.01177    0.01150       53.4   0   1    4 0 1 0 0 1  1.40000   1.979300491873587e-001   1.021624611021201e+000   6.588708393779076e+001   1.863135629487049e+003  -3.524040194617002e-002  0.00034   3.421057007584912e-004   5.012762211418737e-003   1.136039354442171e-001   1.024249520374832e+001   9.950052744635658e-003 2536.000 2136.000   10.000     0 C:\Users\akhodyre\Studies\hip\20111220\g074a001.fit
  1  0 2011 12 20 23 51 26      0 2466.19473 2823.05555    0.01231    0.01348       82.1   0   1    5 0 1 0 0 1  1.40000   1.846359537901752e-001   9.183888677159539e-001   7.806159687734892e+001   1.744250799129899e+003   1.224795360908869e-001  0.00032   3.236284146775899e-004   4.556208111403801e-003   1.324550438995325e-001   1.926437257130969e+001   9.054230136236413e-003 2466.000 2823.000   10.000     0 C:\Users\akhodyre\Studies\hip\20111220\g074a001.fit
  1  0 2011 12 20 23 51 26      0 1871.97468 1568.31924    0.06361    0.06501       20.5   0   1    6 0 1 0 0 1  1.40000   2.064331585257112e-001   9.814654229697787e-001   1.734579037625366e+001   1.924183211835082e+003  -1.388413887055151e-001  0.00200   2.004265082211297e-003   2.691568784867524e-002   1.685508313515482e-001   3.756328498665654e+000   5.363451038854889e-002 1872.000 1568.000   10.000     0 C:\Users\akhodyre\Studies\hip\20111220\g074a001.fit
  1  0 2011 12 20 23 51 26      0 2153.63651  602.19597    0.01977    0.01902       26.8   0   1    7 0 1 0 0 1  1.40000   2.005406912253808e-001   1.036837228022874e+000   3.615682884630536e+001   1.905568533499542e+003   1.625585081134562e-003  0.00059   5.869484001318179e-004   8.616551525272374e-003   1.059118366648995e-001   4.928395888570890e+000   1.710345661134162e-002 2154.000  602.000   10.000     0 C:\Users\akhodyre\Studies\hip\20111220\g074a001.fit
  1  0 2011 12 20 23 51 26      0 1796.17034  844.04936    0.03775    0.03724       20.7   0   1    8 0 1 0 0 1  1.40000   1.979373975224593e-001   1.016579237717013e+000   2.289334903695306e+001   1.914153440239376e+003  -3.032373352762648e-002  0.00110   1.102806456908260e-003   1.608064720337654e-002   1.266629990381487e-001   3.793453776951381e+000   3.191065826669906e-002 1796.000  843.000   10.000     0 C:\Users\akhodyre\Studies\hip\20111220\g074a001.fit
  1  0 2011 12 20 23 51 26      0  426.64658  902.83029    0.07259    0.07291       20.9   0   1    9 0 1 0 0 1  1.40000   2.065165635719786e-001   1.004654526189022e+000   1.652686737819120e+001   1.926089032787118e+003  -7.829467650171337e-002  0.00230   2.302378950827056e-003   3.174549929017337e-002   1.832186140829462e-001   3.419420710944408e+000   6.311879667035894e-002  427.000  901.000   10.000     0 C:\Users\akhodyre\Studies\hip\20111220\g074a001.fit
  1  0 2011 12 20 23 51 26      0  407.00290 1202.38942    0.02444    0.02406       25.7   0   1   10 0 1 0 0 1  1.40000   2.046072622339366e-001   1.012389174235709e+000   3.164221545894750e+001   1.917370602045739e+003  -3.450392344867806e-002  0.00075   7.543203912456793e-004   1.059315683825962e-002   1.166618110189173e-001   4.538580470317175e+000   2.103430852629058e-002  406.000 1202.000   10.000     0 C:\Users\akhodyre\Studies\hip\20111220\g074a001.fit
  1  0 2011 12 20 23 51 26      0  362.69552  262.98749    0.04614    0.04695       18.7   0   1   11 0 1 0 0 1  1.40000   2.157701744372639e-001   9.814172396521769e-001   1.945811556155270e+001   1.924643559038915e+003  -3.195674028741125e-002  0.00157   1.569872495367953e-003   2.025772763700047e-002   1.428629605829777e-001   3.202315067604977e+000   4.025675378596161e-002  362.000  263.000   10.000     0 C:\Users\akhodyre\Studies\hip\20111220\g074a001.fit
  1  0 2011 12 20 23 51 26      0  222.99963  318.03715    0.03813    0.03842       23.2   0   1   12 0 1 0 0 1  1.40000   2.186660531179338e-001   9.932591860790915e-001   2.385404196670613e+001   1.925835897465987e+003  -1.038229524789478e-001  0.00133   1.327128855519503e-003   1.705735782616213e-002   1.466654175897443e-001   3.889397766649889e+000   3.396629037766517e-002  223.000  318.000   10.000     0 C:\Users\akhodyre\Studies\hip\20111220\g074a001.fit
  1  0 2011 12 20 23 51 26      0   77.19198  983.18501    0.06260    0.06059       20.6   0   1   13 0 1 0 0 1  1.40000   2.046989780281687e-001   1.032320246828927e+000   1.775302970655972e+001   1.920379486392980e+003  -9.000302555004201e-002  0.00193   1.929004299707833e-003   2.756336279059764e-002   1.680299830373332e-001   3.683925385436943e+000   5.480693684159132e-002   77.000  983.000   10.000     0 C:\Users\akhodyre\Studies\hip\20111220\g074a001.fit
  1  0 2011 12 20 23 51 26      0   84.06181 1901.16259    0.02682    0.02675       23.9   0   1   14 0 1 0 0 1  1.40000   2.060226669819790e-001   1.001980986181232e+000   2.899393212057126e+001   1.923394326900287e+003  -3.428673293789520e-002  0.00084   8.388819405540149e-004   1.157842199880731e-002   1.184380901587086e-001   4.342802180017339e+000   2.299463806927473e-002   84.000 1901.000   10.000     0 C:\Users\akhodyre\Studies\hip\20111220\g074a001.fit
