  1  0 2011 12 20 23 51 55      0 2176.31509 1683.15277    0.00885    0.00857      183.7   0   1    1 0 1 0 0 1  1.40000   2.113385942646227e-001   1.031101524917191e+000   1.408975728870557e+002   1.709717115265227e+003  -4.909135440224410e-002  0.00029   2.885774185021803e-004   3.993534704793142e-003   1.943350118417800e-001   3.136404083508066e+001   7.937045836242723e-003 2176.000 1683.000   10.000     0 C:\Users\akhodyre\Studies\hip\20111220\g074a002.fit
  1  0 2011 12 20 23 51 55      0 2320.26566 2158.69917    0.00858    0.00846      323.5   0   1    2 0 1 0 0 1  1.40000   2.123909284797391e-001   1.012415197237090e+000   1.890073638188119e+002   1.572525933889020e+003  -4.820887446824850e-002  0.00028   2.827895402218033e-004   3.823188421011608e-003   2.541744671538456e-001   5.602626334105561e+001   7.599479534325371e-003 2320.000 2159.000   10.000     0 C:\Users\akhodyre\Studies\hip\20111220\g074a002.fit
  1  0 2011 12 20 23 51 55      0 1497.99691 2398.43391    0.00913    0.00889      525.2   0   1    3 0 1 0 0 1  1.40000   2.087962101138298e-001   1.027029623864598e+000   2.344226146377037e+002   1.776662185236542e+003  -2.567040009477333e-002  0.00029   2.917706239798641e-004   4.072949401528735e-003   3.299460265249565e-001   9.102918885154713e+001   8.090488254360852e-003 1498.000 2398.000   10.000     0 C:\Users\akhodyre\Studies\hip\20111220\g074a002.fit
  1  0 2011 12 20 23 51 55      0 2536.04259 2136.52897    0.01164    0.01134       55.5   0   1    4 0 1 0 0 1  1.40000   2.067416232075604e-001   1.027095499960562e+000   6.751427897401466e+001   1.880855983167294e+003  -5.890937259085732e-002  0.00037   3.656797560483123e-004   5.152745595197487e-003   1.200214149395490e-001   9.724062211819797e+000   1.023847471123936e-002 2536.000 2136.000   10.000     0 C:\Users\akhodyre\Studies\hip\20111220\g074a002.fit
  1  0 2011 12 20 23 51 55      0 2466.12914 2823.73420    0.00988    0.01063       68.2   0   1    5 0 1 0 0 1  1.40000   1.902528581543688e-001   9.328071660401209e-001   7.957941398606661e+001   1.764818038308571e+003   1.256670154924433e-001  0.00027   2.722556969534368e-004   3.775992851799874e-003   1.114082160994798e-001   1.508321835647583e+001   7.509671272515199e-003 2466.000 2824.000   10.000     0 C:\Users\akhodyre\Studies\hip\20111220\g074a002.fit
  1  0 2011 12 20 23 51 55      0 1871.89451 1569.14250    0.06435    0.06043       20.1   0   1    6 0 1 0 0 1  1.40000   2.039904169253740e-001   1.060108439445650e+000   1.746283144830824e+001   1.925113670770493e+003  -3.969610404852717e-002  0.00196   1.963340069690221e-003   2.895662185344089e-002   1.688429362230842e-001   3.490225831044112e+000   5.751195220803671e-002 1871.000 1569.000   10.000     0 C:\Users\akhodyre\Studies\hip\20111220\g074a002.fit
  1  0 2011 12 20 23 51 55      0 2153.41924  602.88268    0.02203    0.02128       30.4   0   1    7 0 1 0 0 1  1.40000   2.007690253042730e-001   1.032285905178183e+000   3.640281363423669e+001   1.902412916781043e+003  -4.463602900309507e-002  0.00066   6.554769104211890e-004   9.564533481517826e-003   1.189667555153951e-001   5.621661081781719e+000   1.899300492159182e-002 2153.000  603.000   10.000     0 C:\Users\akhodyre\Studies\hip\20111220\g074a002.fit
  1  0 2011 12 20 23 51 55      0 1796.02836  844.70906    0.03642    0.03435       20.9   0   1    8 0 1 0 0 1  1.40000   2.073153026827632e-001   1.054808780662683e+000   2.360228687798692e+001   1.920842984409683e+003  -6.446518864939377e-003  0.00114   1.143631136535792e-003   1.651612156669009e-002   1.311494674504524e-001   3.558747532413409e+000   3.280868104915548e-002 1797.000  845.000   10.000     0 C:\Users\akhodyre\Studies\hip\20111220\g074a002.fit
  1  0 2011 12 20 23 51 55      0  426.44883  903.55477    0.06745    0.06622       20.0   0   1    9 0 1 0 0 1  1.40000   2.060565444321638e-001   1.016191880112444e+000   1.678728002267985e+001   1.925807399391992e+003   1.778631576772058e-002  0.00211   2.105133474478470e-003   2.946635005436494e-002   1.723004939069273e-001   3.599489154663557e+000   5.852489462800783e-002  426.000  904.000   10.000     0 C:\Users\akhodyre\Studies\hip\20111220\g074a002.fit
  1  0 2011 12 20 23 51 55      0  406.81310 1203.07246    0.02334    0.02239       25.2   0   1   10 0 1 0 0 1  1.40000   2.146344215348686e-001   1.040329989543761e+000   3.222179100657961e+001   1.931974853818775e+003  -1.771752856047380e-002  0.00078   7.814537537819586e-004   1.074732765367640e-002   1.189227456042277e-001   4.198234590311855e+000   2.135955700500908e-002  407.000 1203.000   10.000     0 C:\Users\akhodyre\Studies\hip\20111220\g074a002.fit
  1  0 2011 12 20 23 51 55      0  362.42643  264.00322    0.04993    0.04904       20.4   0   1   11 0 1 0 0 1  1.40000   2.054189876036003e-001   1.016098149906122e+000   1.974166160288651e+001   1.920695807568507e+003   6.045805525608371e-002  0.00155   1.550458201759383e-003   2.175195942842761e-002   1.495189170883043e-001   3.677237151822704e+000   4.321868096240390e-002  363.000  264.000   10.000     0 C:\Users\akhodyre\Studies\hip\20111220\g074a002.fit
  1  0 2011 12 20 23 51 55      0  222.78439  318.90799    0.03526    0.03440       21.3   0   1   12 0 1 0 0 1  1.40000   2.139948028553377e-001   1.023324844513006e+000   2.398039093348503e+001   1.922719800695642e+003   5.660952778910945e-003  0.00118   1.176104540003748e-003   1.595950157503758e-002   1.333929655261358e-001   3.611572424606581e+000   3.171427303757046e-002  223.000  319.000   10.000     0 C:\Users\akhodyre\Studies\hip\20111220\g074a002.fit
  1  0 2011 12 20 23 51 55      0   77.07517  983.71805    0.05813    0.05577       20.2   0   1   13 0 1 0 0 1  1.40000   1.999681683336992e-001   1.042066290571048e+000   1.830640613233269e+001   1.913856762074880e+003   1.248788635231712e-002  0.00172   1.719643021859593e-003   2.544497306623848e-002   1.573222283571855e-001   3.638600632628022e+000   5.050295177674572e-002   77.000  983.000   10.000     0 C:\Users\akhodyre\Studies\hip\20111220\g074a002.fit
  1  0 2011 12 20 23 51 55      0   83.83498 1901.90379    0.02629    0.02570       24.0   0   1   14 0 1 0 0 1  1.40000   2.102114079961894e-001   1.021204221102111e+000   2.951189400612545e+001   1.924770060751545e+003  -2.527647141978806e-002  0.00085   8.496473038213594e-004   1.171278131382971e-002   1.203463295817011e-001   4.196957998103577e+000   2.327096810539901e-002   84.000 1902.000   10.000     0 C:\Users\akhodyre\Studies\hip\20111220\g074a002.fit
