  1  0 2011 12 20 23 54 47      0 2178.70467 1681.01552    0.00826    0.00821      187.8   0   1    1 0 1 0 0 1  1.40000   2.241077074216774e-001   1.005529569156752e+000   1.463342107434611e+002   1.738196099443979e+003   2.796846715476733e-002  0.00030   2.999569931465519e-004   3.817133981700866e-003   1.993893262953673e-001   3.012819819980591e+001   7.590749313105498e-003 2179.000 1681.000   10.000     0 C:\Users\akhodyre\Studies\hip\20111220\g074a008.fit
  1  0 2011 12 20 23 54 47      0 2322.61943 2156.54267    0.00781    0.00785      321.7   0   1    2 0 1 0 0 1  1.40000   2.232044496997713e-001   9.950202549971374e-001   1.965398063845177e+002   1.549439474333164e+003   2.376475249301343e-002  0.00028   2.821954654085186e-004   3.568492719678764e-003   2.523018566477909e-001   5.153730093835581e+001   7.094440680929353e-003 2323.000 2156.000   10.000     0 C:\Users\akhodyre\Studies\hip\20111220\g074a008.fit
  1  0 2011 12 20 23 54 47      0 1500.31661 2396.37619    0.00639    0.00649      411.2   0   1    3 0 1 0 0 1  1.40000   2.228974257942836e-001   9.843687610077814e-001   2.450264619015699e+002   1.755243993217767e+003   4.930414943401004e-002  0.00023   2.304026691454428e-004   2.884977592223538e-003   2.570297784818692e-001   6.693624379164457e+001   5.737495638440645e-003 1500.000 2396.000   10.000     0 C:\Users\akhodyre\Studies\hip\20111220\g074a008.fit
  1  0 2011 12 20 23 54 47      0 2538.48716 2134.32883    0.01045    0.01032       53.8   0   1    4 0 1 0 0 1  1.40000   2.176079964220434e-001   1.011550049230284e+000   6.984687648006697e+001   1.887602070286145e+003   2.991777532443992e-002  0.00036   3.597919894098710e-004   4.744646681850475e-003   1.169702603643941e-001   8.870341831096667e+000   9.430602177317954e-003 2539.000 2134.000   10.000     0 C:\Users\akhodyre\Studies\hip\20111220\g074a008.fit
  1  0 2011 12 20 23 54 47      0 2468.49519 2821.58541    0.01056    0.01171       79.1   0   1    5 0 1 0 0 1  1.40000   2.000957141934235e-001   9.100716810921286e-001   8.228604581516206e+001   1.761916807970498e+003   1.576672071211445e-001  0.00032   3.193085913213596e-004   4.094811246173565e-003   1.292242270180574e-001   1.589335919399334e+001   8.161025635363717e-003 2469.000 2821.000   10.000     0 C:\Users\akhodyre\Studies\hip\20111220\g074a008.fit
  1  0 2011 12 20 23 54 47      0 1874.22617 1567.02189    0.05850    0.05953       20.9   0   1    6 0 1 0 0 1  1.40000   2.228649584039679e-001   9.828416633897847e-001   1.823863612194998e+001   1.924770858383588e+003   5.090462061347972e-002  0.00211   2.109008750427720e-003   2.636486701402066e-002   1.751903757731353e-001   3.422507804321880e+000   5.244899489313561e-002 1874.000 1568.000   10.000     0 C:\Users\akhodyre\Studies\hip\20111220\g074a008.fit
  1  0 2011 12 20 23 54 47      0 2155.85537  600.77906    0.01912    0.01935       29.1   0   1    7 0 1 0 0 1  1.40000   2.195286145090592e-001   9.875784135961656e-001   3.768938154893608e+001   1.914365877749869e+003   5.463420721521747e-002  0.00067   6.702415838148133e-004   8.548190846686612e-003   1.166384322254480e-001   4.889481879625353e+000   1.699985750571400e-002 2156.000  601.000   10.000     0 C:\Users\akhodyre\Studies\hip\20111220\g074a008.fit
  1  0 2011 12 20 23 54 47      0 1798.42334  842.59422    0.03775    0.03875       23.2   0   1    8 0 1 0 0 1  1.40000   2.149137976762166e-001   9.754590428961520e-001   2.391828528529162e+001   1.914686041226869e+003   5.102561311764178e-002  0.00128   1.278561053294963e-003   1.645838935521904e-002   1.432894262209432e-001   3.969071928108067e+000   3.271322980663154e-002 1798.000  842.000   10.000     0 C:\Users\akhodyre\Studies\hip\20111220\g074a008.fit
  1  0 2011 12 20 23 54 47      0  428.94958  901.41546    0.05932    0.06130       19.7   0   1    9 0 1 0 0 1  1.40000   2.252745984680377e-001   9.675612254249970e-001   1.753023372338916e+001   1.925906718320651e+003   7.537490536940389e-002  0.00219   2.186797942254680e-003   2.660611971364546e-002   1.723899136728977e-001   3.128713186681709e+000   5.293502824769980e-002  430.000  901.000   10.000     0 C:\Users\akhodyre\Studies\hip\20111220\g074a008.fit
  1  0 2011 12 20 23 54 47      0  409.15388 1201.02905    0.02003    0.01988       24.0   0   1   10 0 1 0 0 1  1.40000   2.265081970727504e-001   1.006291676951902e+000   3.358742426356915e+001   1.925305128460113e+003   8.864777123254387e-002  0.00074   7.415987403825681e-004   9.327383727172031e-003   1.119891795725964e-001   3.737890156613448e+000   1.857136715931916e-002  410.000 1201.000   10.000     0 C:\Users\akhodyre\Studies\hip\20111220\g074a008.fit
  1  0 2011 12 20 23 54 47      0  364.97187  261.75995    0.04275    0.04313       19.4   0   1   11 0 1 0 0 1  1.40000   2.247216628264509e-001   9.909459751632848e-001   2.057237154451255e+001   1.920079035713510e+003   6.143682428635797e-002  0.00156   1.562220174740199e-003   1.952256544267689e-002   1.455391186953249e-001   3.140821781288752e+000   3.884445804964671e-002  365.000  262.000   10.000     0 C:\Users\akhodyre\Studies\hip\20111220\g074a008.fit
  1  0 2011 12 20 23 54 47      0  225.27802  316.73552    0.03081    0.03033       20.5   0   1   12 0 1 0 0 1  1.40000   2.252731401142804e-001   1.014337176701834e+000   2.506901841172059e+001   1.921620753533667e+003  -5.401397560826285e-003  0.00113   1.127768637274951e-003   1.440381867459564e-002   1.279705389235849e-001   3.248863469628068e+000   2.864534272279415e-002  225.000  317.000   10.000     0 C:\Users\akhodyre\Studies\hip\20111220\g074a008.fit
  1  0 2011 12 20 23 54 47      0   79.41455  981.68280    0.05399    0.05362       20.8   0   1   13 0 1 0 0 1  1.40000   2.367686260676517e-001   1.006821674028839e+000   1.903253395042432e+001   1.927049695168215e+003   1.018741837846103e-001  0.00217   2.165637842358661e-003   2.604578215577571e-002   1.785408755443845e-001   3.084124419881435e+000   5.191777140679729e-002   80.000  982.000   10.000     0 C:\Users\akhodyre\Studies\hip\20111220\g074a008.fit
  1  0 2011 12 20 23 54 47      0   86.28038 1899.63510    0.02419    0.02486       25.3   0   1   14 0 1 0 0 1  1.40000   2.300462950663527e-001   9.740541083834982e-001   3.114730616482235e+001   1.925089848835353e+003   3.075390970235705e-002  0.00093   9.253341593204568e-004   1.111097483132586e-002   1.275742813181373e-001   3.942692694187465e+000   2.209886258528537e-002   86.000 1899.000   10.000     0 C:\Users\akhodyre\Studies\hip\20111220\g074a008.fit
