-0.00680545718152033 0.0145973858127551
0.0331594473767187 0.196179007602274
0.000970624781180514 -0.134031580303818
-0.119040063670411 -0.09473870999146
-0.0736798867983675 -0.0789379220251039
0.812648087644513 0.196675701899007
0.0817839966573265 0.0974665426535577
0.046909837144748 -0.142533981443401
-0.105166788929999 0.36472635713155
-0.136972493607375 -0.192257691671423
0.242509948335761 -0.508584159578063
-0.414343847335031 0.00327875714939016
-0.0965694516476103 0.271270360695531
0.269362344385639 0.277541099998584
