2177.803625 1681.558945 0.01017 0.00996375
2321.7337225 2157.103115 0.009835 0.009655
1499.40255125 2396.92716375 0.00938625 0.00927625
2537.51758625 2134.91183375 0.01234875 0.01211625
2467.54042375 2822.18015375 0.01159375 0.01266
1873.2805975 1567.5251075 0.0596025 0.05864625
2154.90847875 601.36792875 0.01942875 0.01904125
1797.49599625 843.2069925 0.0368875 0.0363325
427.95999125 902.052205 0.063925 0.06341875
408.24092375 1201.576505 0.02262 0.02189375
363.98650125 262.30390625 0.04724 0.04669375
224.26013625 317.29276125 0.03389 0.03323625
78.5537275 982.28962625 0.05584375 0.0541275
85.358795 1900.29210875 0.02542125 0.0252725
