  1  0 2012  3 25 17 32  1      0 2338.25822 1686.29472    0.00788    0.00752      267.2   0   1    1 0 1 0 0 1  1.40000   2.828015212592413e-001   1.047251945394129e+000   1.799342556343345e+002   3.126304683703777e+003  -8.162727733304713e-002  0.00044   4.385515278791420e-004   4.593520250204580e-003   2.918351655445779e-001   3.122233388136175e+001   9.166937344279041e-003 2338.000 1686.000   10.000     0 C:\Users\akhodyre\Studies\hip\20120325\g074a003.fit
  1  0 2012  3 25 17 32  1      0 2481.74071 2161.99183    0.00727    0.00689      394.2   0   1    2 0 1 0 0 1  1.40000   2.819552868029637e-001   1.056260312827888e+000   2.278960640574677e+002   3.354483587064916e+003  -9.291980393447649e-002  0.00040   4.023102557074456e-004   4.261067934510359e-003   3.401956051626345e-001   4.611939075032713e+001   8.506088262747366e-003 2482.000 2162.000   10.000     0 C:\Users\akhodyre\Studies\hip\20120325\g074a003.fit
  1  0 2012  3 25 17 32  1      0 1659.21643 2401.26439    0.01513    0.01431     1128.8   0   1    3 0 1 0 0 1  1.40000   2.500332647031645e-001   1.055932042640256e+000   2.679458935674288e+002   3.171251996759833e+003  -9.848390993703590e-002  0.00067   6.693601340531431e-004   7.995900960597921e-003   7.408064590250985e-001   1.480006691772679e+002   1.594228242271359e-002 1658.000 2401.000   10.000     0 C:\Users\akhodyre\Studies\hip\20120325\g074a003.fit
  1  0 2012  3 25 17 32  1      0 2697.65288 2139.97450    0.01023    0.00981       70.6   0   1    4 0 1 0 0 1  1.40000   2.757668290980002e-001   1.043449473950331e+000   8.105122302700113e+001   2.875425421003054e+003  -7.483440240055503e-002  0.00054   5.433614537106523e-004   5.817238231102541e-003   1.667197338531276e-001   8.512552161491438e+000   1.160562218376904e-002 2698.000 2140.000   10.000     0 C:\Users\akhodyre\Studies\hip\20120325\g074a003.fit
  1  0 2012  3 25 17 32  1      0 2627.08386 2827.30532    0.01437    0.01591      133.1   0   1    5 0 1 0 0 1  1.40000   2.413924894787788e-001   9.075188657941505e-001   9.086977693406429e+001   2.770325833018093e+003   1.576162594435205e-001  0.00060   6.035735693095666e-004   6.386597761363747e-003   2.319981482881505e-001   2.070372358662760e+001   1.276704099248586e-002 2627.000 2828.000   10.000     0 C:\Users\akhodyre\Studies\hip\20120325\g074a003.fit
  1  0 2012  3 25 17 32  1      0 2033.74308 1571.89708    0.08120    0.07748       36.3   0   1    6 0 1 0 0 1  1.40000   2.580096332202697e-001   1.050579605893887e+000   2.066931024906829e+001   2.810271527452961e+003   1.804420742128472e-001  0.00381   3.808722991863226e-003   4.361874486516394e-002   3.163171486803714e-001   4.647329736975761e+000   8.731234374618878e-002 2033.000 1573.000   10.000     0 C:\Users\akhodyre\Studies\hip\20120325\g074a003.fit
  1  0 2012  3 25 17 32  1      0 2316.23884  605.92469    0.03069    0.02892       62.0   0   1    7 0 1 0 0 1  1.40000   2.805336991872994e-001   1.062019017897679e+000   4.406686897400937e+001   2.839031629835609e+003  -8.371293497186118e-002  0.00168   1.684287687255394e-003   1.803562956135637e-002   2.763997043743141e-001   7.156360715172034e+000   3.598831115489491e-002 2316.000  605.000   10.000     0 C:\Users\akhodyre\Studies\hip\20120325\g074a003.fit
  1  0 2012  3 25 17 32  1      0 1958.46065  847.55580    0.04262    0.04067       35.2   0   1    8 0 1 0 0 1  1.40000   2.747236834622571e-001   1.048602380805189e+000   2.808771352155279e+001   2.802950317424550e+003  -1.153090335326033e-001  0.00225   2.246320781780531e-003   2.421679575153881e-002   2.396871691261572e-001   4.250110939622972e+000   4.836554190567426e-002 1959.000  848.000   10.000     0 C:\Users\akhodyre\Studies\hip\20120325\g074a003.fit
  1  0 2012  3 25 17 32  1      0  588.69770  905.51782    0.07852    0.07916       35.8   0   1    9 0 1 0 0 1  1.40000   2.878296348269764e-001   9.995265516382459e-001   2.058572352286092e+001   2.813040682432551e+003  -2.496292941403106e-001  0.00453   4.534138842344595e-003   4.389974971869796e-002   3.389766181922053e-001   4.234532671431700e+000   8.834904168710189e-002  589.000  906.000   10.000     0 C:\Users\akhodyre\Studies\hip\20120325\g074a003.fit
  1  0 2012  3 25 17 32  1      0  568.63695 1204.84619    0.02749    0.02565       42.7   0   1   10 0 1 0 0 1  1.40000   2.782907702372646e-001   1.072872213859504e+000   3.874297398063238e+001   2.842227224015622e+003  -1.177450420461384e-001  0.00149   1.485156981114630e-003   1.617205533027945e-002   2.158827057533008e-001   4.934090806194551e+000   3.229453102529546e-002  568.000 1204.000   10.000     0 C:\Users\akhodyre\Studies\hip\20120325\g074a003.fit
  1  0 2012  3 25 17 32  1      0  525.31806  265.36653    0.06129    0.05672       35.7   0   1   11 0 1 0 0 1  1.40000   2.846294270747172e-001   1.080139994366711e+000   2.376127123272161e+001   2.782317409425360e+003  -7.036155212570905e-002  0.00345   3.450680663077143e-003   3.705556179937140e-002   3.015971245858393e-001   4.050089889959343e+000   7.393544726272230e-002  526.000  265.000   10.000     0 C:\Users\akhodyre\Studies\hip\20120325\g074a003.fit
  1  0 2012  3 25 17 32  1      0  385.42634  320.30056    0.04017    0.04006       36.0   0   1   12 0 1 0 0 1  1.40000   3.000297545632319e-001   1.003023925977746e+000   2.892852404465467e+001   2.787288983400244e+003  -7.344295970831043e-002  0.00251   2.508192044614136e-003   2.371687334534674e-002   2.535778302039009e-001   4.040912671818269e+000   4.734171220927150e-002  386.000  320.000   10.000     0 C:\Users\akhodyre\Studies\hip\20120325\g074a003.fit
  1  0 2012  3 25 17 32  1      0  239.06117  985.21222    0.06877    0.06501       35.9   0   1   13 0 1 0 0 1  1.40000   3.034984319616437e-001   1.060096405616285e+000   2.237416727788912e+001   2.797107123464352e+003  -1.540719274752706e-001  0.00438   4.377304193067396e-003   4.306942122254292e-002   3.392191837485226e-001   3.888625570283237e+000   8.618541524954615e-002  239.000  985.000   10.000     0 C:\Users\akhodyre\Studies\hip\20120325\g074a003.fit
  1  0 2012  3 25 17 32  1      0   50.09218 1327.15108    0.03635    0.03496       37.6   0   1   14 0 1 0 0 1  1.40000   2.874196691699344e-001   1.040484906151054e+000   3.133658527598835e+001   2.802100916574817e+003  -1.041606838754713e-001  0.00209   2.087578600960759e-003   2.135238714693952e-002   2.383103653555807e-001   4.339230379365540e+000   4.264240735870785e-002   50.000 1327.000   10.000     0 C:\Users\akhodyre\Studies\hip\20120325\g074a003.fit
  1  0 2012  3 25 17 32  1      0  245.32004 1903.36492    0.02886    0.02737       39.1   0   1   15 0 1 0 0 1  1.40000   2.770915231957722e-001   1.055559606869292e+000   3.601233194869452e+001   2.803736870121934e+003  -1.191860772413688e-001  0.00155   1.546063802549872e-003   1.663226763081226e-002   2.098431678699302e-001   4.637491090228389e+000   3.321877537307155e-002  245.000 1903.000   10.000     0 C:\Users\akhodyre\Studies\hip\20120325\g074a003.fit
