  1  0 2012  3 25 17 33 56      0 2341.50798 1683.94299    0.00939    0.00971      418.8   0   1    1 0 1 0 0 1  1.40000   3.465854145418412e-001   9.707594301813604e-001   2.020676042211890e+002   3.143677506519913e+003  -1.731572505884547e-001  0.00077   7.738562454367943e-004   6.087220229683217e-003   4.765024839681433e-001   4.184536555589178e+001   1.220528004713594e-002 2342.000 1684.000   10.000     0 C:\Users\akhodyre\Studies\hip\20120325\g074a007.fit
  1  0 2012  3 25 17 33 56      0 2485.00431 2159.64873    0.01045    0.01066      734.1   0   1    2 0 1 0 0 1  1.40000   3.405485231765252e-001   9.840860130055522e-001   2.544896800634009e+002   3.427468249093013e+003  -1.785557671804908e-001  0.00083   8.317476725224539e-004   6.748070586385524e-003   6.562296926505885e-001   7.423466166688488e+001   1.353266384701088e-002 2485.000 2160.000   10.000     0 C:\Users\akhodyre\Studies\hip\20120325\g074a007.fit
  1  0 2012  3 25 17 33 56      0 1662.47866 2398.90328    0.02301    0.02414     1910.5   0   1    3 0 1 0 0 1  1.40000   2.715039881516177e-001   9.555897489228712e-001   2.754772974555356e+002   2.594729849681780e+003  -1.385448470565694e-001  0.00120   1.198416795635253e-003   1.189108972589278e-002   1.257315064739726e+000   2.363270844608937e+002   2.375590802460896e-002 1661.000 2398.000   10.000     0 C:\Users\akhodyre\Studies\hip\20120325\g074a007.fit
  1  0 2012  3 25 17 33 56      0 2700.90741 2137.64913    0.01178    0.01200      107.4   0   1    4 0 1 0 0 1  1.40000   3.422950367600364e-001   9.859510738299343e-001   9.167118990735146e+001   2.762114125865252e+003  -1.780877461951531e-001  0.00095   9.475287337274636e-004   7.663142461666939e-003   2.679881474561213e-001   1.079694835083797e+001   1.536749881559727e-002 2701.000 2138.000   10.000     0 C:\Users\akhodyre\Studies\hip\20120325\g074a007.fit
  1  0 2012  3 25 17 33 56      0 2630.37741 2824.97470    0.01777    0.02191      206.4   0   1    5 0 1 0 0 1  1.40000   2.866221514916548e-001   8.164684121201107e-001   9.889292907261144e+001   2.621701332478840e+003   1.425667027000011e-001  0.00103   1.033872401720555e-003   8.284330569597867e-003   3.690782605857566e-001   2.717928755548139e+001   1.657215697303223e-002 2630.000 2826.000   10.000     0 C:\Users\akhodyre\Studies\hip\20120325\g074a007.fit
  1  0 2012  3 25 17 33 56      0 2037.03622 1569.65845    0.05134    0.05341       33.0   0   1    6 0 1 0 0 1  1.40000   3.452353926248302e-001   9.637054184651773e-001   2.420736423093879e+001   2.640630086531391e+003  -1.385970464484961e-001  0.00420   4.199826179054731e-003   3.301637702173680e-002   3.109806294774143e-001   3.324029244094944e+000   6.610144297049632e-002 2037.000 1570.000   10.000     0 C:\Users\akhodyre\Studies\hip\20120325\g074a007.fit
  1  0 2012  3 25 17 33 56      0 2319.52584  603.59249    0.01588    0.01639       43.3   0   1    7 0 1 0 0 1  1.40000   3.498460235443198e-001   9.714202049117706e-001   4.999983461544188e+001   2.669525828675774e+003  -1.521248377051636e-001  0.00133   1.332341866437612e-003   1.040864244408533e-002   2.012185310398779e-001   4.296859819763037e+000   2.084995722711615e-002 2320.000  604.000   10.000     0 C:\Users\akhodyre\Studies\hip\20120325\g074a007.fit
  1  0 2012  3 25 17 33 56      0 1961.93645  845.21292    0.03118    0.03182       34.5   0   1    8 0 1 0 0 1  1.40000   3.538488097619807e-001   9.839702328438371e-001   3.194751307405374e+001   2.639803976725890e+003  -1.757516462043507e-001  0.00267   2.674392710430396e-003   2.088305370046962e-002   2.552966615566490e-001   3.371201064921328e+000   4.187853532332573e-002 1962.000  845.000   10.000     0 C:\Users\akhodyre\Studies\hip\20120325\g074a007.fit
  1  0 2012  3 25 17 33 56      0  592.07533  903.15977    0.06170    0.06790       35.1   0   1    9 0 1 0 0 1  1.40000   3.579796241816504e-001   9.213079452237806e-001   2.247048200289636e+001   2.643248602255784e+003  -3.014380079570533e-001  0.00543   5.428164672822856e-003   3.848601432024151e-002   3.597653814868637e-001   3.493207120676892e+000   7.796421176230779e-002  592.000  903.000   10.000     0 C:\Users\akhodyre\Studies\hip\20120325\g074a007.fit
  1  0 2012  3 25 17 33 56      0  572.05053 1202.61114    0.01800    0.01819       38.2   0   1   10 0 1 0 0 1  1.40000   3.542734655356553e-001   9.931534738673179e-001   4.434279161167063e+001   2.669171864137044e+003  -1.729874116650104e-001  0.00155   1.546149673191722e-003   1.217564203749253e-002   2.047038525483923e-001   3.720337964154370e+000   2.441287860873444e-002  572.000 1203.000   10.000     0 C:\Users\akhodyre\Studies\hip\20120325\g074a007.fit
  1  0 2012  3 25 17 33 56      0  528.67254  262.95163    0.04526    0.04460       34.3   0   1   11 0 1 0 0 1  1.40000   3.395388118537698e-001   1.026424822669168e+000   2.667361943584783e+001   2.611690667440974e+003  -3.095329474740761e-001  0.00358   3.580961030106194e-003   2.994565679026505e-002   2.970828355585318e-001   3.412219689772274e+000   6.054084607292670e-002  529.000  263.000   10.000     0 C:\Users\akhodyre\Studies\hip\20120325\g074a007.fit
  1  0 2012  3 25 17 33 56      0  388.87893  317.95900    0.03213    0.03279       37.2   0   1   12 0 1 0 0 1  1.40000   3.432007633629730e-001   9.842295359924089e-001   3.264720762011060e+001   2.615733579763933e+003  -1.919300811468504e-001  0.00260   2.596965561579939e-003   2.088197906555920e-002   2.608734965922643e-001   3.728930968895234e+000   4.190747703802458e-002  389.000  318.000   10.000     0 C:\Users\akhodyre\Studies\hip\20120325\g074a007.fit
  1  0 2012  3 25 17 33 56      0  242.61654  982.94139    0.04569    0.04897       31.7   0   1   13 0 1 0 0 1  1.40000   3.662710241445221e-001   9.332071137892483e-001   2.498035098451021e+001   2.624687970384038e+003   2.276441163591813e-004  0.00420   4.195712392960563e-003   3.026101201544859e-002   3.027441581889882e-001   3.075984611141173e+000   6.042266783347033e-002  243.000  983.000   10.000     0 C:\Users\akhodyre\Studies\hip\20120325\g074a007.fit
  1  0 2012  3 25 17 33 56      0   53.53237 1324.87610    0.02613    0.02655       35.5   0   1   14 0 1 0 0 1  1.40000   3.579522686593216e-001   9.880139185518575e-001   3.543606158399837e+001   2.633159686342091e+003  -1.614621207698324e-001  0.00229   2.294076812103185e-003   1.780516479577092e-002   2.400979439040017e-001   3.397853238293624e+000   3.567651073439985e-002   53.000 1324.000   10.000     0 C:\Users\akhodyre\Studies\hip\20120325\g074a007.fit
  1  0 2012  3 25 17 33 56      0  248.76888 1901.01253    0.02061    0.02122       36.8   0   1   15 0 1 0 0 1  1.40000   3.545291940641160e-001   9.753360280895026e-001   4.049005630302379e+001   2.647795659372485e+003  -1.685970940770827e-001  0.00178   1.776984752237200e-003   1.373551766630482e-002   2.143895292024542e-001   3.565028378893323e+000   2.753378829761720e-002  249.000 1900.000   10.000     0 C:\Users\akhodyre\Studies\hip\20120325\g074a007.fit
