  1  0 2012  3 25 17 33 27      0 2340.92902 1684.40455    0.01083    0.01105      420.4   0   1    1 0 1 0 0 1  1.40000   3.026929601924563e-001   9.833532985180772e-001   1.892668532225976e+002   2.854806176837521e+003  -1.571030350770170e-001  0.00069   6.884561383276062e-004   6.293925267065156e-003   4.513427577069023e-001   4.732034966320092e+001   1.259964167859750e-002 2341.000 1684.000   10.000     0 C:\Users\akhodyre\Studies\hip\20120325\g074a006.fit
  1  0 2012  3 25 17 33 27      0 2484.43298 2160.12930    0.01096    0.01115      682.5   0   1    2 0 1 0 0 1  1.40000   3.026060032442425e-001   9.869777201971554e-001   2.399059329890667e+002   3.022886356820789e+003  -1.727206474474706e-001  0.00070   6.961549965496727e-004   6.381241403653732e-003   5.787558419783239e-001   7.683193916813660e+001   1.278394372284102e-002 2484.000 2160.000   10.000     0 C:\Users\akhodyre\Studies\hip\20120325\g074a006.fit
  1  0 2012  3 25 17 33 27      0 1661.85236 2399.40075    0.02172    0.02236     1759.9   0   1    3 0 1 0 0 1  1.40000   2.545418054764930e-001   9.773114378993266e-001   2.737079806191089e+002   2.182622260310815e+003  -1.671145881307559e-001  0.00100   1.003497015823921e-003   1.084263579965830e-002   1.108908188305007e+000   2.310127209831807e+002   2.167665544416721e-002 1661.000 2398.000   10.000     0 C:\Users\akhodyre\Studies\hip\20120325\g074a006.fit
  1  0 2012  3 25 17 33 27      0 2700.33717 2138.10888    0.01291    0.01318      103.7   0   1    4 0 1 0 0 1  1.40000   3.039555202404966e-001   9.823578053103319e-001   8.605182234220416e+001   2.745529639995840e+003  -1.636159000784916e-001  0.00083   8.269481369991817e-004   7.516548956411111e-003   2.455626445535163e-001   1.165445154618176e+001   1.505260144594954e-002 2700.000 2138.000   10.000     0 C:\Users\akhodyre\Studies\hip\20120325\g074a006.fit
  1  0 2012  3 25 17 33 27      0 2629.78922 2825.40163    0.01685    0.02008      178.1   0   1    5 0 1 0 0 1  1.40000   2.565310600039609e-001   8.438777436558037e-001   9.530200554642727e+001   2.566603722608444e+003   1.028775790000310e-001  0.00080   7.974341771295103e-004   7.412750386432315e-003   3.031801938032373e-001   2.645432622965349e+001   1.477917030227436e-002 2630.000 2825.000   10.000     0 C:\Users\akhodyre\Studies\hip\20120325\g074a006.fit
  1  0 2012  3 25 17 33 27      0 2036.35811 1570.16498    0.06331    0.06594       34.6   0   1    6 0 1 0 0 1  1.40000   2.953976324831277e-001   9.616768147715833e-001   2.234224125357031e+001   2.672434266588679e+003  -1.077769182969069e-001  0.00385   3.846634801092192e-003   3.535948208542797e-002   3.043387921672118e-001   4.047900113690636e+000   7.063740875096471e-002 2036.000 1570.000   10.000     0 C:\Users\akhodyre\Studies\hip\20120325\g074a006.fit
  1  0 2012  3 25 17 33 27      0 2318.91915  603.99879    0.01981    0.02056       46.5   0   1    7 0 1 0 0 1  1.40000   3.020179575823240e-001   9.672582891596495e-001   4.631796191695227e+001   2.688250311156917e+003  -1.648169996544660e-001  0.00125   1.254792768027524e-003   1.129876582380625e-002   2.016866297065804e-001   5.310010322527325e+000   2.263018721455811e-002 2319.000  604.000   10.000     0 C:\Users\akhodyre\Studies\hip\20120325\g074a006.fit
  1  0 2012  3 25 17 33 27      0 1961.20686  845.66198    0.03700    0.03772       34.6   0   1    8 0 1 0 0 1  1.40000   2.918565455582247e-001   9.815377328495086e-001   2.937638726106438e+001   2.663590987603296e+003  -8.755331747879663e-002  0.00219   2.194758429959018e-003   2.086551483961630e-002   2.310225161986199e-001   4.042545214927385e+000   4.165802349565013e-002 1962.000  846.000   10.000     0 C:\Users\akhodyre\Studies\hip\20120325\g074a006.fit
  1  0 2012  3 25 17 33 27      0  591.43316  903.42820    0.06958    0.07281       34.2   0   1    9 0 1 0 0 1  1.40000   3.040544161581295e-001   9.581309581686190e-001   2.117385135242431e+001   2.675603843613209e+003  -1.282533384036983e-001  0.00447   4.468856183249757e-003   3.970574557291570e-002   3.260565531146575e-001   3.879468386057840e+000   7.939101865008148e-002  591.000  903.000   10.000     0 C:\Users\akhodyre\Studies\hip\20120325\g074a006.fit
  1  0 2012  3 25 17 33 27      0  571.32648 1203.05286    0.02163    0.02230       40.5   0   1   10 0 1 0 0 1  1.40000   3.046325243008726e-001   9.717443052032401e-001   4.145718391378107e+001   2.685935532118054e+003  -1.151863868440346e-001  0.00139   1.392683850892499e-003   1.253740393493157e-002   1.987313683442816e-001   4.554064240915780e+000   2.505864160878702e-002  572.000 1203.000   10.000     0 C:\Users\akhodyre\Studies\hip\20120325\g074a006.fit
  1  0 2012  3 25 17 33 27      0  527.93399  263.47115    0.04762    0.05249       35.5   0   1   11 0 1 0 0 1  1.40000   3.360697138345979e-001   9.102772122146431e-001   2.571045010505045e+001   2.644070527351704e+003  -1.417131027608992e-001  0.00371   3.708646893630734e-003   2.826888800702475e-002   2.987713348891900e-001   3.762947606114887e+000   5.660689644347630e-002  528.000  264.000   10.000     0 C:\Users\akhodyre\Studies\hip\20120325\g074a006.fit
  1  0 2012  3 25 17 33 27      0  388.14073  318.35078    0.03560    0.03744       36.1   0   1   12 0 1 0 0 1  1.40000   3.107930012861991e-001   9.526677005529254e-001   3.037242683527780e+001   2.648577537782249e+003  -1.070376693318854e-001  0.00238   2.383583211029916e-003   2.062636293847213e-002   2.444330778121676e-001   4.028533579674085e+000   4.121866700619799e-002  388.000  318.000   10.000     0 C:\Users\akhodyre\Studies\hip\20120325\g074a006.fit
  1  0 2012  3 25 17 33 27      0  241.79342  983.46498    0.05637    0.06220       34.1   0   1   13 0 1 0 0 1  1.40000   3.195250957472676e-001   9.100117649484195e-001   2.315082052763222e+001   2.656298498872060e+003  -1.520082314894574e-001  0.00399   3.989378343192152e-003   3.195217858823081e-002   3.033010926180899e-001   3.768294919374259e+000   6.398775518604040e-002  242.000  983.000   10.000     0 C:\Users\akhodyre\Studies\hip\20120325\g074a006.fit
  1  0 2012  3 25 17 33 27      0   52.82814 1325.32215    0.02999    0.03135       36.5   0   1   14 0 1 0 0 1  1.40000   3.244473786314344e-001   9.599054572017186e-001   3.331355243765856e+001   2.663724208285697e+003  -1.504896391753624e-001  0.00218   2.179121026897679e-003   1.814276280186598e-002   2.354386271836565e-001   3.891591984663385e+000   3.632729648981855e-002   53.000 1325.000   10.000     0 C:\Users\akhodyre\Studies\hip\20120325\g074a006.fit
  1  0 2012  3 25 17 33 27      0  248.05025 1901.48053    0.02456    0.02496       39.3   0   1   15 0 1 0 0 1  1.40000   3.154754972741261e-001   9.862331362486084e-001   3.847024838976089e+001   2.672930265858348e+003  -1.432640963708358e-001  0.00169   1.690411454603185e-003   1.488586254189775e-002   2.165561186155762e-001   4.203149808328613e+000   2.978749778537137e-002  249.000 1901.000   10.000     0 C:\Users\akhodyre\Studies\hip\20120325\g074a006.fit
