  1  0 2012  3 25 17 31  4      0 2337.80876 1686.40771    0.00974    0.01000      360.0   0   1    1 0 1 0 0 1  1.40000   2.922604762037572e-001   9.743750813738771e-001   1.844455535027739e+002   3.017826270606500e+003   3.427585796339556e-002  0.00058   5.794720245634971e-004   5.470841049645371e-003   3.824292704694908e-001   4.221280532445053e+001   1.091065659044480e-002 2338.000 1686.000   10.000     0 C:\Users\akhodyre\Studies\hip\20120325\g074a001.fit
  1  0 2012  3 25 17 31  4      0 2481.32213 2162.14136    0.01032    0.01042      602.3   0   1    2 0 1 0 0 1  1.40000   2.877862282333820e-001   9.902871580545095e-001   2.327152223530497e+002   3.064420994862542e+003   2.759218995432260e-002  0.00060   5.957708024170455e-004   5.806244025600644e-003   5.036299064089529e-001   7.138326328014597e+001   1.157844870726277e-002 2481.000 2162.000   10.000     0 C:\Users\akhodyre\Studies\hip\20120325\g074a001.fit
  1  0 2012  3 25 17 31  4      0 1658.72213 2401.38382    0.01961    0.02065     1602.0   0   1    3 0 1 0 0 1  1.40000   2.596333355125065e-001   9.477932462655342e-001   2.731923182002141e+002   2.520601143075744e+003   3.070062500976056e-002  0.00094   9.392110561227974e-004   9.716765048135043e-003   1.016975629972212e+000   2.093036784064197e+002   1.935149187886313e-002 1657.000 2401.000   10.000     0 C:\Users\akhodyre\Studies\hip\20120325\g074a001.fit
  1  0 2012  3 25 17 31  4      0 2697.23662 2140.11946    0.01182    0.01199       87.6   0   1    4 0 1 0 0 1  1.40000   2.819032490470975e-001   9.857673779428317e-001   8.283939734134049e+001   2.947298388948842e+003   2.643173165183679e-002  0.00066   6.561797126152363e-004   6.499350733100745e-003   2.012260131446669e-001   1.064914368794915e+001   1.295802706906156e-002 2697.000 2140.000   10.000     0 C:\Users\akhodyre\Studies\hip\20120325\g074a001.fit
  1  0 2012  3 25 17 31  4      0 2626.69937 2827.39334    0.01256    0.01496      129.3   0   1    5 0 1 0 0 1  1.40000   2.543174592895007e-001   8.487356433294713e-001   9.406984550657290e+001   2.819658048629291e+003   1.999123612614002e-001  0.00059   5.854350249870824e-004   5.464790147104226e-003   2.212759079800184e-001   1.933063053292113e+001   1.096202954517323e-002 2627.000 2827.000   10.000     0 C:\Users\akhodyre\Studies\hip\20120325\g074a001.fit
  1  0 2012  3 25 17 31  4      0 2033.26572 1572.10743    0.06117    0.06431       34.8   0   1    6 0 1 0 0 1  1.40000   3.214308969910745e-001   9.515918021198274e-001   2.274757092958562e+001   2.932579190135490e+003  -5.101377486028090e-002  0.00437   4.365107648014085e-003   3.656740541595746e-002   3.249069166305186e-001   3.766805955900336e+000   7.299385536038333e-002 2033.000 1572.000   10.000     0 C:\Users\akhodyre\Studies\hip\20120325\g074a001.fit
  1  0 2012  3 25 17 31  4      0 2315.71155  606.04453    0.02807    0.02934       65.6   0   1    7 0 1 0 0 1  1.40000   3.033703944126625e-001   9.567135042671937e-001   4.614929057725152e+001   2.936311596029228e+003   4.860353349838135e-002  0.00179   1.793970039958247e-003   1.601340802430274e-002   2.859436674013214e-001   7.460410220747790e+000   3.195116676398270e-002 2315.000  606.000   10.000     0 C:\Users\akhodyre\Studies\hip\20120325\g074a001.fit
  1  0 2012  3 25 17 31  4      0 1958.13471  847.59855    0.03947    0.04340       38.3   0   1    8 0 1 0 0 1  1.40000   3.129968543754171e-001   9.106828348314788e-001   2.935960637154375e+001   2.918808120438657e+003   7.696195554584645e-002  0.00269   2.687310849382638e-003   2.210656053577346e-002   2.639845732274429e-001   4.280906333029824e+000   4.413238720891257e-002 1959.000  847.000   10.000     0 C:\Users\akhodyre\Studies\hip\20120325\g074a001.fit
  1  0 2012  3 25 17 31  4      0  588.20750  905.68714    0.07225    0.07530       33.3   0   1    9 0 1 0 0 1  1.40000   2.914469948954003e-001   9.596632136969543e-001   2.052301375745314e+001   2.926637422105809e+003  -3.872938317861731e-002  0.00428   4.277431995620201e-003   3.988020113730410e-002   3.148973615576240e-001   3.976846074225783e+000   7.954152248549366e-002  588.000  906.000   10.000     0 C:\Users\akhodyre\Studies\hip\20120325\g074a001.fit
  1  0 2012  3 25 17 31  4      0  568.17285 1205.00925    0.02388    0.02502       41.9   0   1   10 0 1 0 0 1  1.40000   2.964275423213357e-001   9.549539203522963e-001   3.996780929898960e+001   2.939830224089039e+003   5.525774403119322e-002  0.00146   1.460346764479423e-003   1.331467413485414e-002   2.060432781765261e-001   4.913711361183938e+000   2.656500090005726e-002  568.000 1205.000   10.000     0 C:\Users\akhodyre\Studies\hip\20120325\g074a001.fit
  1  0 2012  3 25 17 31  4      0  524.65944  265.47155    0.06003    0.06303       38.7   0   1   11 0 1 0 0 1  1.40000   3.033101561173484e-001   9.530970609571507e-001   2.423416281149637e+001   2.885637333590976e+003  -6.363370200595124e-002  0.00384   3.838797299758772e-003   3.412870029594010e-002   3.211955500498160e-001   4.399391128482345e+000   6.810636221785431e-002  524.000  265.000   10.000     0 C:\Users\akhodyre\Studies\hip\20120325\g074a001.fit
  1  0 2012  3 25 17 31  4      0  384.97639  320.34758    0.03987    0.04141       37.3   0   1   12 0 1 0 0 1  1.40000   2.949199965600895e-001   9.630945239139406e-001   2.926031674327625e+001   2.886256061786973e+003   5.882356269019652e-003  0.00241   2.414874724393659e-003   2.233803712620440e-002   2.506380468698830e-001   4.366447386423634e+000   4.454401130358125e-002  385.000  320.000   10.000     0 C:\Users\akhodyre\Studies\hip\20120325\g074a001.fit
  1  0 2012  3 25 17 31  4      0  238.66874  985.39810    0.06325    0.06617       38.2   0   1   13 0 1 0 0 1  1.40000   3.396125197808957e-001   9.563786371114115e-001   2.344475869828996e+001   2.909863947854019e+003   5.645337312446185e-002  0.00502   5.017189858081829e-003   3.996880629235577e-002   3.653093054931783e-001   3.900924105199787e+000   7.981320621319157e-002  239.000  985.000   10.000     0 C:\Users\akhodyre\Studies\hip\20120325\g074a001.fit
  1  0 2012  3 25 17 31  4      0   49.58654 1327.34927    0.03700    0.03958       41.4   0   1   14 0 1 0 0 1  1.40000   2.971070706573601e-001   9.351315502644056e-001   3.177555238243698e+001   2.904678372402429e+003  -3.080909180639111e-002  0.00228   2.275836624608335e-003   2.028386590149068e-002   2.545325153131468e-001   4.901088710440848e+000   4.045699709561504e-002   50.000 1328.000   10.000     0 C:\Users\akhodyre\Studies\hip\20120325\g074a001.fit
  1  0 2012  3 25 17 31  4      0  244.73955 1903.46616    0.02729    0.02897       39.6   0   1   15 0 1 0 0 1  1.40000   2.985088844980352e-001   9.430008543023732e-001   3.625042700865085e+001   2.914649531055688e+003   4.460512438113506e-002  0.00169   1.693937256438771e-003   1.514959544500098e-002   2.151633529452231e-001   4.617039973082182e+000   3.021867663533714e-002  245.000 1903.000   10.000     0 C:\Users\akhodyre\Studies\hip\20120325\g074a001.fit
