-0.0163822776393092 0.0177882995190039
0.0888097384855101 0.189747409215943
-0.0474673426038744 -0.208724937100328
-0.132119884356366 -0.108036427620426
-0.0862475491214487 -0.102056852991443
0.831815901985412 0.193213654047917
0.0773317359597974 0.131529866291679
0.0214955416030015 -0.148830249549236
-0.110106790719466 0.242155936823749
-0.0724346783863917 -0.268386404729925
0.213570872117771 -0.423640243031831
-0.423930678222005 0.0396341333165112
-0.0449623059416411 0.231383407301699
0.0290177874904142 0.013248334724031
0.20142826835134 0.305071176241965
