2339.6893425 1685.0648425 0.00996125 0.0102025
2483.195335 2160.78894375 0.0100275 0.0102325
1660.6305975 2400.06255875 0.01853125 0.01923625
2699.1036575 2138.7717225 0.0121275 0.01240125
2628.55866375 2826.07710875 0.01507375 0.01800125
2035.17633625 1570.78426875 0.06693625 0.06780625
2317.65746125 604.69552125 0.02429125 0.024695
1960.0080475 846.322535 0.0388375 0.04033125
590.1642375 904.21290625 0.072865 0.077045
570.13030125 1203.711145 0.023345 0.02354
526.72018125 264.13005 0.05332875 0.0551
386.9055925 319.06409375 0.03721375 0.0389325
240.5754 984.1021925 0.06046625 0.06354875
51.5503375 1325.96330875 0.0329575 0.0341875
246.7597925 1902.15253375 0.0262775 0.02685625
