  1  0 2012 12 16  0  9 21      0 2315.69825 1829.54247    0.01417    0.01484       59.0   0   1    1 0 1 0 0 1  1.40000   1.051426288004776e-001   9.617353010466175e-001   6.808124589367031e+001   2.052789458020893e+003   6.501473505985039e-002  0.00015   1.544052508277569e-004   4.040959767910487e-003   7.359288576996914e-002   4.199080739006524e+001   7.928558004066401e-003 2315.000 1829.000   10.000     0 C:\Users\akhodyre\Studies\hip\20121215\g074a005.fit
  1  0 2012 12 16  0  9 21      0 2459.59271 2304.84804    0.01033    0.01101       74.8   0   1    2 0 1 0 0 1  1.40000   1.068121639618850e-001   9.648916940737554e-001   8.908222740265073e+001   1.943622548169731e+003   6.873563037804473e-002  0.00012   1.158079007736875e-004   2.991364328066827e-003   7.194508722785226e-002   5.048224013403634e+001   5.846689726390943e-003 2460.000 2304.000   10.000     0 C:\Users\akhodyre\Studies\hip\20121215\g074a005.fit
  1  0 2012 12 16  0  9 21      0 1637.53395 2544.85753    0.00933    0.00963      105.6   0   1    3 0 1 0 0 1  1.40000   1.061342079380016e-001   9.626053911976813e-001   1.114240510604522e+002   1.799203747805814e+003   5.445526414199926e-002  0.00010   1.035828152844702e-004   2.690278043986865e-003   8.104627399352145e-002   7.964990113914729e+001   5.252986300096459e-003 1637.000 2545.000   10.000     0 C:\Users\akhodyre\Studies\hip\20121215\g074a005.fit
  1  0 2012 12 16  0  9 21      0 2675.40000 2282.81491    0.03655    0.03747       34.5   0   1    4 0 1 0 0 1  1.40000   1.113633265950478e-001   9.680890266385903e-001   3.183989644484344e+001   2.382574706028875e+003   9.735363344417761e-002  0.00043   4.324712072449740e-004   1.073761567945828e-002   9.554689497550083e-002   2.267971456965883e+001   2.104162453633544e-002 2676.000 2283.000   10.000     0 C:\Users\akhodyre\Studies\hip\20121215\g074a005.fit
  1  0 2012 12 16  0  9 21      0 2605.44506 2969.84408    0.02736    0.03086       38.8   0   1    5 0 1 0 0 1  1.40000   1.033395985447391e-001   9.243447230482644e-001   3.951845852391573e+001   2.272326239768168e+003   8.815309175385966e-002  0.00030   2.981101902551028e-004   7.624863966913917e-003   8.134587765345649e-002   2.970246669240983e+001   1.498815313646410e-002 2605.000 2969.000   10.000     0 C:\Users\akhodyre\Studies\hip\20121215\g074a005.fit
  1  0 2012 12 16  0  9 21      0 2010.50302 1715.70218    0.38471    0.41892       27.2   0   1    6 0 1 0 0 1  1.40000   1.389854241217351e-001   9.089298245538878e-001   8.358687353910232e+000   2.407567731674565e+003   1.741214587998997e-001  0.00634   6.341884277146320e-003   1.173043101549406e-001   3.271033923792123e-001   1.011291673105594e+001   2.327309463877887e-001 2009.000 1716.000   10.000     0 C:\Users\akhodyre\Studies\hip\20121215\g074a005.fit
  1  0 2012 12 16  0  9 21      0 2292.51190  749.65225    0.10882    0.11444       28.8   0   1    7 0 1 0 0 1  1.40000   1.136337779037368e-001   9.242214388010229e-001   1.697650017170637e+001   2.398065667001086e+003   1.074051581263676e-001  0.00131   1.305463246301019e-003   3.029118064135775e-002   1.490081186634213e-001   1.660304770801271e+001   5.945667857924179e-002 2294.000  750.000   10.000     0 C:\Users\akhodyre\Studies\hip\20121215\g074a005.fit
  1  0 2012 12 16  0  9 21      0 1935.34124  991.52060    0.28076    0.23136       28.2   0   1    8 0 1 0 0 1  1.40000   1.243911661002866e-001   1.164482584462324e+000   1.067305764061104e+001   2.409016843118524e+003  -3.401232462902308e-002  0.00363   3.626062381299668e-003   9.718916897052980e-002   2.682709284724374e-001   1.003928922751907e+001   1.908999106855594e-001 1934.000  991.000   10.000     0 C:\Users\akhodyre\Studies\hip\20121215\g074a005.fit
  1  0 2012 12 16  0  9 21      0  564.42640 1055.75349    0.08516    0.44440       30.9   0   1    9 0 1 0 0 1  1.40000   1.468669988828238e+001   3.912519447348237e-001   6.047576825274160e+001   2.428746336702237e+003   7.082130009022482e-001  1.09202   1.092021678515640e+000   1.675409345946910e-002   3.216591601093801e+002   1.740635761425577e+000   2.960957060107139e-001  564.000 1057.000   10.000     0 C:\Users\akhodyre\Studies\hip\20121215\g074a005.fit
  1  0 2012 12 16  0  9 21      0  546.15163 1349.82601    0.14203    0.14136       29.2   0   1   10 0 1 0 0 1  1.40000   1.116607263310332e-001   9.446865175316274e-001   1.539640566367049e+001   2.397117973856019e+003   8.625971108604448e-002  0.00159   1.593486394401136e-003   3.846890409373588e-002   1.651928711122345e-001   1.519251414709384e+001   7.559999016578264e-002  544.000 1350.000   10.000     0 C:\Users\akhodyre\Studies\hip\20121215\g074a005.fit
  1  0 2012 12 16  0  9 21      0  500.71760  410.58531    0.53157    0.46244       28.0   0   1   11 0 1 0 0 1  1.40000   1.260759482511328e-001   9.333870922910192e-001   9.605498681021262e+000   2.385062667119133e+003   5.605957396491233e-002  0.00502   5.018910937718293e-003   1.048619347626457e-001   2.750850213769019e-001   6.318188623566909e+000   2.260761829391681e-001  495.000  408.000   10.000     0 C:\Users\akhodyre\Studies\hip\20121215\g074a005.fit
  1  0 2012 12 16  0  9 21      0  362.17018  465.57456    0.25529    0.23282       27.3   0   1   12 0 1 0 0 1  1.40000   1.107521028166826e-001   9.922156239604618e-001   1.150978535134660e+001   2.382360633358115e+003   1.475301465427089e-001  0.00267   2.674051727940746e-003   6.795347312757574e-002   2.080947128100889e-001   1.247527325368087e+001   1.344556560688857e-001  365.000  466.000   10.000     0 C:\Users\akhodyre\Studies\hip\20121215\g074a005.fit
  1  0 2012 12 16  0  9 21      0  221.39237 1130.98687    6.26127    2.12676       27.6   0   1   13 0 1 0 0 1  1.40000   1.110710881745091e-001   1.638783406606553e+000   1.035669457384566e+001   2.396528862296723e+003  -4.666428188224945e-001  0.00477   4.771818958858429e-003   2.388001319787110e-001   8.970751724784080e-001   4.427016634847506e+000   4.593015981365917e-001  208.000 1128.000   10.000     0 C:\Users\akhodyre\Studies\hip\20121215\g074a005.fit
  1  0 2012 12 16  0  9 21      0   27.41214 1472.76892    0.21242    0.21229       28.7   0   1   14 0 1 0 0 1  1.40000   1.129312424354256e-001   1.000698323086160e+000   1.227802691286329e+001   2.382211035683054e+003  -2.708820801269116e-001  0.00248   2.477421188688231e-003   6.165823953703949e-002   2.088042117176611e-001   1.498475859590518e+001   1.223909433180252e-001   26.000 1472.000   10.000     0 C:\Users\akhodyre\Studies\hip\20121215\g074a005.fit
  1  0 2012 12 16  0  9 21      0  223.51948 2048.25556    0.15091    0.17318       27.5   0   1   15 0 1 0 0 1  1.40000   1.077721214086004e-001   9.119299901426109e-001   1.400605985755892e+001   2.383205761232411e+003   5.831580553386025e-002  0.00175   1.746309680779421e-003   4.230805695405870e-002   1.662374573575176e-001   1.900291178191453e+001   8.255479434407950e-002  223.000 2050.000   10.000     0 C:\Users\akhodyre\Studies\hip\20121215\g074a005.fit
