  1  0 2012 12 16  0 10 18      0 2316.65253 1829.32745    0.01344    0.01380       57.0   0   1    1 0 1 0 0 1  1.40000   1.137211780813246e-001   9.775753550237452e-001   6.718896259240555e+001   2.257587938502396e+003   2.240899618295585e-002  0.00016   1.639804212006695e-004   4.033216354194743e-003   7.618225031561450e-002   3.471166885269061e+001   7.884094241496820e-003 2317.000 1829.000   10.000     0 C:\Users\akhodyre\Studies\hip\20121215\g074a007.fit
  1  0 2012 12 16  0 10 18      0 2460.70374 2304.76928    0.00970    0.00977       71.3   0   1    2 0 1 0 0 1  1.40000   1.115791657541606e-001   9.855945917490847e-001   8.882278209952169e+001   2.094022115605590e+003   1.195000341309147e-002  0.00011   1.149224527396624e-004   2.906549328335822e-003   7.137977005257006e-002   4.683116272244742e+001   5.675298154470434e-003 2461.000 2305.000   10.000     0 C:\Users\akhodyre\Studies\hip\20121215\g074a007.fit
  1  0 2012 12 16  0 10 18      0 1638.37843 2544.74671    0.00870    0.00883       99.8   0   1    3 0 1 0 0 1  1.40000   1.170451368169586e-001   9.747257377320443e-001   1.099928887373685e+002   2.476438506840177e+003   2.819057988738542e-003  0.00011   1.101278741518434e-004   2.623423216496587e-003   8.292625816174301e-002   5.760122151758095e+001   5.131443157296318e-003 1639.000 2545.000   10.000     0 C:\Users\akhodyre\Studies\hip\20121215\g074a007.fit
  1  0 2012 12 16  0 10 18      0 2676.51071 2282.80147    0.03663    0.03879       35.1   0   1    4 0 1 0 0 1  1.40000   1.094450187436954e-001   9.644865796196837e-001   3.224490704324273e+001   2.344298025992232e+003   2.472405698185224e-002  0.00042   4.240685654077606e-004   1.069309174882779e-002   9.475347021799460e-002   2.219296147953654e+001   2.093843143147972e-002 2676.000 2282.000   10.000     0 C:\Users\akhodyre\Studies\hip\20121215\g074a007.fit
  1  0 2012 12 16  0 10 18      0 2606.79539 2969.84000    0.03209    0.03295       42.3   0   1    5 0 1 0 0 1  1.40000   1.091138282984500e-001   9.569494922721129e-001   3.832591085985667e+001   2.356252535032651e+003   1.567636911183756e-002  0.00036   3.618358049978444e-004   9.082242564735631e-003   9.567572652638673e-002   2.634365155746720e+001   1.780235227300866e-002 2608.000 2971.000   10.000     0 C:\Users\akhodyre\Studies\hip\20121215\g074a007.fit
  1  0 2012 12 16  0 10 18      0 2010.82903 1716.31357    0.58834    0.44928       28.4   0   1    6 0 1 0 0 1  1.40000   9.238426001630531e-002   1.157217116108667e+000   8.636639534838498e+000   2.390149056754648e+003  -1.643800622805084e-001  0.00420   4.200900101936133e-003   1.495494040883439e-001   2.659164363675897e-001   1.302317730230307e+001   3.183335503690494e-001 2008.000 1719.000   10.000     0 C:\Users\akhodyre\Studies\hip\20121215\g074a007.fit
  1  0 2012 12 16  0 10 18      0 2293.60613  749.25241    0.12228    0.11927       31.6   0   1    7 0 1 0 0 1  1.40000   1.167418554119046e-001   9.825712675533453e-001   1.689843371910979e+001   2.400989376846736e+003   4.217037439995550e-002  0.00149   1.486108634643507e-003   3.573092765764172e-002   1.705892222139838e-001   1.579415890220063e+001   7.005308977723880e-002 2292.000  750.000   10.000     0 C:\Users\akhodyre\Studies\hip\20121215\g074a007.fit
  1  0 2012 12 16  0 10 18      0 1936.57051  990.98727    0.27152    0.29213       30.4   0   1    8 0 1 0 0 1  1.40000   1.119088173209025e-001   9.356871615217105e-001   1.086123889689549e+001   2.389355043112061e+003  -1.002936750314492e-001  0.00329   3.294844942806579e-003   7.868845926726072e-002   2.450658241269207e-001   2.065504170701338e+001   1.544234493524355e-001 1937.000  991.000   10.000     0 C:\Users\akhodyre\Studies\hip\20121215\g074a007.fit
  1  0 2012 12 16  0 10 18      0  566.90464 1051.24266    0.38750    0.57719       29.1   0   1    9 0 1 0 0 1  1.40000   2.291771609300671e-001   6.906215635394144e-001   7.699219829873655e+000   2.415335845121481e+003  -8.063275216408181e-002  0.01563   1.563472381239721e-002   1.338534130292541e-001   5.107861115258552e-001   5.359242366532960e+000   2.653639077227127e-001  566.000 1050.000   10.000     0 C:\Users\akhodyre\Studies\hip\20121215\g074a007.fit
  1  0 2012 12 16  0 10 18      0  547.21566 1349.18957    0.14175    0.13393       30.2   0   1   10 0 1 0 0 1  1.40000   1.080025567884564e-001   1.021326823315608e+000   1.560857616385130e+001   2.382755853941345e+003   1.406590959460063e-001  0.00154   1.535649279901563e-003   4.139208101612906e-002   1.696777185916185e-001   1.784619901903960e+001   8.188183047360431e-002  546.000 1349.000   10.000     0 C:\Users\akhodyre\Studies\hip\20121215\g074a007.fit
  1  0 2012 12 16  0 10 18      0  502.90127  410.57865    0.33160    0.40577       29.9   0   1   11 0 1 0 0 1  1.40000   1.126434049268201e-001   8.794638281423189e-001   9.762319708358943e+000   2.370554457813172e+003   1.822687379557401e-001  0.00410   4.101818279741548e-003   9.066242765518190e-002   2.615601712901058e-001   1.626635159169706e+001   1.834752054018015e-001  502.000  409.000   10.000     0 C:\Users\akhodyre\Studies\hip\20121215\g074a007.fit
  1  0 2012 12 16  0 10 18      0  363.09912  465.37766    0.28144    0.24547       28.6   0   1   12 0 1 0 0 1  1.40000   1.206792760347258e-001   1.044754162655166e+000   1.109843782001246e+001   2.385615210191023e+003   2.569484480972756e-001  0.00332   3.323388011497694e-003   8.084753615047105e-002   2.434605171013886e-001   1.009325823359941e+001   1.609460992119730e-001  360.000  466.000   10.000     0 C:\Users\akhodyre\Studies\hip\20121215\g074a007.fit
  1  0 2012 12 16  0 10 18      0  218.28774 1130.65947    0.38712    0.38886       26.9   0   1   13 0 1 0 0 1  1.40000   9.408130645301341e-002   9.978822467991435e-001   9.168856260698222e+000   2.371533383461097e+003  -1.103070166454877e-003  0.00355   3.549608376732180e-003   1.080351546015818e-001   2.359357054784529e-001   2.405622061305615e+001   2.106744167318479e-001  219.000 1130.000   10.000     0 C:\Users\akhodyre\Studies\hip\20121215\g074a007.fit
  1  0 2012 12 16  0 10 18      0   28.66467 1472.14328    0.18868    0.19328       30.9   0   1   14 0 1 0 0 1  1.40000   1.078671531470071e-001   1.003426895942511e+000   1.347157383362132e+001   2.357769460207182e+003  -2.797804215252561e-002  0.00211   2.110191382761100e-003   5.617498117771972e-002   1.999308899721397e-001   1.824999188400484e+001   1.099933099996112e-001   29.000 1471.000   10.000     0 C:\Users\akhodyre\Studies\hip\20121215\g074a007.fit
  1  0 2012 12 16  0 10 18      0  224.34913 2048.15046    0.16185    0.18730       29.0   0   1   15 0 1 0 0 1  1.40000   1.249717105981534e-001   9.338381813375837e-001   1.399793427009148e+001   2.392091196580036e+003   1.632357943618810e-002  0.00222   2.224520805830647e-003   4.725379450334274e-002   1.930474141405003e-001   9.356854511272079e+000   9.572158767327843e-002  226.000 2052.000   10.000     0 C:\Users\akhodyre\Studies\hip\20121215\g074a007.fit
