  1  0 2012 12 16  0  7 55      0 2315.50830 1829.03081    0.01246    0.01293       64.2   0   1    1 0 1 0 0 1  1.40000   1.203599441706670e-001   9.831144056489103e-001   7.354182326921877e+001   2.106866986970454e+003   2.622244996516797e-002  0.00016   1.644298253963635e-004   3.836521317279665e-003   8.148105449671882e-002   3.058615682109977e+001   7.535582960112037e-003 2315.000 1828.000   10.000     0 C:\Users\akhodyre\Studies\hip\20121215\g074a002.fit
  1  0 2012 12 16  0  7 55      0 2459.38907 2304.44667    0.00910    0.00921       82.9   0   1    2 0 1 0 0 1  1.40000   1.237111382455600e-001   9.905913275730160e-001   9.711546250016981e+001   2.033171126390773e+003   3.728634495892558e-002  0.00012   1.248463413347394e-004   2.855495084677344e-003   8.147095524869437e-002   3.985992039855557e+001   5.604176728657821e-003 2459.000 2304.000   10.000     0 C:\Users\akhodyre\Studies\hip\20121215\g074a002.fit
  1  0 2012 12 16  0  7 55      0 1637.16900 2544.65667    0.00841    0.00861      114.4   0   1    3 0 1 0 0 1  1.40000   1.206812927680188e-001   9.881834376843853e-001   1.190775240440250e+002   2.015909972066818e+003   2.730850221306646e-002  0.00011   1.115662955625571e-004   2.610664676910071e-003   9.001931370349459e-002   5.753251374019081e+001   5.117593814318270e-003 1637.000 2544.000   10.000     0 C:\Users\akhodyre\Studies\hip\20121215\g074a002.fit
  1  0 2012 12 16  0  7 55      0 2675.22481 2282.34810    0.03361    0.03415       39.5   0   1    4 0 1 0 0 1  1.40000   1.201972615319741e-001   9.799733528962262e-001   3.515801011483946e+001   2.344561949522439e+003   6.202447051443037e-002  0.00044   4.402905246922280e-004   1.025068804320489e-002   1.047341993959046e-001   2.028960022252228e+001   2.009321017871251e-002 2676.000 2282.000   10.000     0 C:\Users\akhodyre\Studies\hip\20121215\g074a002.fit
  1  0 2012 12 16  0  7 55      0 2605.32480 2969.52501    0.02307    0.02461       39.5   0   1    5 0 1 0 0 1  1.40000   1.123329248456091e-001   9.536986942935078e-001   4.258550121967062e+001   2.263673576846392e+003   8.478569120405402e-002  0.00028   2.796007767119908e-004   6.780953490268749e-003   8.179370858157681e-002   2.485274632613819e+001   1.331211186354658e-002 2605.000 2969.000   10.000     0 C:\Users\akhodyre\Studies\hip\20121215\g074a002.fit
  1  0 2012 12 16  0  7 55      0 2011.01041 1715.37730    0.52264    0.47819       27.9   0   1    6 0 1 0 0 1  1.40000   8.148730164674012e-002   1.097845092032243e+000   9.328254388856001e+000   2.393324795622036e+003   6.295467891083650e-002  0.00322   3.221294253488463e-003   1.249842173096645e-001   2.202284987604512e-001   1.807458502738740e+001   2.637527581312301e-001 2013.000 1719.000   10.000     0 C:\Users\akhodyre\Studies\hip\20121215\g074a002.fit
  1  0 2012 12 16  0  7 55      0 2292.52730  748.97692    0.08859    0.09375       30.8   0   1    7 0 1 0 0 1  1.40000   1.222123526392343e-001   9.651037568868643e-001   1.898088437447571e+001   2.392074647927718e+003   4.668114410233003e-002  0.00120   1.202922797834162e-003   2.711905013972882e-002   1.521416592153961e-001   1.458872589708481e+001   5.333485824038628e-002 2292.000  748.000   10.000     0 C:\Users\akhodyre\Studies\hip\20121215\g074a002.fit
  1  0 2012 12 16  0  7 55      0 1935.15587  990.88486    0.20433    0.20902       29.0   0   1    8 0 1 0 0 1  1.40000   1.177486792535465e-001   9.754645999186340e-001   1.215896067039136e+001   2.396656072985072e+003  -4.541304666837431e-002  0.00263   2.627702148886341e-003   6.223702376188945e-002   2.186036825629386e-001   1.684428306847325e+001   1.218265890393865e-001 1935.000  991.000   10.000     0 C:\Users\akhodyre\Studies\hip\20121215\g074a002.fit
  1  0 2012 12 16  0  7 55      0  565.49269 1051.40718    0.82295    1.82328       28.5   0   1    9 0 1 0 0 1  1.40000   9.057387682636049e-002   9.008159584397557e-001   8.936293418715668e+000   2.396508609946875e+003   6.219276075601447e-001  0.00402   4.016152792997196e-003   1.069620598285395e-001   2.469397574419410e-001   9.339211173556887e+000   2.794223741786155e-001  564.000 1044.000   10.000     0 C:\Users\akhodyre\Studies\hip\20121215\g074a002.fit
  1  0 2012 12 16  0  7 55      0  545.70351 1349.14024    0.10851    0.11685       28.6   0   1   10 0 1 0 0 1  1.40000   1.179777306372286e-001   9.878990892319600e-001   1.684446621294906e+001   2.393755293830741e+003  -4.079864476020267e-002  0.00139   1.389158118117288e-003   3.317186640968112e-002   1.562583007699605e-001   1.195833060889578e+001   6.537002011439537e-002  546.000 1347.000   10.000     0 C:\Users\akhodyre\Studies\hip\20121215\g074a002.fit
  1  0 2012 12 16  0  7 55      0  501.17171  410.20275    0.27305    0.29842       28.4   0   1   11 0 1 0 0 1  1.40000   1.436610171897023e-001   8.960784934103258e-001   1.033046951443923e+001   2.395500920323138e+003   6.877609802631700e-002  0.00465   4.649248478141596e-003   8.246508253270696e-002   2.810778029996000e-001   7.825323205519790e+000   1.640894240441301e-001  504.000  409.000   10.000     0 C:\Users\akhodyre\Studies\hip\20121215\g074a002.fit
  1  0 2012 12 16  0  7 55      0  361.55031  464.97384    0.24704    0.22767       29.7   0   1   12 0 1 0 0 1  1.40000   1.334140232356890e-001   1.052560638203804e+000   1.130573933021782e+001   2.404977041849767e+003   1.272490175448968e-001  0.00366   3.658845797043620e-003   8.204803220443950e-002   2.702123983916405e-001   1.028003932077528e+001   1.627039148931792e-001  363.000  466.000   10.000     0 C:\Users\akhodyre\Studies\hip\20121215\g074a002.fit
  1  0 2012 12 16  0  7 55      0  216.43647 1130.61266    0.36291    0.34719       26.5   0   1   13 0 1 0 0 1  1.40000   1.059216196437833e-001   1.068576957824365e+000   9.104483264458485e+000   2.395041390813959e+003  -4.252496823375984e-001  0.00390   3.895777836257764e-003   1.084722433582604e-001   2.546497854251380e-001   1.561546843967459e+001   2.244698879591015e-001  216.000 1130.000   10.000     0 C:\Users\akhodyre\Studies\hip\20121215\g074a002.fit
  1  0 2012 12 16  0  7 55      0   27.36944 1471.95555    0.17207    0.17666       27.5   0   1   14 0 1 0 0 1  1.40000   1.275192535715522e-001   9.631286096982048e-001   1.298408565723861e+001   2.393171349853077e+003  -7.754758557552119e-002  0.00243   2.430381374386150e-003   5.227785839930543e-002   2.042120213209906e-001   1.053832878731762e+001   1.038517646652763e-001   29.000 1471.000   10.000     0 C:\Users\akhodyre\Studies\hip\20121215\g074a002.fit
  1  0 2012 12 16  0  7 55      0  223.00810 2047.91538    0.14281    0.15908       29.4   0   1   15 0 1 0 0 1  1.40000   1.068602043443418e-001   9.873084067375525e-001   1.559187642368220e+001   2.373755173613920e+003   1.261077844962875e-001  0.00153   1.534383957160549e-003   4.022564034289727e-002   1.609298784690349e-001   1.282744862101737e+001   8.172265846561358e-002  222.000 2045.000   10.000     0 C:\Users\akhodyre\Studies\hip\20121215\g074a002.fit
