  1  0 2012 12 16  0  8 24      0 2315.96781 1828.41903    0.01145    0.01150       60.5   0   1    1 0 1 0 0 1  1.40000   1.238741453224555e-001   9.989775041537037e-001   7.395579913743471e+001   2.201340652556958e+003   7.420313967404739e-002  0.00016   1.572617710888265e-004   3.619257862088736e-003   7.834451873525880e-002   2.904677490642179e+001   7.108667685586836e-003 2316.000 1828.000   10.000     0 C:\Users\akhodyre\Studies\hip\20121215\g074a003.fit
  1  0 2012 12 16  0  8 24      0 2459.87220 2303.79105    0.00961    0.00947       87.7   0   1    2 0 1 0 0 1  1.40000   1.232590002359210e-001   9.969372449583355e-001   9.786273428215307e+001   2.007847350566208e+003   9.688152217710272e-002  0.00013   1.294712572720304e-004   2.985617609837924e-003   8.537357430447690e-002   4.217000935260325e+001   5.874658229718463e-003 2459.000 2304.000   10.000     0 C:\Users\akhodyre\Studies\hip\20121215\g074a003.fit
  1  0 2012 12 16  0  8 24      0 1637.76686 2543.87871    0.00721    0.00721      103.4   0   1    3 0 1 0 0 1  1.40000   1.252793925719460e-001   9.945951251063095e-001   1.214017419538016e+002   2.153106565343363e+003   7.631973748632710e-002  0.00010   1.007247844141050e-004   2.281688119429738e-003   8.204306268981829e-002   5.030280293424993e+001   4.482120232227107e-003 1638.000 2544.000   10.000     0 C:\Users\akhodyre\Studies\hip\20121215\g074a003.fit
  1  0 2012 12 16  0  8 24      0 2675.76042 2281.83637    0.03072    0.03029       37.2   0   1    4 0 1 0 0 1  1.40000   1.179207067233366e-001   1.005940749399916e+000   3.575009406450685e+001   2.327999426691737e+003   9.529843678252407e-002  0.00039   3.911003527188849e-004   9.523472624648111e-003   9.647780407034347e-002   2.062333652910706e+001   1.869793343021444e-002 2676.000 2282.000   10.000     0 C:\Users\akhodyre\Studies\hip\20121215\g074a003.fit
  1  0 2012 12 16  0  8 24      0 2605.81438 2968.88396    0.02304    0.02392       39.2   0   1    5 0 1 0 0 1  1.40000   1.193902903280488e-001   9.549525672455101e-001   4.215494426243967e+001   2.344083856745353e+003   1.034098196568308e-001  0.00030   3.011537618894031e-004   6.868931283129801e-003   8.551786537643531e-002   2.142722789932480e+001   1.351180707520942e-002 2605.000 2969.000   10.000     0 C:\Users\akhodyre\Studies\hip\20121215\g074a003.fit
  1  0 2012 12 16  0  8 24      0 2011.73375 1714.75313    0.39428    0.45263       28.5   0   1    6 0 1 0 0 1  1.40000   6.300179868836510e-002   9.077493078988775e-001   1.214231283022625e+001   2.330804954537968e+003  -1.789145920375068e-001  0.00184   1.842043506165579e-003   7.561547879626965e-002   1.466539976176909e-001   6.844544350321068e+001   1.535420542913328e-001 2014.000 1717.000   10.000     0 C:\Users\akhodyre\Studies\hip\20121215\g074a003.fit
  1  0 2012 12 16  0  8 24      0 2293.03753  748.63891    0.07972    0.07898       29.5   0   1    7 0 1 0 0 1  1.40000   1.183940999683444e-001   1.003369769856428e+000   1.972188606606219e+001   2.372657537404647e+003   1.362485293776863e-001  0.00102   1.023504785348442e-003   2.470158143981726e-002   1.389320130892907e-001   1.630920355393879e+001   4.869395611561105e-002 2293.000  749.000   10.000     0 C:\Users\akhodyre\Studies\hip\20121215\g074a003.fit
  1  0 2012 12 16  0  8 24      0 1935.54652  990.78201    0.17952    0.24453       27.7   0   1    9 0 1 0 0 1  1.40000   1.287501988350851e-001   8.478832269631013e-001   1.231875057662339e+001   2.392012773661890e+003   4.195765253609708e-001  0.00277   2.772132524034855e-003   4.905841728349890e-002   2.053418280560774e-001   1.025160612200294e+001   1.040972450200701e-001 1936.000  994.000   10.000     0 C:\Users\akhodyre\Studies\hip\20121215\g074a003.fit
  1  0 2012 12 16  0  8 24      0  566.35741 1049.81991    0.36418    0.49106       29.5   0   1   10 0 1 0 0 1  1.40000   1.785055339914800e-001   7.624653564841848e-001   8.264933436108699e+000   2.419361303923402e+003  -1.798295691227469e-001  0.00949   9.485192711961635e-003   1.141792818358653e-001   4.060541627560702e-001   8.306260228769386e+000   2.273864599311422e-001  567.000 1050.000   10.000     0 C:\Users\akhodyre\Studies\hip\20121215\g074a003.fit
  1  0 2012 12 16  0  8 24      0  546.71310 1348.74462    0.10596    0.10376       29.8   0   1   11 0 1 0 0 1  1.40000   1.122789165537416e-001   1.020366107553610e+000   1.749761643036245e+001   2.375790731743578e+003   1.112540052186680e-001  0.00125   1.248590197561128e-003   3.239388498318080e-002   1.535715278222682e-001   1.715541447447763e+001   6.372362022310561e-002  547.000 1350.000   10.000     0 C:\Users\akhodyre\Studies\hip\20121215\g074a003.fit
  1  0 2012 12 16  0  8 24      0  502.73467  409.81434    0.28652    0.25750       27.7   0   1   12 0 1 0 0 1  1.40000   1.202311265878421e-001   1.037210755670699e+000   1.054834514842023e+001   2.385578393233750e+003   1.387745211597292e-001  0.00350   3.495632192693536e-003   8.568041085497297e-002   2.487134472511851e-001   1.115184162762475e+001   1.691725974687214e-001  505.000  410.000   10.000     0 C:\Users\akhodyre\Studies\hip\20121215\g074a003.fit
  1  0 2012 12 16  0  8 24      0  362.90263  464.47816    0.19852    0.20124       29.6   0   1   13 0 1 0 0 1  1.40000   1.111156636663475e-001   9.841588821083048e-001   1.315447917885556e+001   2.367852648794539e+003  -1.011771959980362e-001  0.00222   2.216102988732422e-003   5.586132868180221e-002   1.975043451217695e-001   1.402068709070449e+001   1.109376485139987e-001  361.000  463.000   10.000     0 C:\Users\akhodyre\Studies\hip\20121215\g074a003.fit
  1  0 2012 12 16  0  8 24      0  216.29194 1129.81199    0.67797    1.29595       29.3   0   1   14 0 1 0 0 1  1.40000   9.476972713589926e-002   8.721362801310459e-001   9.170223431846688e+000   2.382280322614845e+003  -2.034539196759651e-001  0.00405   4.048133333490698e-003   1.073709040855072e-001   2.467915255772432e-001   1.103078845491899e+001   2.462548697075815e-001  214.000 1137.000   10.000     0 C:\Users\akhodyre\Studies\hip\20121215\g074a003.fit
  1  0 2012 12 16  0  8 24      0   28.34706 1471.73215    0.23508    0.17468       28.7   0   1   15 0 1 0 0 1  1.40000   1.148471673840070e-001   1.179964144861500e+000   1.282099157550912e+001   2.393255542846303e+003   2.242452591133256e-001  0.00240   2.399538254438218e-003   6.978120837543610e-002   2.129386369042053e-001   9.725067061308655e+000   1.387472379736316e-001   25.000 1473.000   10.000     0 C:\Users\akhodyre\Studies\hip\20121215\g074a003.fit
  1  0 2012 12 16  0  8 24      0  223.99448 2047.51318    0.13451    0.14081       29.9   0   1   16 0 1 0 0 1  1.40000   1.140353317518480e-001   9.827044591855935e-001   1.561724882197624e+001   2.380040006137259e+003   1.998392720537745e-002  0.00162   1.620240604887882e-003   3.987275948584668e-002   1.719764287422775e-001   1.438972882984833e+001   7.877503264376343e-002  223.000 2046.000   10.000     0 C:\Users\akhodyre\Studies\hip\20121215\g074a003.fit
