  1  0 2012 12 16  0  7 26      0 2315.75803 1828.38288    0.01660    0.01691       54.1   0   1    1 0 1 0 0 1  1.40000   9.603662519195211e-002   9.766262482012946e-001   6.212704002134984e+001   2.128869914488947e+003  -2.293494550679663e-002  0.00016   1.580132760688530e-004   4.609073821510385e-003   7.044581131430856e-002   4.899699380809799e+001   8.972097835795100e-003 2315.000 1828.000   10.000     0 C:\Users\akhodyre\Studies\hip\20121215\g074a001.fit
  1  0 2012 12 16  0  7 26      0 2459.70739 2303.68296    0.01342    0.01348       76.9   0   1    2 0 1 0 0 1  1.40000   9.785526450052426e-002   9.749459413758056e-001   8.166682797573655e+001   2.010130359328598e+003   1.386804660079494e-002  0.00013   1.314672128619168e-004   3.758503977795061e-003   7.700580909224908e-002   6.998057783109854e+001   7.307339732870379e-003 2459.000 2304.000   10.000     0 C:\Users\akhodyre\Studies\hip\20121215\g074a001.fit
  1  0 2012 12 16  0  7 26      0 1637.55854 2543.86866    0.00978    0.00990       86.1   0   1    3 0 1 0 0 1  1.40000   9.855300712642627e-002   9.777772994245442e-001   1.005017902726255e+002   2.142141268404524e+003  -4.464285068752964e-002  0.00010   9.762017706196750e-005   2.777986603898338e-003   7.044922551872634e-002   7.827015192029859e+001   5.408461079473169e-003 1638.000 2544.000   10.000     0 C:\Users\akhodyre\Studies\hip\20121215\g074a001.fit
  1  0 2012 12 16  0  7 26      0 2675.58378 2281.68958    0.04832    0.04808       35.1   0   1    4 0 1 0 0 1  1.40000   1.001355096088630e-001   9.700372193560886e-001   2.961328269580157e+001   2.374318450488796e+003   4.256820770371845e-002  0.00047   4.677476828761423e-004   1.297111705061771e-002   9.736204428651851e-002   2.485233660325389e+001   2.542158447426070e-002 2674.000 2283.000   10.000     0 C:\Users\akhodyre\Studies\hip\20121215\g074a001.fit
  1  0 2012 12 16  0  7 26      0 2605.69822 2968.83793    0.03703    0.03774       38.9   0   1    5 0 1 0 0 1  1.40000   9.483567320197307e-002   9.284876176943143e-001   3.624813961438838e+001   2.306884306755568e+003   2.934153228672074e-002  0.00033   3.340737753266012e-004   9.387134683159590e-003   8.438730441239654e-002   3.368144416207589e+001   1.828153428827633e-002 2604.000 2969.000   10.000     0 C:\Users\akhodyre\Studies\hip\20121215\g074a001.fit
  1  0 2012 12 16  0  7 26      0 2011.28206 1714.06356    0.47270    0.52875       30.1   0   1    6 0 1 0 0 1  1.40000   8.305710712043180e-002   9.967628264477479e-001   9.329325511197981e+000   2.386455398428528e+003   2.372218754981525e-001  0.00356   3.559080963843093e-003   1.209472652591835e-001   2.376497890694502e-001   2.983719887340331e+001   2.383774398919470e-001 2012.000 1712.000   10.000     0 C:\Users\akhodyre\Studies\hip\20121215\g074a001.fit
  1  0 2012 12 16  0  7 26      0 2293.15102  748.57903    0.14831    0.13980       32.7   0   1    7 0 1 0 0 1  1.40000   1.242559729081354e-001   1.030247474068525e+000   1.536578082871288e+001   2.436077905726452e+003  -1.225512310230932e-001  0.00199   1.987116489249059e-003   4.690687227411209e-002   2.063321860970739e-001   1.440409812920297e+001   9.250894648519381e-002 2292.000  749.000   10.000     0 C:\Users\akhodyre\Studies\hip\20121215\g074a001.fit
  1  0 2012 12 16  0  7 26      0 1935.58964  990.24733    0.37510    0.35447       28.8   0   1    8 0 1 0 0 1  1.40000   8.310649672831863e-002   9.569211011191933e-001   1.076703532357212e+001   2.386270583231826e+003   9.582997525136842e-002  0.00257   2.572511359482901e-003   8.477526640231214e-002   1.947896518511402e-001   2.994139628863141e+001   1.657250394407312e-001 1938.000  990.000   10.000     0 C:\Users\akhodyre\Studies\hip\20121215\g074a001.fit
  1  0 2012 12 16  0  7 26      0  565.60308 1048.73731    1.01863    0.64786       29.0   0   1   13 0 1 0 0 1  1.40000   6.005694722990583e-002   1.050039010552718e+000   9.831559247387606e+000   2.371013019493072e+003  -1.283343700958073e-001  0.00252   2.523289104533076e-003   1.306051427952230e-001   1.856014499800907e-001   4.870382502147252e+001   2.454587982041922e-001  561.000 1049.000   10.000     0 C:\Users\akhodyre\Studies\hip\20121215\g074a001.fit
  1  0 2012 12 16  0  7 26      0  546.41072 1348.78749    0.15645    0.16403       28.6   0   1   15 0 1 0 0 1  1.40000   8.646187102045053e-002   9.486451787622018e-001   1.512181857713962e+001   2.371617812648391e+003  -1.244261902077352e-001  0.00133   1.327302982468886e-003   4.174854355849349e-002   1.435901742519372e-001   3.834440107989118e+001   8.161715440067095e-002  547.000 1349.000   10.000     0 C:\Users\akhodyre\Studies\hip\20121215\g074a001.fit
  1  0 2012 12 16  0  7 26      0  502.46543  410.33557    0.55755    0.41745       27.3   0   1   16 0 1 0 0 1  1.40000   1.182233824488164e-001   1.288337451979186e+000   7.590808091816062e+000   2.414226579689385e+003  -3.272572714042117e-001  0.00658   6.580296238089842e-003   2.033184451185111e-001   3.651029760695759e-001   1.014620568957769e+001   4.069777303217154e-001  503.000  411.000   10.000     0 C:\Users\akhodyre\Studies\hip\20121215\g074a001.fit
  1  0 2012 12 16  0  7 26      0  362.43655  463.89577    0.31501    0.31953       28.1   0   1   17 0 1 0 0 1  1.40000   1.102309102953353e-001   9.435506416680076e-001   1.028544396531670e+001   2.397989456216531e+003  -7.193858697358564e-002  0.00342   3.420805249220858e-003   8.345545946116692e-002   2.347903523502787e-001   1.378795593602534e+001   1.655290589909046e-001  360.000  463.000   10.000     0 C:\Users\akhodyre\Studies\hip\20121215\g074a001.fit
  1  0 2012 12 16  0  7 26      0  216.42218 1130.78950    0.54327    0.52602       26.6   0   1   18 0 1 0 0 1  1.40000   8.336750386319884e-002   9.454770300823935e-001   8.589219796705393e+000   2.385768514680365e+003   8.030110206423144e-002  0.00376   3.758158036122687e-003   1.222278385424769e-001   2.254665704226657e-001   2.740392079428820e+001   2.397748515580634e-001  214.000 1132.000   10.000     0 C:\Users\akhodyre\Studies\hip\20121215\g074a001.fit
  1  0 2012 12 16  0  7 26      0   28.20298 1471.34297    0.36874    0.29482       28.8   0   1   19 0 1 0 0 1  1.40000   1.084586599437215e-001   1.111314988143829e+000   1.085338555545329e+001   2.403000511739582e+003   4.715785741389995e-001  0.00318   3.178472410144019e-003   8.885699709352420e-002   2.338449960206576e-001   1.076150375996300e+001   1.796921215650135e-001   24.000 1473.000   10.000     0 C:\Users\akhodyre\Studies\hip\20121215\g074a001.fit
  1  0 2012 12 16  0  7 26      0  223.62432 2047.55203    0.23147    0.23906       26.8   0   1   20 0 1 0 0 1  1.40000   7.912019139948115e-002   1.036216531224303e+000   1.353486673319963e+001   2.368737626097667e+003   1.242053383620505e-001  0.00145   1.447212044837759e-003   5.441413374627679e-002   1.416604668240923e-001   2.366419823141632e+001   1.090972143155646e-001  222.000 2051.000   10.000     0 C:\Users\akhodyre\Studies\hip\20121215\g074a001.fit
