-0.0228149394477202 -0.0541469447576024
0.0958001596706389 0.252695751297176
-0.0349564030852431 -0.117784349630046
-0.117529641417859 -0.262430295666607
-0.0673071770676203 -0.0737783174703287
0.889825297347871 0.111881229081711
-0.0969622255011917 -0.12344785248498
0.0709468148762406 -0.336168259288874
0.42327840991296 -0.501404687902816
-0.0921003251332129 0.0519385712711919
0.215442716473451 -0.650121677572155
-0.451355339833327 0.283304858909892
-0.715306607774806 0.29246316863895
0.14883981263787 0.271316954733153
0.299787415726572 0.641484152520107
