2316.1196125 1829.4049425 0.0142525 0.01449625
2460.0074125 2304.74729625 0.01086375 0.0108625
1637.8881975 2544.85024375 0.00941375 0.00934125
2675.8273625 2282.71471625 0.04061625 0.04017
2605.92737125 2969.78556625 0.02990625 0.03138
2011.52331375 1715.4893925 0.56286625 0.5097275
2293.2722175 749.44576 0.113755 0.11022875
1935.72117125 991.352355 0.26120375 0.26502625
565.83327375 1051.291415 0.66359 0.813695
546.6311375 1349.6906425 0.141235 0.14429875
502.35155625 410.8806875 0.43671 0.40619875
362.65544375 465.48759875 0.2867125 0.30435
217.61889 1130.74275375 1.21444875 0.8054875
28.169945 1472.551135 0.24226375 0.2158025
223.8736275 2048.339485 0.175345 0.1864925
