  1  0 2012 10 29  3 28 54      0 2302.48967 1605.86108    0.01083    0.01071      291.4   0   1    1 0 1 0 0 1  1.40000   2.526883523236028e-001   1.010463462165700e+000   1.590584257309585e+002   1.878825984111490e+003  -9.158411394043754e-002  0.00049   4.892503328311781e-004   5.533998112929122e-003   3.183998048058018e-001   3.967408511636716e+001   1.103567299896173e-002 2303.000 1606.000   10.000     0 C:\Studies\double_stars\hip\20121028\g074a008.fit
  1  0 2012 10 29  3 28 54      0 2446.27271 2081.33723    0.01070    0.01046      521.6   0   1    2 0 1 0 0 1  1.40000   2.506247739405069e-001   1.023560800607705e+000   2.146956850194470e+002   1.758370382881733e+003  -1.147527025943225e-001  0.00048   4.761443850634240e-004   5.494812578477944e-003   4.214617911431594e-001   7.086981157064896e+001   1.096313182602525e-002 2446.000 2081.000   10.000     0 C:\Studies\double_stars\hip\20121028\g074a008.fit
  1  0 2012 10 29  3 28 54      0 1623.99674 2321.20281    0.01265    0.01251      948.4   0   1    3 0 1 0 0 1  1.40000   2.427898875005420e-001   1.010479299419712e+000   2.657795944718102e+002   1.654043378962657e+003  -1.078208031499272e-001  0.00053   5.315682178133111e-004   6.254802438895631e-003   5.979522028882337e-001   1.336434402918803e+002   1.247081795823848e-002 1623.000 2321.000   10.000     0 C:\Studies\double_stars\hip\20121028\g074a008.fit
  1  0 2012 10 29  3 28 54      0 2662.18279 2059.17208    0.01288    0.01261       78.8   0   1    4 0 1 0 0 1  1.40000   2.453036751951546e-001   1.022605687586934e+000   7.606065576842551e+001   1.999684982344559e+003  -1.242152503163869e-001  0.00055   5.507915254715291e-004   6.485230213608545e-003   1.760797276549621e-001   1.104514416798169e+001   1.294140740425797e-002 2662.000 2059.000   10.000     0 C:\Studies\double_stars\hip\20121028\g074a008.fit
  1  0 2012 10 29  3 28 54      0 2592.09027 2746.30250    0.01440    0.01606      122.0   0   1    5 0 1 0 0 1  1.40000   2.159099063933030e-001   9.004120231989404e-001   8.702342499385009e+001   1.815057724073664e+003   6.751442925708340e-002  0.00050   4.968360320975674e-004   5.874017588188872e-003   2.005246306242517e-001   2.231223490684946e+001   1.167409693087795e-002 2592.000 2746.000   10.000     0 C:\Studies\double_stars\hip\20121028\g074a008.fit
  1  0 2012 10 29  3 28 54      0 1997.82029 1491.87537    0.05135    0.05160       22.2   0   1    6 0 1 0 0 1  1.40000   2.539683375634103e-001   9.947918155157530e-001   2.009844346826795e+001   2.019806345452574e+003  -4.535306483594229e-002  0.00234   2.344705433257905e-003   2.601813119331896e-002   1.918642353875675e-001   3.050985524052432e+000   5.183393457983231e-002 1998.000 1492.000   10.000     0 C:\Studies\double_stars\hip\20121028\g074a008.fit
  1  0 2012 10 29  3 28 54      0 2279.67877  525.58149    0.01933    0.01859       35.7   0   1    7 0 1 0 0 1  1.40000   2.502256111547799e-001   1.040874308136967e+000   4.198613988144686e+001   2.016246370322748e+003  -1.181544418240960e-001  0.00086   8.568842768125368e-004   1.007123967791827e-002   1.485925908200089e-001   4.778150104066173e+000   2.009609073997130e-002 2280.000  525.000   10.000     0 C:\Studies\double_stars\hip\20121028\g074a008.fit
  1  0 2012 10 29  3 28 54      0 1922.23018  767.49336    0.03190    0.03161       24.5   0   1    8 0 1 0 0 1  1.40000   2.581018835651047e-001   1.010622505980411e+000   2.687792309603433e+001   2.022164046949320e+003  -1.138181662653460e-001  0.00150   1.500768819112541e-003   1.660210034397023e-002   1.618479871636449e-001   3.234101557132282e+000   3.313207683729325e-002 1922.000  767.000   10.000     0 C:\Studies\double_stars\hip\20121028\g074a008.fit
  1  0 2012 10 29  3 28 54      0  552.68127  826.22665    0.04951    0.04904       21.2   0   1    9 0 1 0 0 1  1.40000   2.641942830249809e-001   1.011239509021075e+000   2.003934071162832e+001   2.024474784927093e+003  -1.308912861663718e-001  0.00243   2.431729835647315e-003   2.626554624014765e-002   1.915246333444818e-001   2.726827131479378e+000   5.246652148307729e-002  553.000  826.000   10.000     0 C:\Studies\double_stars\hip\20121028\g074a008.fit
  1  0 2012 10 29  3 28 54      0  532.83108 1125.92164    0.01922    0.01898       27.3   0   1   10 0 1 0 0 1  1.40000   2.489909492256109e-001   1.013589105774627e+000   3.658166183593676e+001   2.016184697321657e+003  -1.157855493165861e-001  0.00084   8.449865742461717e-004   9.718561808756491e-003   1.281891857217413e-001   3.793369228110972e+000   1.939234372085336e-002  533.000 1126.000   10.000     0 C:\Studies\double_stars\hip\20121028\g074a008.fit
  1  0 2012 10 29  3 28 54      0  488.79282  186.45371    0.04974    0.04936       27.8   0   1   11 0 1 0 0 1  1.40000   2.505485171903970e-001   1.008899366326167e+000   2.289766579121063e+001   2.012800616926267e+003  -9.873721043093527e-002  0.00222   2.215272193614848e-003   2.522569699128052e-002   2.090025847776325e-001   3.801505119209661e+000   5.030469418255308e-002  489.000  186.000   10.000     0 C:\Studies\double_stars\hip\20121028\g074a008.fit
  1  0 2012 10 29  3 28 54      0  349.17643  241.44345    0.03177    0.03184       25.3   0   1   12 0 1 0 0 1  1.40000   2.529606753217136e-001   9.986172503521423e-001   2.727272839746795e+001   2.014770742475095e+003  -1.041167958937009e-001  0.00144   1.439989853168991e-003   1.606827089238183e-002   1.604806507768320e-001   3.480819420100945e+000   3.205775603328039e-002  349.000  242.000   10.000     0 C:\Studies\double_stars\hip\20121028\g074a008.fit
  1  0 2012 10 29  3 28 54      0  203.20409  906.52100    0.04827    0.04742       21.5   0   1   13 0 1 0 0 1  1.40000   2.445110540857942e-001   1.017568960799861e+000   2.053310532614992e+001   2.014747120834143e+003  -1.044106597541178e-001  0.00205   2.052367774928710e-003   2.414937663474821e-002   1.774966932504905e-001   3.026901202404852e+000   4.816143787701039e-002  204.000  907.000   10.000     0 C:\Studies\double_stars\hip\20121028\g074a008.fit
  1  0 2012 10 29  3 28 54      0   14.45992 1248.55609    0.02658    0.02728       26.0   0   1   14 0 1 0 0 1  1.40000   2.670034700442099e-001   9.754154188281373e-001   3.001214576157571e+001   2.021230175612488e+003  -7.212031753364809e-002  0.00134   1.335906684346366e-003   1.381168870575631e-002   1.557325931731194e-001   3.347050196605420e+000   2.753761702990466e-002   14.000 1248.000   10.000     0 C:\Studies\double_stars\hip\20121028\g074a008.fit
  1  0 2012 10 29  3 28 54      0  210.04887 1824.35089    0.02179    0.02123       27.3   0   1   15 0 1 0 0 1  1.40000   2.635376705197900e-001   1.027738667703431e+000   3.444638643782722e+001   2.029568884833588e+003  -1.283133504942909e-001  0.00106   1.064099512467663e-003   1.171356789741565e-002   1.444853023808264e-001   3.490172844887835e+000   2.339383892794134e-002  210.000 1824.000   10.000     0 C:\Studies\double_stars\hip\20121028\g074a008.fit
