  1  0 2012 10 29  3 28 26      0 2301.35036 1607.23811    0.01465    0.01512      349.1   0   1    1 0 1 0 0 1  1.40000   2.307805909732469e-001   9.708069395803380e-001   1.483760067608463e+002   1.672465416143544e+003  -1.173541807217647e-001  0.00056   5.634602095467606e-004   6.698442832001742e-003   3.692135471805313e-001   5.483603638369846e+001   1.335294282905488e-002 2301.000 1607.000   10.000     0 C:\Studies\double_stars\hip\20121028\g074a007.fit
  1  0 2012 10 29  3 28 26      0 2445.13049 2082.78551    0.01425    0.01477      618.0   0   1    2 0 1 0 0 1  1.40000   2.304937329594204e-001   9.660324608920575e-001   1.999458980743665e+002   1.411167184098948e+003  -1.032845257476295e-001  0.00055   5.465870447389922e-004   6.478962127467235e-003   4.833650952099367e-001   9.845007852731743e+001   1.291012210651641e-002 2445.000 2083.000   10.000     0 C:\Studies\double_stars\hip\20121028\g074a007.fit
  1  0 2012 10 29  3 28 26      0 1622.88534 2322.64391    0.01484    0.01546     1041.3   0   1    3 0 1 0 0 1  1.40000   2.358229873855863e-001   9.631279929300171e-001   2.540203635400248e+002   1.637305358682993e+003  -1.098976254710430e-001  0.00059   5.947319229850709e-004   6.866392124110717e-003   6.540636784514491e-001   1.580818791515598e+002   1.368736405864586e-002 1623.000 2322.000   10.000     0 C:\Studies\double_stars\hip\20121028\g074a007.fit
  1  0 2012 10 29  3 28 26      0 2661.05619 2060.67399    0.01660    0.01715       92.6   0   1    4 0 1 0 0 1  1.40000   2.283859053979785e-001   9.717605648845874e-001   7.183199343809295e+001   1.953787515446330e+003  -1.227071903211527e-001  0.00063   6.274164840666077e-004   7.542619333815616e-003   2.006233399384247e-001   1.458211769125077e+001   1.503671006863579e-002 2661.000 2060.000   10.000     0 C:\Studies\double_stars\hip\20121028\g074a007.fit
  1  0 2012 10 29  3 28 26      0 2590.98839 2747.83557    0.01465    0.01698      114.1   0   1    5 0 1 0 0 1  1.40000   2.045913897244376e-001   8.718255180836204e-001   8.299032338779766e+001   1.791232147776711e+003   5.760415487653139e-002  0.00046   4.639918889944472e-004   5.611909184389068e-003   1.851985731992171e-001   2.270579072068166e+001   1.113600700491938e-002 2591.000 2747.000   10.000     0 C:\Studies\double_stars\hip\20121028\g074a007.fit
  1  0 2012 10 29  3 28 26      0 1996.77976 1493.43323    0.05925    0.06230       21.9   0   1    6 0 1 0 0 1  1.40000   2.182640727379357e-001   9.591259576485987e-001   1.847663430740865e+001   2.014539635982558e+003  -1.194449760637663e-001  0.00208   2.078035498478073e-003   2.581344218139257e-002   1.765741929082255e-001   3.553546372450200e+000   5.142737172273069e-002 1997.000 1492.000   10.000     0 C:\Studies\double_stars\hip\20121028\g074a007.fit
  1  0 2012 10 29  3 28 26      0 2278.51575  527.02982    0.02298    0.02417       36.8   0   1    7 0 1 0 0 1  1.40000   2.225378670303935e-001   9.529763711780269e-001   3.830584832574533e+001   1.994757836850780e+003  -1.285957804652654e-001  0.00083   8.294595777051650e-004   1.003217184947673e-002   1.444785947034710e-001   6.166967896051676e+000   1.999895157232967e-002 2278.000  527.000   10.000     0 C:\Studies\double_stars\hip\20121028\g074a007.fit
  1  0 2012 10 29  3 28 26      0 1921.09501  768.85616    0.04106    0.04306       27.2   0   1    8 0 1 0 0 1  1.40000   2.275425428773075e-001   9.543503203626255e-001   2.467295584044489e+001   2.011806728710416e+003  -1.223721780699232e-001  0.00154   1.541916520535017e-003   1.826980741948624e-002   1.696863005751732e-001   4.374183046377217e+000   3.642774160560581e-002 1922.000  769.000   10.000     0 C:\Studies\double_stars\hip\20121028\g074a007.fit
  1  0 2012 10 29  3 28 26      0  551.47859  827.79480    0.05643    0.06239       21.0   0   1    9 0 1 0 0 1  1.40000   2.466654447275066e-001   9.097444779074453e-001   1.823031242478269e+001   2.024398740791907e+003  -1.336953671708962e-001  0.00247   2.470780937558222e-003   2.570294303497099e-002   1.866358520443762e-001   3.091752310139797e+000   5.130099660684490e-002  551.000  827.000   10.000     0 C:\Studies\double_stars\hip\20121028\g074a007.fit
  1  0 2012 10 29  3 28 26      0  531.62753 1127.27688    0.02531    0.02603       31.6   0   1   10 0 1 0 0 1  1.40000   2.296037465027292e-001   9.744849171592191e-001   3.397464025084792e+001   2.012432122441367e+003  -1.218682331467171e-001  0.00096   9.642133148774054e-004   1.156228602500225e-002   1.453258981821722e-001   4.968631415826758e+000   2.305488962334681e-002  532.000 1127.000   10.000     0 C:\Studies\double_stars\hip\20121028\g074a007.fit
  1  0 2012 10 29  3 28 26      0  487.69573  187.92166    0.06213    0.06682       30.1   0   1   11 0 1 0 0 1  1.40000   2.340329376141368e-001   9.323890480866417e-001   2.093448023405831e+001   2.011802957177447e+003  -1.336451795848192e-001  0.00246   2.461163586895917e-003   2.766912838458341e-002   2.241006206739264e-001   4.752539292924719e+000   5.520460474770730e-002  487.000  188.000   10.000     0 C:\Studies\double_stars\hip\20121028\g074a007.fit
  1  0 2012 10 29  3 28 26      0  347.93120  242.95246    0.03592    0.03746       25.1   0   1   12 0 1 0 0 1  1.40000   2.343523073951188e-001   9.595594401855063e-001   2.535703153243694e+001   2.013639503588928e+003  -1.314830259803975e-001  0.00142   1.422051599414072e-003   1.643617377472123e-002   1.568216713365485e-001   3.831269358774206e+000   3.279646108160897e-002  349.000  243.000   10.000     0 C:\Studies\double_stars\hip\20121028\g074a007.fit
  1  0 2012 10 29  3 28 26      0  202.00726  908.02408    0.05329    0.05487       20.9   0   1   13 0 1 0 0 1  1.40000   2.224141958696971e-001   9.759646303896096e-001   1.907879361888396e+001   2.013308954204691e+003  -2.256652766780747e-001  0.00192   1.918367180049799e-003   2.356180204282531e-002   1.664629277018124e-001   3.392704944978964e+000   4.724800027224083e-002  201.000  908.000   10.000     0 C:\Studies\double_stars\hip\20121028\g074a007.fit
  1  0 2012 10 29  3 28 26      0   13.22276 1249.94624    0.03389    0.03535       27.1   0   1   14 0 1 0 0 1  1.40000   2.259165902117156e-001   9.635879524545856e-001   2.714662048638316e+001   2.010309544582370e+003  -1.204390293905777e-001  0.00126   1.258969259401482e-003   1.517487180049287e-002   1.532501172044278e-001   4.300064830277840e+000   3.024099576742701e-002   13.000 1249.000   10.000     0 C:\Studies\double_stars\hip\20121028\g074a007.fit
  1  0 2012 10 29  3 28 26      0  208.77540 1825.78412    0.02724    0.02867       29.2   0   1   15 0 1 0 0 1  1.40000   2.325544046311108e-001   9.516263170458149e-001   3.130950839721129e+001   2.017393529577280e+003  -1.081579604310497e-001  0.00106   1.063609452690315e-003   1.230458282425862e-002   1.459976395320514e-001   4.637730644077871e+000   2.452540182507106e-002  209.000 1826.000   10.000     0 C:\Studies\double_stars\hip\20121028\g074a007.fit
