  1  0 2012 10 29  3 25 34      0 2303.72076 1607.82234    0.01312    0.01320      343.3   0   1    1 0 1 0 0 1  1.40000   2.571627928243316e-001   9.938964267788057e-001   1.561324528490047e+002   2.008600453253265e+003   1.990891054567021e-002  0.00061   6.133650002328342e-004   6.718054498710675e-003   3.855520422420593e-001   4.638084861371954e+001   1.338219106969247e-002 2304.000 1608.000   10.000     0 C:\Studies\double_stars\hip\20121028\g074a001.fit
  1  0 2012 10 29  3 25 34      0 2447.42438 2083.24449    0.01590    0.01588      762.4   0   1    2 0 1 0 0 1  1.40000   2.583306239150303e-001   1.000752468483944e+000   2.117562446506011e+002   2.028196860514719e+003   4.272437048940859e-002  0.00075   7.493513590638874e-004   8.223855803629396e-003   6.361311839385718e-001   1.013213889732762e+002   1.638536514310285e-002 2447.000 2083.000   10.000     0 C:\Studies\double_stars\hip\20121028\g074a001.fit
  1  0 2012 10 29  3 25 34      0 1625.16574 2323.24608    0.01460    0.01452     1072.4   0   1    3 0 1 0 0 1  1.40000   2.479489737225220e-001   1.007982945655029e+000   2.627374636665077e+002   1.936687616454087e+003   7.260190595110740e-002  0.00064   6.397341821870150e-004   7.363572354674654e-003   6.973036743746109e-001   1.446566904627827e+002   1.467054833613906e-002 1625.000 2322.000   10.000     0 C:\Studies\double_stars\hip\20121028\g074a001.fit
  1  0 2012 10 29  3 25 34      0 2663.32772 2061.18145    0.01706    0.01704      103.7   0   1    4 0 1 0 0 1  1.40000   2.518270866843911e-001   1.001070610595762e+000   7.540147898119587e+001   2.025170005120541e+003   3.875464393355309e-002  0.00077   7.670318396242329e-004   8.639903061753657e-003   2.372427715970258e-001   1.424257868249876e+001   1.720880710354126e-002 2663.000 2061.000   10.000     0 C:\Studies\double_stars\hip\20121028\g074a001.fit
  1  0 2012 10 29  3 25 34      0 2593.25861 2748.42944    0.01600    0.01815      134.2   0   1    5 0 1 0 0 1  1.40000   2.269688329295324e-001   8.890530745949318e-001   8.610908000458178e+001   1.931218160649640e+003   1.919168862615993e-001  0.00060   6.039848625128253e-004   6.635161904872011e-003   2.312277070896656e-001   2.309869273557362e+001   1.328828759279005e-002 2593.000 2749.000   10.000     0 C:\Studies\double_stars\hip\20121028\g074a001.fit
  1  0 2012 10 29  3 25 34      0 1998.96891 1493.96502    0.04994    0.05069       20.9   0   1    6 0 1 0 0 1  1.40000   2.568507025467282e-001   9.853558424549794e-001   1.968242999044700e+001   2.022880045496906e+003   5.696196193823552e-002  0.00233   2.330412578444198e-003   2.531792898603468e-002   1.847777398636968e-001   2.836878047327255e+000   5.045201549174561e-002 1999.000 1494.000   10.000     0 C:\Studies\double_stars\hip\20121028\g074a001.fit
  1  0 2012 10 29  3 25 34      0 2280.83506  527.60813    0.01945    0.01970       34.6   0   1    7 0 1 0 0 1  1.40000   2.487034189421188e-001   9.881390778570751e-001   4.070752778894173e+001   2.011934151496570e+003   4.452136856164143e-002  0.00086   8.561092548643014e-004   9.638220361745791e-003   1.443378459938712e-001   4.833699230176576e+000   1.919312960355463e-002 2281.000  527.000   10.000     0 C:\Studies\double_stars\hip\20121028\g074a001.fit
  1  0 2012 10 29  3 25 34      0 1923.47529  769.50812    0.03333    0.03296       24.1   0   1    8 0 1 0 0 1  1.40000   2.527801746247559e-001   1.010213774348755e+000   2.608941749071070e+001   2.021296863183788e+003   4.106097070088599e-002  0.00151   1.506933892689287e-003   1.706233540142109e-002   1.608242260308940e-001   3.286214938367299e+000   3.399199923424730e-002 1924.000  770.000   10.000     0 C:\Studies\double_stars\hip\20121028\g074a001.fit
  1  0 2012 10 29  3 25 34      0  553.76318  828.28319    0.05966    0.05924       22.3   0   1    9 0 1 0 0 1  1.40000   2.541728686535254e-001   1.006715088584822e+000   1.872848183474223e+001   2.026069971952486e+003  -5.501072961173965e-003  0.00273   2.727097728980168e-003   3.061595371059499e-002   2.078344010745372e-001   3.015404808149408e+000   6.097253020164160e-002  554.000  828.000   10.000     0 C:\Studies\double_stars\hip\20121028\g074a001.fit
  1  0 2012 10 29  3 25 34      0  534.00768 1127.90828    0.02199    0.02219       30.7   0   1   10 0 1 0 0 1  1.40000   2.502886946407211e-001   9.904883129265573e-001   3.603906167959411e+001   2.017983229381252e+003   1.024604954505950e-002  0.00098   9.775950263944491e-004   1.096637878499764e-002   1.452902710062249e-001   4.299083663356400e+000   2.183644049083148e-002  534.000 1128.000   10.000     0 C:\Studies\double_stars\hip\20121028\g074a001.fit
  1  0 2012 10 29  3 25 34      0  490.00030  188.41739    0.05381    0.05558       28.7   0   1   11 0 1 0 0 1  1.40000   2.536605448871994e-001   9.685880067325385e-001   2.214080346437271e+001   2.013455007420683e+003   1.092162755145098e-004  0.00246   2.459171985837255e-003   2.661898005573941e-002   2.214638812238347e-001   3.973167577147245e+000   5.300087388976607e-002  490.000  188.000   10.000     0 C:\Studies\double_stars\hip\20121028\g074a001.fit
  1  0 2012 10 29  3 25 34      0  350.28645  243.37125    0.03564    0.03560       26.7   0   1   12 0 1 0 0 1  1.40000   2.504954403742232e-001   1.000415749192010e+000   2.649735050675179e+001   2.018809006927843e+003   1.218633124149337e-003  0.00159   1.585730319500984e-003   1.795082441566105e-002   1.732263896253988e-001   3.715721130695660e+000   3.574930635283056e-002  350.000  244.000   10.000     0 C:\Studies\double_stars\hip\20121028\g074a001.fit
  1  0 2012 10 29  3 25 34      0  204.44489  908.63453    0.04798    0.04806       21.0   0   1   13 0 1 0 0 1  1.40000   2.484377898994646e-001   9.983337005647510e-001   2.022061979319291e+001   2.015318326047997e+003   1.487700356634841e-002  0.00211   2.106595827966920e-003   2.399770241212090e-002   1.766156456833977e-001   2.895301548390313e+000   4.777508772603320e-002  205.000  908.000   10.000     0 C:\Studies\double_stars\hip\20121028\g074a001.fit
  1  0 2012 10 29  3 25 34      0   15.64852 1250.48153    0.03291    0.03240       28.4   0   1   14 0 1 0 0 1  1.40000   2.493771649622728e-001   1.015536564299111e+000   2.854889775030144e+001   2.020050301018488e+003   3.554243879643685e-002  0.00145   1.452210443749128e-003   1.675910855304812e-002   1.715865204398706e-001   3.893900738126550e+000   3.337439254110676e-002   16.000 1250.000   10.000     0 C:\Studies\double_stars\hip\20121028\g074a001.fit
  1  0 2012 10 29  3 25 34      0  211.20347 1826.34514    0.02532    0.02475       29.3   0   1   15 0 1 0 0 1  1.40000   2.524313082439533e-001   1.022519104875614e+000   3.308775015014070e+001   2.025568919390486e+003   1.090443244492104e-002  0.00114   1.141685862636132e-003   1.310809416915795e-002   1.547735523036896e-001   3.952858010337366e+000   2.610464138010105e-002  211.000 1826.000   10.000     0 C:\Studies\double_stars\hip\20121028\g074a001.fit
