  1  0 2012 10 29  3 26 31      0 2303.09422 1608.06607    0.01164    0.01140      279.6   0   1    1 0 1 0 0 1  1.40000   2.378658053462608e-001   1.020824583763046e+000   1.507738329689989e+002   1.865326739557320e+003  -4.874527720242190e-002  0.00047   4.703304719928490e-004   5.720128067794326e-003   3.063138523451117e-001   4.093127307999313e+001   1.138790826443178e-002 2303.000 1608.000   10.000     0 C:\Studies\double_stars\hip\20121028\g074a003.fit
  1  0 2012 10 29  3 26 31      0 2446.86949 2083.49814    0.01111    0.01078      489.3   0   1    2 0 1 0 0 1  1.40000   2.386017033018319e-001   1.030501819379406e+000   2.046293062567793e+002   1.762378101514221e+003  -7.908489171136406e-002  0.00045   4.514162855887737e-004   5.520057272498876e-003   3.978319292901850e-001   7.016920446348946e+001   1.099610406179507e-002 2447.000 2083.000   10.000     0 C:\Studies\double_stars\hip\20121028\g074a003.fit
  1  0 2012 10 29  3 26 31      0 1624.60442 2323.36312    0.01136    0.01111      793.0   0   1    3 0 1 0 0 1  1.40000   2.386138845316898e-001   1.021831456869503e+000   2.571952858734344e+002   1.942656092209194e+003  -2.486615927299064e-002  0.00046   4.618975596366396e-004   5.607982354552228e-003   5.112725442427232e-001   1.141683035000247e+002   1.116099768969420e-002 1624.000 2323.000   10.000     0 C:\Studies\double_stars\hip\20121028\g074a003.fit
  1  0 2012 10 29  3 26 31      0 2662.78283 2061.39830    0.01340    0.01300       73.4   0   1    4 0 1 0 0 1  1.40000   2.283041047623743e-001   1.030749164460216e+000   7.219616830167986e+001   1.975731843033215e+003  -8.803596245537226e-002  0.00050   5.024599207706069e-004   6.422541479597361e-003   1.623523402369498e-001   1.117015230715236e+001   1.279020133995317e-002 2663.000 2061.000   10.000     0 C:\Studies\double_stars\hip\20121028\g074a003.fit
  1  0 2012 10 29  3 26 31      0 2592.70148 2748.70960    0.01247    0.01359       96.4   0   1    5 0 1 0 0 1  1.40000   2.092590789913451e-001   9.204842677855153e-001   8.365576370408309e+001   1.868685975823771e+003   1.076062663190068e-001  0.00041   4.056455728252184e-004   5.048827143943470e-003   1.618488136746084e-001   1.837384977362540e+001   1.004607353897246e-002 2593.000 2749.000   10.000     0 C:\Studies\double_stars\hip\20121028\g074a003.fit
  1  0 2012 10 29  3 26 31      0 1998.49809 1494.19827    0.05276    0.04922       20.4   0   1    6 0 1 0 0 1  1.40000   2.331916507378670e-001   1.070332122572523e+000   1.937968277790073e+001   2.019432788806936e+003   7.590821468413903e-002  0.00205   2.047888151740879e-003   2.662257468134670e-002   1.748016885751141e-001   2.947938731833397e+000   5.302007763029112e-002 1998.000 1494.000   10.000     0 C:\Studies\double_stars\hip\20121028\g074a003.fit
  1  0 2012 10 29  3 26 31      0 2280.30813  527.92228    0.01689    0.01660       28.5   0   1    7 0 1 0 0 1  1.40000   2.414891036865038e-001   1.016661959506345e+000   3.989581621427489e+001   2.021640488147772e+003  -3.949553579802784e-002  0.00070   7.015597509205764e-004   8.370798013659702e-003   1.192831050968823e-001   4.098415803162774e+000   1.666616578331412e-002 2280.000  528.000   10.000     0 C:\Studies\double_stars\hip\20121028\g074a003.fit
  1  0 2012 10 29  3 26 31      0 1922.94595  769.91266    0.03519    0.03538       24.0   0   1    8 0 1 0 0 1  1.40000   2.420011411515075e-001   9.925725224499338e-001   2.523687721990182e+001   2.020481283724016e+003  -2.100634173699652e-002  0.00147   1.471464573956174e-003   1.711035202755367e-002   1.575066052575249e-001   3.438392449235797e+000   3.405694360970794e-002 1924.000  770.000   10.000     0 C:\Studies\double_stars\hip\20121028\g074a003.fit
  1  0 2012 10 29  3 26 31      0  553.25835  828.63505    0.05744    0.06055       21.4   0   1    9 0 1 0 0 1  1.40000   2.563208732888053e-001   9.502969135288563e-001   1.840471526844350e+001   2.026389584969542e+003   1.109184461494217e-001  0.00268   2.678685690987811e-003   2.805318882378996e-002   1.985610287183835e-001   2.982652804707186e+000   5.598458796819830e-002  553.000  829.000   10.000     0 C:\Studies\double_stars\hip\20121028\g074a003.fit
  1  0 2012 10 29  3 26 31      0  533.45546 1128.20517    0.02232    0.02157       28.7   0   1   10 0 1 0 0 1  1.40000   2.380656056069988e-001   1.033572811753179e+000   3.497597014583207e+001   2.021834562543045e+003  -3.371322787413716e-002  0.00090   9.024629904902121e-004   1.110689109632925e-002   1.362776621183696e-001   4.131104432297017e+000   2.210781166958519e-002  533.000 1128.000   10.000     0 C:\Studies\double_stars\hip\20121028\g074a003.fit
  1  0 2012 10 29  3 26 31      0  489.35938  188.89140    0.05533    0.05390       26.5   0   1   11 0 1 0 0 1  1.40000   2.359191995538164e-001   1.026021048057161e+000   2.131200660890363e+001   2.014436196799141e+003  -8.012850920681117e-002  0.00220   2.203164790245920e-003   2.712354069743337e-002   2.040907762084937e-001   3.852501176637846e+000   5.404252454873109e-002  490.000  190.000   10.000     0 C:\Studies\double_stars\hip\20121028\g074a003.fit
  1  0 2012 10 29  3 26 31      0  349.75147  243.80628    0.03474    0.03488       25.1   0   1   12 0 1 0 0 1  1.40000   2.395814138587425e-001   9.964365330764927e-001   2.599721242939022e+001   2.011369890072816e+003   5.670611646441114e-002  0.00143   1.426485461179240e-003   1.680633313837575e-002   1.588397251289233e-001   3.668733280702470e+000   3.347405839323416e-002  350.000  245.000   10.000     0 C:\Studies\double_stars\hip\20121028\g074a003.fit
  1  0 2012 10 29  3 26 31      0  203.89233  908.88423    0.05436    0.05254       22.1   0   1   13 0 1 0 0 1  1.40000   2.357253567326307e-001   1.033260376547674e+000   1.966993031066001e+001   2.021996278371630e+003   1.650228087922935e-002  0.00216   2.157462743123014e-003   2.681415291254492e-002   1.849293904497512e-001   3.250489418755101e+000   5.336370472316049e-002  204.000  909.000   10.000     0 C:\Studies\double_stars\hip\20121028\g074a003.fit
  1  0 2012 10 29  3 26 31      0   15.04664 1250.73371    0.02750    0.02689       23.8   0   1   14 0 1 0 0 1  1.40000   2.472049331145776e-001   1.022801545718493e+000   2.863326089192954e+001   2.018374371572745e+003  -4.136198613339507e-003  0.00119   1.194227312131841e-003   1.400761023391016e-002   1.426204464763855e-001   3.262526640155836e+000   2.788690275933383e-002   15.000 1250.000   10.000     0 C:\Studies\double_stars\hip\20121028\g074a003.fit
  1  0 2012 10 29  3 26 31      0  210.58263 1826.65636    0.02345    0.02313       25.7   0   1   15 0 1 0 0 1  1.40000   2.412237044563617e-001   1.012963704675645e+000   3.215939341848509e+001   2.022504103507859e+003   3.974557238894251e-002  0.00097   9.725209451753764e-004   1.157406675526948e-002   1.333894108095139e-001   3.719220179679574e+000   2.304468911108724e-002  211.000 1827.000   10.000     0 C:\Studies\double_stars\hip\20121028\g074a003.fit
