  1  0 2012 10 29  3 27 28      0 2302.31190 1607.02865    0.01400    0.01332      306.4   0   1    1 0 1 0 0 1  1.40000   2.293067323378547e-001   1.051856088338431e+000   1.450260718019048e+002   1.994618968317642e+003  -1.447746916403158e-001  0.00053   5.278113319068582e-004   6.833900028956678e-003   3.418313284610052e-001   4.601672153046359e+001   1.363824339178156e-002 2302.000 1607.000   10.000     0 C:\Studies\double_stars\hip\20121028\g074a005.fit
  1  0 2012 10 29  3 27 28      0 2446.14652 2082.51425    0.01550    0.01434      619.4   0   1    2 0 1 0 0 1  1.40000   2.304323118698540e-001   1.082247674249957e+000   1.973535932539583e+002   2.070163546533081e+003  -1.540120551864278e-001  0.00059   5.885630422154944e-004   7.799740792413091e-003   5.170023419679800e-001   8.964745079509717e+001   1.556963809504643e-002 2446.000 2082.000   10.000     0 C:\Studies\double_stars\hip\20121028\g074a005.fit
  1  0 2012 10 29  3 27 28      0 1623.86539 2322.53613    0.01420    0.01347      914.0   0   1    3 0 1 0 0 1  1.40000   2.328618878069300e-001   1.056810211141084e+000   2.488681036503742e+002   2.427897023641506e+003  -1.656635093437507e-001  0.00055   5.510979078489235e-004   7.049020640459197e-003   6.040117193659015e-001   1.326240138646589e+002   1.408264399763629e-002 1624.000 2322.000   10.000     0 C:\Studies\double_stars\hip\20121028\g074a005.fit
  1  0 2012 10 29  3 27 28      0 2662.04455 2060.47647    0.01711    0.01602       87.3   0   1    5 0 1 0 0 1  1.40000   2.268511110223893e-001   1.069728942948117e+000   7.034166353720940e+001   2.038432852897306e+003  -1.582052626304256e-001  0.00063   6.321381240291387e-004   8.408517150735179e-003   2.004995712018460e-001   1.302766982741982e+001   1.678657037320422e-002 2662.000 2060.000   10.000     0 C:\Studies\double_stars\hip\20121028\g074a005.fit
  1  0 2012 10 29  3 27 28      0 2591.99616 2747.72535    0.01489    0.01593      106.8   0   1    6 0 1 0 0 1  1.40000   2.027209609359100e-001   9.356845729723203e-001   8.100165714421756e+001   1.907284036513648e+003   3.645408440812590e-002  0.00046   4.570442867551557e-004   5.988425141352740e-003   1.814759181159855e-001   2.122469272100680e+001   1.188503318292448e-002 2592.000 2748.000   10.000     0 C:\Studies\double_stars\hip\20121028\g074a005.fit
  1  0 2012 10 29  3 27 28      0 1997.76787 1493.20056    0.06640    0.06328       22.5   0   1    7 0 1 0 0 1  1.40000   2.259100818560066e-001   1.053660478701172e+000   1.804868359638798e+001   2.027395266662167e+003  -2.221199576210630e-001  0.00244   2.438408121550517e-003   3.189716822490289e-002   1.989719095341830e-001   3.431296056472580e+000   6.392834808552828e-002 1998.000 1493.000   10.000     0 C:\Studies\double_stars\hip\20121028\g074a005.fit
  1  0 2012 10 29  3 27 28      0 2279.51912  526.90676    0.02063    0.02002       32.4   0   1    8 0 1 0 0 1  1.40000   2.374439081326107e-001   1.030722531562344e+000   3.861118306268254e+001   2.034745016148753e+003  -1.100886560055567e-001  0.00083   8.303594227085833e-004   1.019125481344563e-002   1.387252529678358e-001   4.701544824377380e+000   2.031976170299114e-002 2279.000  527.000   10.000     0 C:\Studies\double_stars\hip\20121028\g074a005.fit
  1  0 2012 10 29  3 27 28      0 1922.10910  768.72896    0.04026    0.03782       25.7   0   1    9 0 1 0 0 1  1.40000   2.372207501535702e-001   1.064370898538302e+000   2.482625828382405e+001   2.028980345289118e+003  -1.136203015396071e-001  0.00162   1.616590232277274e-003   2.050944871146814e-002   1.737278875778586e-001   3.551564573077715e+000   4.089572630723362e-002 1923.000  768.000   10.000     0 C:\Studies\double_stars\hip\20121028\g074a005.fit
  1  0 2012 10 29  3 27 28      0  552.37388  827.51725    0.06159    0.05827       21.4   0   1   10 0 1 0 0 1  1.40000   2.305960300339712e-001   1.054183433279389e+000   1.833476334088409e+001   2.025249547749340e+003  -9.345203709325554e-002  0.00235   2.349404511281291e-003   3.040410138160409e-002   1.907395586477940e-001   3.065571297456425e+000   6.054643721860880e-002  551.000  827.000   10.000     0 C:\Studies\double_stars\hip\20121028\g074a005.fit
  1  0 2012 10 29  3 27 28      0  532.61764 1127.08009    0.02595    0.02423       31.1   0   1   11 0 1 0 0 1  1.40000   2.318704577584986e-001   1.070124255692134e+000   3.407689060057017e+001   2.032464026954546e+003  -1.044606745659592e-001  0.00100   9.967073588637886e-004   1.301395344017839e-002   1.503728679426207e-001   4.534961834676461e+000   2.593633111354557e-002  533.000 1127.000   10.000     0 C:\Studies\double_stars\hip\20121028\g074a005.fit
  1  0 2012 10 29  3 27 28      0  488.74695  187.81576    0.06317    0.05831       29.0   0   1   12 0 1 0 0 1  1.40000   2.359577285415622e-001   1.085371540874374e+000   2.116212368859538e+001   2.025497743883426e+003  -1.596772814997774e-001  0.00251   2.507908825897946e-003   3.253370843317505e-002   2.312218480956397e-001   4.021887975948054e+000   6.497661778602402e-002  489.000  187.000   10.000     0 C:\Studies\double_stars\hip\20121028\g074a005.fit
  1  0 2012 10 29  3 27 28      0  348.90652  242.82981    0.03588    0.03341       24.8   0   1   13 0 1 0 0 1  1.40000   2.415855462291232e-001   1.072925192890914e+000   2.588665840730579e+001   2.025068207743777e+003  -8.094243857248241e-002  0.00149   1.485072973932489e-003   1.867171301326518e-002   1.642640134965887e-001   3.444948592310845e+000   3.720834956362331e-002  349.000  243.000   10.000     0 C:\Studies\double_stars\hip\20121028\g074a005.fit
  1  0 2012 10 29  3 27 28      0  203.06117  907.85798    0.05985    0.05615       23.5   0   1   14 0 1 0 0 1  1.40000   2.312965031556023e-001   1.066879556210278e+000   1.951593412849367e+001   2.023830951644864e+003  -1.059110288049037e-001  0.00229   2.293844344612035e-003   2.993327044697597e-002   1.982922008529782e-001   3.386708700483936e+000   5.964549474779863e-002  203.000  907.000   10.000     0 C:\Studies\double_stars\hip\20121028\g074a005.fit
  1  0 2012 10 29  3 27 28      0   14.26134 1249.70919    0.03274    0.03088       26.3   0   1   15 0 1 0 0 1  1.40000   2.397056498993902e-001   1.062285268299089e+000   2.782981520700089e+001   2.029240292766825e+003  -1.924581191894833e-001  0.00134   1.337968248235966e-003   1.667205798430226e-002   1.599316769718147e-001   3.682122186721439e+000   3.336685750383783e-002   15.000 1250.000   10.000     0 C:\Studies\double_stars\hip\20121028\g074a005.fit
  1  0 2012 10 29  3 27 28      0  209.87097 1825.53554    0.02868    0.02724       28.6   0   1   16 0 1 0 0 1  1.40000   2.296290397715246e-001   1.054617815792886e+000   3.099501142650705e+001   2.029751508067681e+003  -1.487326659277702e-001  0.00109   1.085054736372546e-003   1.406295631153802e-002   1.499101689099510e-001   4.238512482116851e+000   2.806877676507286e-002  210.000 1825.000   10.000     0 C:\Studies\double_stars\hip\20121028\g074a005.fit
