-0.0326814231857309 0.0112762775237676
0.0982048157151456 0.258070206700692
-0.0358196302081263 -0.226202407361573
-0.16678428028781 -0.115088497302249
-0.0918335945204778 -0.0364370947570712
0.884057723433169 0.0680830403826803
0.0972106138613377 0.132179619830475
0.00461717777741572 -0.191837219295774
-0.0748571360935566 0.353237666598247
-0.039286349076918 -0.300524817438532
0.197089530944681 -0.468293765197341
-0.481949757629513 0.0587575005420114
-0.0641491770457376 0.187972558062233
0.0497129553169727 -0.0077687943365789
0.20965667510979 0.382450614571206
