2302.5443875 1607.389825 0.01199875 0.01179875
2446.33155625 2082.85378 0.01255 0.01222125
1624.05543375 2322.7899 0.01238875 0.0121975
2662.23588125 2060.7538275 0.01455 0.0142075
2592.14755875 2747.9268575 0.01414375 0.01561875
1997.93038 1493.4746575 0.05686 0.055725
2279.7329225 527.20678 0.0198425 0.0195175
1922.3418475 769.1056275 0.03580375 0.035285
552.69460125 827.85814625 0.0591325 0.05879
532.8729725 1127.46555875 0.02244375 0.02181375
488.869675 188.08327125 0.05618375 0.05553625
349.15585125 243.04918125 0.03423375 0.0336475
203.2688675 908.15052625 0.05334375 0.05202125
14.46901 1250.07484875 0.0300875 0.0296575
210.0593425 1825.92516 0.02524 0.02475125
