  1  0 2011 11 27  1 19  6      0 2370.37624 1769.19476    0.00864    0.00827      109.6   0   1    1 0 1 0 0 1  1.40000   1.628286095372986e-001   1.040721825828650e+000   1.118596394797822e+002   1.625804772991017e+003  -7.739356884714960e-002  0.00018   1.797873023717003e-004   3.266025232049593e-003   1.172782944071194e-001   2.857448225212004e+001   6.461918388389634e-003 2370.000 1769.000   10.000     0 C:\Users\akhodyre\Studies\hip\20111126\g074a006.fit
  1  0 2011 11 27  1 19  6      0 2513.96620 2244.84534    0.00789    0.00765      156.9   0   1    2 0 1 0 0 1  1.40000   1.610900116842733e-001   1.027494541711582e+000   1.396715124928789e+002   1.381190386941109e+003  -6.289538129541340e-002  0.00016   1.617141051332101e-004   2.933299518648884e-003   1.325922342903859e-001   4.302844316251104e+001   5.800496047842491e-003 2514.000 2245.000   10.000     0 C:\Users\akhodyre\Studies\hip\20111126\g074a006.fit
  1  0 2011 11 27  1 19  6      0 1691.46375 2484.15631    0.00711    0.00693      230.5   0   1    3 0 1 0 0 1  1.40000   1.643759541087117e-001   1.020974906721642e+000   1.779921461647235e+002   1.364030201680900e+003  -3.791084893387704e-002  0.00015   1.507342647501290e-004   2.663327172581206e-003   1.549752273686677e-001   5.994780328284388e+001   5.266554841154309e-003 1692.000 2484.000   10.000     0 C:\Users\akhodyre\Studies\hip\20111126\g074a006.fit
  1  0 2011 11 27  1 19  6      0 2729.76674 2222.75409    0.01506    0.01429       38.5   0   1    4 0 1 0 0 1  1.40000   1.591743183068594e-001   1.051261939129432e+000   5.043621698716466e+001   1.942943546300378e+003  -9.970286437441953e-002  0.00030   3.015238856666939e-004   5.655282089438230e-003   9.008710678192472e-002   1.021058651435962e+001   1.119985276468310e-002 2730.000 2224.000   10.000     0 C:\Users\akhodyre\Studies\hip\20111126\g074a006.fit
  1  0 2011 11 27  1 19  6      0 2659.38520 2910.09804    0.01358    0.01436       51.4   0   1    5 0 1 0 0 1  1.40000   1.493179376631072e-001   9.459309245656554e-001   6.034350769549801e+001   1.832472008840638e+003   3.745080527350319e-002  0.00025   2.508055318735843e-004   4.526442596601919e-003   9.157413694888195e-002   1.743115414217036e+001   8.920075012152784e-003 2660.000 2910.000   10.000     0 C:\Users\akhodyre\Studies\hip\20111126\g074a006.fit
  1  0 2011 11 27  1 19  6      0 2065.86391 1654.79095    0.12311    0.11573       21.3   0   1    6 0 1 0 0 1  1.40000   1.515081558157938e-001   1.030804876170533e+000   1.330562698706300e+001   2.002579339978372e+003  -1.289572705915924e-002  0.00224   2.241777106616157e-003   4.343181063287279e-002   1.799931716736669e-001   5.750615506789576e+000   8.576950329748352e-002 2064.000 1655.000   10.000     0 C:\Users\akhodyre\Studies\hip\20111126\g074a006.fit
  1  0 2011 11 27  1 19  6      0 2348.08955  689.01340    0.03507    0.03452       27.6   0   1    7 0 1 0 0 1  1.40000   1.659723252221945e-001   1.006606327442655e+000   2.770642859723414e+001   1.987019502195951e+003  -7.421996583467931e-002  0.00075   7.547962324983290e-004   1.300670421989056e-002   1.194205980102458e-001   6.954705268811908e+000   2.574064589590620e-002 2347.000  689.000   10.000     0 C:\Users\akhodyre\Studies\hip\20111126\g074a006.fit
  1  0 2011 11 27  1 19  6      0 1990.59862  930.49515    0.06564    0.06512       21.1   0   1    8 0 1 0 0 1  1.40000   1.623047504849584e-001   1.009548977719610e+000   1.768694229086800e+001   1.997973534659902e+003  -9.405223808354039e-003  0.00137   1.368935243166849e-003   2.422501241905475e-002   1.404568313564329e-001   5.490094774170634e+000   4.789850604634661e-002 1991.000  932.000   10.000     0 C:\Users\akhodyre\Studies\hip\20111126\g074a006.fit
  1  0 2011 11 27  1 19  6      0  620.83289  988.73901    0.12212    0.11942       20.8   0   1    9 0 1 0 0 1  1.40000   1.823351817177737e-001   1.015814466285809e+000   1.282100899812160e+001   2.018150438703338e+003  -1.258258403954082e-001  0.00308   3.077553302065449e-003   4.854050991958076e-002   2.109062509150914e-001   4.399040276396240e+000   9.649010499526474e-002  622.000  989.000   10.000     0 C:\Users\akhodyre\Studies\hip\20111126\g074a006.fit
  1  0 2011 11 27  1 19  6      0  600.85068 1287.99643    0.04010    0.03869       23.4   0   1   10 0 1 0 0 1  1.40000   1.589484641686026e-001   1.032818991743229e+000   2.396765205894320e+001   1.998968714148539e+003  -7.466767760399695e-002  0.00080   8.032740258154811e-004   1.483771733876963e-002   1.139896346929476e-001   6.431591733713640e+000   2.935196550189200e-002  601.000 1289.000   10.000     0 C:\Users\akhodyre\Studies\hip\20111126\g074a006.fit
  1  0 2011 11 27  1 19  6      0  557.05980  348.54885    0.08947    0.09240       21.4   0   1   11 0 1 0 0 1  1.40000   1.827559220420491e-001   9.682783285225244e-001   1.502034205748323e+001   2.007148753449236e+003  -1.092428394434526e-001  0.00229   2.288950578570296e-003   3.434774402017346e-002   1.819676096834452e-001   4.560849084986731e+000   6.831457463471691e-002  556.000  350.000   10.000     0 C:\Users\akhodyre\Studies\hip\20111126\g074a006.fit
  1  0 2011 11 27  1 19  6      0  417.45076  403.36843    0.06462    0.06288       22.0   0   1   12 0 1 0 0 1  1.40000   1.850515334048453e-001   1.024128107471926e+000   1.811994857469028e+001   2.015200700524152e+003  -6.471501186398369e-002  0.00167   1.670659696741149e-003   2.624455835021826e-002   1.607274403152159e-001   4.675339869465816e+000   5.206971660879243e-002  417.000  404.000   10.000     0 C:\Users\akhodyre\Studies\hip\20111126\g074a006.fit
  1  0 2011 11 27  1 19  6      0  271.31140 1068.56094    0.10919    0.10232       21.0   0   1   13 0 1 0 0 1  1.40000   1.691364930682356e-001   1.064044189593715e+000   1.381781448504987e+001   2.008531791119224e+003  -5.003132009184055e-002  0.00241   2.412580302935846e-003   4.315480995859862e-002   1.896870065691758e-001   4.908197893705973e+000   8.539847229392615e-002  271.000 1068.000   10.000     0 C:\Users\akhodyre\Studies\hip\20111126\g074a006.fit
  1  0 2011 11 27  1 19  6      0   82.37593 1410.29353    0.05999    0.06065       23.3   0   1   14 0 1 0 0 1  1.40000   1.641886687810021e-001   9.871859762498737e-001   1.933829209015370e+001   1.997586290121514e+003  -7.632861249838877e-002  0.00128   1.278255897705123e-003   2.183630277839129e-002   1.422573252205960e-001   6.368408601503672e+000   4.322356499329742e-002   82.000 1411.000   10.000     0 C:\Users\akhodyre\Studies\hip\20111126\g074a006.fit
  1  0 2011 11 27  1 19  6      0  277.58823 1986.57721    0.04475    0.04461       23.1   0   1   15 0 1 0 0 1  1.40000   1.634900229662932e-001   1.005037097272702e+000   2.240051324695047e+001   1.999731660226814e+003  -7.351828802192553e-002  0.00095   9.452090089901731e-004   1.650839513160208e-002   1.221769434416619e-001   6.013506866402440e+000   3.267438225824075e-002  278.000 1988.000   10.000     0 C:\Users\akhodyre\Studies\hip\20111126\g074a006.fit
