  1  0 2011 11 27  1 17 40      0 2366.46730 1770.62924    0.00915    0.00877      116.3   0   1    1 0 1 0 0 1  1.40000   1.618740824429374e-001   1.035768961180379e+000   1.119467453147478e+002   1.539232099851507e+003  -1.795486557613581e-005  0.00019   1.884014253180392e-004   3.431118382658782e-003   1.235065106853799e-001   3.113290890570483e+001   6.780342447821772e-003 2366.000 1771.000   10.000     0 C:\Users\akhodyre\Studies\hip\20111126\g074a003.fit
  1  0 2011 11 27  1 17 40      0 2510.07789 2246.18658    0.00844    0.00818      168.6   0   1    2 0 1 0 0 1  1.40000   1.607998305939783e-001   1.028434071836401e+000   1.400804677239972e+002   1.272970341516138e+003  -2.401788152367179e-003  0.00017   1.724210087179392e-004   3.139105354655831e-003   1.418847597135292e-001   4.582859607583815e+001   6.200915492690509e-003 2510.000 2246.000   10.000     0 C:\Users\akhodyre\Studies\hip\20111126\g074a003.fit
  1  0 2011 11 27  1 17 40      0 1687.60146 2485.46956    0.00854    0.00829      274.0   0   1    3 0 1 0 0 1  1.40000   1.580097907461765e-001   1.027619087801586e+000   1.778844991446117e+002   7.708363288291823e+002  -1.481023424325488e-002  0.00017   1.697271461406964e-004   3.142617678702834e-003   1.790907574283884e-001   7.534130897544131e+001   6.206307922088842e-003 1688.000 2485.000   10.000     0 C:\Users\akhodyre\Studies\hip\20111126\g074a003.fit
  1  0 2011 11 27  1 17 40      0 2725.89875 2224.14078    0.01496    0.01459       38.5   0   1    4 0 1 0 0 1  1.40000   1.556842597681451e-001   1.032766644376850e+000   5.051873331953823e+001   1.895685092107155e+003  -3.830673440198285e-002  0.00029   2.910281634656518e-004   5.495120241738427e-003   8.772747683467037e-002   1.022719855861379e+001   1.085353355525037e-002 2726.000 2223.000   10.000     0 C:\Users\akhodyre\Studies\hip\20111126\g074a003.fit
  1  0 2011 11 27  1 17 40      0 2655.50599 2911.37370    0.01286    0.01347       49.2   0   1    5 0 1 0 0 1  1.40000   1.462911715224991e-001   9.587376610401829e-001   6.099130754733574e+001   1.770541654064866e+003   7.991255055993067e-002  0.00023   2.296497979163800e-004   4.282563929785490e-003   8.590468922385602e-002   1.695843618170639e+001   8.456781795650858e-003 2655.000 2911.000   10.000     0 C:\Users\akhodyre\Studies\hip\20111126\g074a003.fit
  1  0 2011 11 27  1 17 40      0 2061.94833 1656.38389    0.10825    0.10788       20.8   0   1    6 0 1 0 0 1  1.40000   1.622771230864759e-001   9.966461409731300e-001   1.369087389980724e+001   2.001760128162936e+003  -1.776294723870080e-003  0.00225   2.251771162091373e-003   3.935795458717101e-002   1.782873637781217e-001   5.442286375452593e+000   7.778547171583292e-002 2063.000 1656.000   10.000     0 C:\Users\akhodyre\Studies\hip\20111126\g074a003.fit
  1  0 2011 11 27  1 17 40      0 2344.32548  690.28216    0.03446    0.03265       27.0   0   1    7 0 1 0 0 1  1.40000   1.609315515394033e-001   1.047903466297247e+000   2.790468794941311e+001   1.975989796042886e+003   3.791521523997252e-002  0.00070   7.012267752316107e-004   1.299355971671575e-002   1.150018714810222e-001   7.028760087983931e+000   2.567731822180436e-002 2345.000  690.000   10.000     0 C:\Users\akhodyre\Studies\hip\20111126\g074a003.fit
  1  0 2011 11 27  1 17 40      0 1986.62035  931.85651    0.06947    0.06436       20.8   0   1    8 0 1 0 0 1  1.40000   1.595999170806028e-001   1.066590030420196e+000   1.745989636022505e+001   1.999500967660922e+003  -8.782890019048842e-002  0.00139   1.386315011496236e-003   2.632698247515782e-002   1.422495360946426e-001   4.940577292476696e+000   5.222238141120177e-002 1988.000  931.000   10.000     0 C:\Users\akhodyre\Studies\hip\20111126\g074a003.fit
  1  0 2011 11 27  1 17 40      0  616.90308  990.02555    0.13035    0.12398       20.9   0   1    9 0 1 0 0 1  1.40000   1.435018378870434e-001   1.043537156488721e+000   1.272794799307139e+001   2.001440643043803e+003   6.242411909619543e-002  0.00221   2.209631236290711e-003   4.577933260131095e-002   1.779667720885031e-001   7.061766854626713e+000   9.025011375100757e-002  617.000  990.000   10.000     0 C:\Users\akhodyre\Studies\hip\20111126\g074a003.fit
  1  0 2011 11 27  1 17 40      0  597.06316 1289.57081    0.03978    0.03893       24.2   0   1   10 0 1 0 0 1  1.40000   1.597988269789283e-001   1.011013472868128e+000   2.444062036238429e+001   1.986899778018962e+003   5.446296449206485e-003  0.00080   8.036525652591644e-004   1.447258654861236e-002   1.153088943389753e-001   6.623863969832366e+000   2.859106941466700e-002  598.000 1290.000   10.000     0 C:\Users\akhodyre\Studies\hip\20111126\g074a003.fit
  1  0 2011 11 27  1 17 40      0  553.36129  349.90032    0.09575    0.09613       21.7   0   1   11 0 1 0 0 1  1.40000   1.617221308879523e-001   1.006093244152807e+000   1.487016381594386e+001   2.001076495249085e+003   2.623838505600991e-002  0.00199   1.994155376768325e-003   3.528283628085959e-002   1.714446754373420e-001   5.393606542859386e+000   6.979044147010523e-002  553.000  352.000   10.000     0 C:\Users\akhodyre\Studies\hip\20111126\g074a003.fit
  1  0 2011 11 27  1 17 40      0  413.57666  405.01555    0.06951    0.06418       23.0   0   1   12 0 1 0 0 1  1.40000   1.600373841025604e-001   1.073390776502204e+000   1.821651004062914e+001   1.996014204348246e+003   3.451115651944023e-004  0.00140   1.395062041282993e-003   2.664100435665411e-002   1.507306043920459e-001   6.017617069598195e+000   5.263258532059189e-002  414.000  405.000   10.000     0 C:\Users\akhodyre\Studies\hip\20111126\g074a003.fit
  1  0 2011 11 27  1 17 40      0  267.54788 1070.00684    0.10556    0.10815       20.5   0   1   13 0 1 0 0 1  1.40000   1.676230175573057e-001   9.745917374796396e-001   1.360654369549117e+001   2.007636674595103e+003  -2.511699703635560e-002  0.00233   2.332817939059039e-003   3.858368449739785e-002   1.797477528464803e-001   5.431193686198438e+000   7.628573993940749e-002  268.000 1070.000   10.000     0 C:\Users\akhodyre\Studies\hip\20111126\g074a003.fit
  1  0 2011 11 27  1 17 40      0   78.38937 1411.88469    0.06367    0.05903       22.8   0   1   14 0 1 0 0 1  1.40000   1.600105614671745e-001   1.062002967051417e+000   1.912238453652523e+001   2.000022049509210e+003  -3.293749082205191e-002  0.00127   1.274427123828648e-003   2.406899973912440e-002   1.425356402457613e-001   5.319401872430063e+000   4.767094250737077e-002   80.000 1411.000   10.000     0 C:\Users\akhodyre\Studies\hip\20111126\g074a003.fit
  1  0 2011 11 27  1 17 40      0  273.81730 1987.98616    0.04788    0.04574       24.2   0   1   15 0 1 0 0 1  1.40000   1.611472637368157e-001   1.040620312639924e+000   2.235173803044510e+001   1.997936591113777e+003   2.143207814327469e-002  0.00098   9.786235031854244e-004   1.798700306022314e-002   1.286005508051673e-001   6.519245404369963e+000   3.553972790150164e-002  274.000 1988.000   10.000     0 C:\Users\akhodyre\Studies\hip\20111126\g074a003.fit
