  1  0 2011 11 27  1 18  9      0 2368.42547 1769.46300    0.01092    0.01076      132.1   0   1    1 0 1 0 0 1  1.40000   1.521767770891172e-001   1.013424202677755e+000   1.093042343371127e+002   1.366130890986719e+003   2.744029290941287e-002  0.00020   2.046862591927747e-004   3.882185258187799e-003   1.355814880672052e-001   3.959829734717322e+001   7.660831333492989e-003 2368.000 1769.000   10.000     0 C:\Users\akhodyre\Studies\hip\20111126\g074a004.fit
  1  0 2011 11 27  1 18  9      0 2512.08320 2245.29872    0.01017    0.01021      196.2   0   1    2 0 1 0 0 1  1.40000   1.533278108351674e-001   9.965730777791514e-001   1.372233788771570e+002   1.029091124729798e+003   5.582850677650533e-002  0.00019   1.939706470000325e-004   3.588209229760455e-003   1.602683127739069e-001   6.014173036226372e+001   7.084148604631925e-003 2512.000 2245.000   10.000     0 C:\Users\akhodyre\Studies\hip\20111126\g074a004.fit
  1  0 2011 11 27  1 18  9      0 1689.55328 2484.56963    0.00792    0.00788      242.6   0   1    3 0 1 0 0 1  1.40000   1.552957504349736e-001   9.994192869899354e-001   1.730253220624683e+002   9.714061721078947e+002   8.472968215996952e-002  0.00015   1.536177284807774e-004   2.810236506169091e-003   1.588850589338126e-001   7.273831359457341e+001   5.556337587882913e-003 1689.000 2485.000   10.000     0 C:\Users\akhodyre\Studies\hip\20111126\g074a004.fit
  1  0 2011 11 27  1 18  9      0 2727.89775 2223.26232    0.01556    0.01541       38.9   0   1    4 0 1 0 0 1  1.40000   1.517440710058089e-001   1.008734243330643e+000   4.958202230821777e+001   1.889678754462479e+003   5.182076787609544e-002  0.00029   2.908757693290922e-004   5.504866514737841e-003   8.761012822856409e-002   1.203952183076642e+001   1.086357608665650e-002 2728.000 2223.000   10.000     0 C:\Users\akhodyre\Studies\hip\20111126\g074a004.fit
  1  0 2011 11 27  1 18  9      0 2657.50709 2910.38938    0.01317    0.01383       48.2   0   1    5 0 1 0 0 1  1.40000   1.410918888182805e-001   9.584575608510912e-001   5.988765850180281e+001   1.755216204290100e+003   1.112008289454029e-001  0.00022   2.225180530103680e-004   4.296693703039744e-003   8.332624691627781e-002   1.798920117253570e+001   8.478953772655286e-003 2658.000 2910.000   10.000     0 C:\Users\akhodyre\Studies\hip\20111126\g074a004.fit
  1  0 2011 11 27  1 18  9      0 2063.73514 1655.09623    0.12402    0.12171       21.7   0   1    6 0 1 0 0 1  1.40000   1.701520591229315e-001   1.024845862857888e+000   1.304788721973607e+001   2.008533165305460e+003   7.664797075152605e-002  0.00280   2.796519753882902e-003   4.783972979955943e-002   2.049370803853152e-001   4.985590500106733e+000   9.473563056762714e-002 2064.000 1654.000   10.000     0 C:\Users\akhodyre\Studies\hip\20111126\g074a004.fit
  1  0 2011 11 27  1 18  9      0 2346.22178  689.30840    0.03612    0.03552       27.2   0   1    8 0 1 0 0 1  1.40000   1.588116594795009e-001   1.012265663696953e+000   2.714542657292687e+001   1.980719095045600e+003   8.031640381005510e-004  0.00072   7.249388465687214e-004   1.315395705574537e-002   1.163165369159557e-001   7.768540072836742e+000   2.597965527816670e-002 2346.000  690.000   10.000     0 C:\Users\akhodyre\Studies\hip\20111126\g074a004.fit
  1  0 2011 11 27  1 18  9      0 1988.60325  930.99966    0.07463    0.07439       22.5   0   1    9 0 1 0 0 1  1.40000   1.674986875860103e-001   9.891474496577728e-001   1.714685833661467e+001   2.000357924088095e+003   5.470842785288183e-002  0.00163   1.631272337076646e-003   2.737678093641976e-002   1.574753843460042e-001   5.371958768277735e+000   5.419289514080126e-002 1987.000  932.000   10.000     0 C:\Users\akhodyre\Studies\hip\20111126\g074a004.fit
  1  0 2011 11 27  1 18  9      0  618.79368  988.98456    0.15276    0.14630       22.2   0   1   10 0 1 0 0 1  1.40000   1.483850216307331e-001   1.032104678215356e+000   1.209816840275340e+001   2.006930577181565e+003  -5.621678598710165e-002  0.00273   2.726320760188496e-003   5.399912538817784e-002   2.037088971098147e-001   6.925475520527304e+000   1.065293538569291e-001  618.000  989.000   10.000     0 C:\Users\akhodyre\Studies\hip\20111126\g074a004.fit
  1  0 2011 11 27  1 18  9      0  599.05703 1288.61129    0.04182    0.04169       25.0   0   1   11 0 1 0 0 1  1.40000   1.583844182921092e-001   1.005871988574789e+000   2.415092317779192e+001   1.985410259821245e+003   6.331391546305609e-002  0.00084   8.391349185788310e-004   1.515705415912568e-002   1.195418959889108e-001   6.966699752020188e+000   2.995796146717982e-002  599.000 1288.000   10.000     0 C:\Users\akhodyre\Studies\hip\20111126\g074a004.fit
  1  0 2011 11 27  1 18  9      0  555.36647  349.20472    0.10051    0.09937       21.9   0   1   12 0 1 0 0 1  1.40000   1.622791354374187e-001   1.006928661947311e+000   1.456112534763015e+001   2.000778047320173e+003  -2.159036252285599e-002  0.00209   2.090645213988383e-003   3.691615962854557e-002   1.768943548013838e-001   5.870952848611806e+000   7.295501072703263e-002  556.000  349.000   10.000     0 C:\Users\akhodyre\Studies\hip\20111126\g074a004.fit
  1  0 2011 11 27  1 18  9      0  415.54585  404.09917    0.06902    0.06626       21.2   0   1   13 0 1 0 0 1  1.40000   1.474249736506527e-001   1.033551307578801e+000   1.754015907888848e+001   1.986722221319359e+003   3.887531080166044e-002  0.00122   1.222185642202174e-003   2.440808870230739e-002   1.331084581775103e-001   6.738739756094663e+000   4.815425823790148e-002  416.000  405.000   10.000     0 C:\Users\akhodyre\Studies\hip\20111126\g074a004.fit
  1  0 2011 11 27  1 18  9      0  269.34513 1068.97875    0.10830    0.11190       20.4   0   1   14 0 1 0 0 1  1.40000   1.476870807763300e-001   9.798720103872400e-001   1.358874441479103e+001   1.991892461436283e+003   7.067447911712556e-002  0.00196   1.958506926349968e-003   3.697489932753438e-002   1.624598985282381e-001   6.415157090608864e+000   7.303591826227286e-002  269.000 1068.000   10.000     0 C:\Users\akhodyre\Studies\hip\20111126\g074a004.fit
  1  0 2011 11 27  1 18  9      0   80.34258 1410.79834    0.05983    0.05644       21.6   0   1   15 0 1 0 0 1  1.40000   1.517130912451309e-001   1.039126723357312e+000   1.913236237913201e+001   1.986213799807470e+003   1.018141472627040e-001  0.00110   1.098375984804280e-003   2.137855821663080e-002   1.276286779652246e-001   6.109620508828541e+000   4.230482650630471e-002   79.000 1411.000   10.000     0 C:\Users\akhodyre\Studies\hip\20111126\g074a004.fit
  1  0 2011 11 27  1 18  9      0  275.63274 1986.74548    0.04783    0.04755       23.5   0   1   16 0 1 0 0 1  1.40000   1.526375726440320e-001   1.011792234863638e+000   2.201887720804443e+001   1.984100993247825e+003   1.321873519358934e-001  0.00090   9.036399421140123e-004   1.698856337917811e-002   1.200234205899110e-001   6.876330578336811e+000   3.363891274768483e-002  276.000 1986.000   10.000     0 C:\Users\akhodyre\Studies\hip\20111126\g074a004.fit
