  1  0 2011 11 27  1 18 38      0 2369.49294 1769.54215    0.01482    0.01392      157.1   0   1    1 0 1 0 0 1  1.40000   1.425443010573326e-001   1.057598306529791e+000   1.041162933903061e+002   1.504860424308023e+003  -2.531174939799207e-002  0.00025   2.475385392439446e-004   5.237139342493730e-003   1.636497732679957e-001   5.068243913029177e+001   1.031484262837817e-002 2369.000 1769.000   10.000     0 C:\Users\akhodyre\Studies\hip\20111126\g074a005.fit
  1  0 2011 11 27  1 18 38      0 2513.15706 2245.22466    0.01338    0.01256      222.0   0   1    2 0 1 0 0 1  1.40000   1.392620972051380e-001   1.056006980219936e+000   1.303387652767178e+002   1.160292207458262e+003   1.385772694370095e-003  0.00022   2.156965802126633e-004   4.666897186063811e-003   1.813266596401224e-001   7.789189262048838e+001   9.183180553583468e-003 2513.000 2245.000   10.000     0 C:\Users\akhodyre\Studies\hip\20111126\g074a005.fit
  1  0 2011 11 27  1 18 38      0 1690.65827 2484.55613    0.01312    0.01268      349.4   0   1    3 0 1 0 0 1  1.40000   1.421391821140814e-001   1.024624665621171e+000   1.636926585420350e+002   1.157164433924630e+003   2.154727816055240e-002  0.00022   2.197455311522036e-004   4.516646729462142e-003   2.280996231351581e-001   1.235765671198877e+002   8.894239581315799e-003 1691.000 2485.000   10.000     0 C:\Users\akhodyre\Studies\hip\20111126\g074a005.fit
  1  0 2011 11 27  1 18 38      0 2728.96461 2223.12711    0.02020    0.01912       43.7   0   1    4 0 1 0 0 1  1.40000   1.377731085103014e-001   1.038402829442359e+000   4.721311905996840e+001   1.878372164445917e+003  -2.586327532329220e-002  0.00032   3.189936636518838e-004   6.858054831511832e-003   9.704446194763070e-002   1.540951115924245e+001   1.349718692192957e-002 2728.000 2223.000   10.000     0 C:\Users\akhodyre\Studies\hip\20111126\g074a005.fit
  1  0 2011 11 27  1 18 38      0 2658.63394 2910.33011    0.01740    0.01768       55.3   0   1    5 0 1 0 0 1  1.40000   1.327505262365372e-001   9.856193849832252e-001   5.660158874793137e+001   1.831607943593067e+003   5.896985164219323e-002  0.00027   2.656542858545276e-004   5.624912047407843e-003   9.778040023327572e-002   2.309927629908057e+001   1.105813446195908e-002 2659.000 2910.000   10.000     0 C:\Users\akhodyre\Studies\hip\20111126\g074a005.fit
  1  0 2011 11 27  1 18 38      0 2064.96369 1655.34459    0.13858    0.12168       20.4   0   1    6 0 1 0 0 1  1.40000   1.463101860595594e-001   1.117596106716064e+000   1.241229801665652e+001   2.002034973314150e+003  -7.860417392464141e-003  0.00237   2.371632523474245e-003   5.167027663879003e-002   1.855978495992669e-001   5.783430291864690e+000   1.018767405205291e-001 2064.000 1655.000   10.000     0 C:\Users\akhodyre\Studies\hip\20111126\g074a005.fit
  1  0 2011 11 27  1 18 38      0 2347.26492  689.35418    0.04030    0.03703       26.0   0   1    9 0 1 0 0 1  1.40000   1.433968275186619e-001   1.079235465972542e+000   2.575059888254574e+001   1.978320275198171e+003  -7.323017544874359e-002  0.00068   6.768406174936920e-004   1.451359400192945e-002   1.108825585728250e-001   8.270465603219098e+000   2.861780026829807e-002 2347.000  689.000   10.000     0 C:\Users\akhodyre\Studies\hip\20111126\g074a005.fit
  1  0 2011 11 27  1 18 38      0 1989.60222  930.92150    0.08379    0.08015       22.4   0   1   10 0 1 0 0 1  1.40000   1.426179581295449e-001   1.039209342397677e+000   1.643788396813247e+001   1.989416366287908e+003  -8.063494034584183e-002  0.00141   1.407056841398952e-003   2.918823534260339e-002   1.464831763005525e-001   7.508603665847073e+000   5.758148616622048e-002 1990.000  932.000   10.000     0 C:\Users\akhodyre\Studies\hip\20111126\g074a005.fit
  1  0 2011 11 27  1 18 38      0  620.06152  988.89344    0.18313    0.16059       23.1   0   1   11 0 1 0 0 1  1.40000   1.429299718307885e-001   1.141478242858667e+000   1.155449286932747e+001   2.007851343229793e+003   1.481568979860935e-001  0.00304   3.037301018353803e-003   6.888530174581822e-002   2.240692769393034e-001   6.208997545417116e+000   1.364935558979007e-001  620.000  991.000   10.000     0 C:\Users\akhodyre\Studies\hip\20111126\g074a005.fit
  1  0 2011 11 27  1 18 38      0  600.10660 1288.55430    0.04908    0.04385       24.3   0   1   12 0 1 0 0 1  1.40000   1.376029234412064e-001   1.108512598370826e+000   2.280773136272367e+001   1.984218577787318e+003  -1.381741828339735e-002  0.00077   7.675310489889277e-004   1.765589801622945e-002   1.146011478633545e-001   8.008800973941746e+000   3.473078957968828e-002  600.000 1288.000   10.000     0 C:\Users\akhodyre\Studies\hip\20111126\g074a005.fit
  1  0 2011 11 27  1 18 38      0  556.50311  348.99013    0.10982    0.10848       21.3   0   1   13 0 1 0 0 1  1.40000   1.594403059639757e-001   1.019598003465541e+000   1.381452764583461e+001   2.001696684649594e+003  -1.378495721215138e-001  0.00222   2.224707542136371e-003   4.031147089629914e-002   1.801478305486272e-001   5.552593781749434e+000   7.989969124184695e-002  556.000  348.000   10.000     0 C:\Users\akhodyre\Studies\hip\20111126\g074a005.fit
  1  0 2011 11 27  1 18 38      0  416.64570  404.01069    0.08010    0.07547       21.4   0   1   14 0 1 0 0 1  1.40000   1.470939403130166e-001   1.061107334773438e+000   1.652135840430679e+001   1.997922102597303e+003  -4.212798432067203e-002  0.00141   1.408381036112672e-003   2.894522735115699e-002   1.444734995991732e-001   6.148954621374955e+000   5.708387653687553e-002  416.000  403.000   10.000     0 C:\Users\akhodyre\Studies\hip\20111126\g074a005.fit
  1  0 2011 11 27  1 18 38      0  270.59148 1069.07424    0.13913    0.12799       20.5   0   1   15 0 1 0 0 1  1.40000   1.286092767641039e-001   1.075244318674619e+000   1.248501869298159e+001   1.993505031281543e+003  -2.332088389179856e-001  0.00197   1.969347271516743e-003   4.650533022550719e-002   1.655154230880884e-001   8.213288455373412e+000   9.264576676232456e-002  270.000 1069.000   10.000     0 C:\Users\akhodyre\Studies\hip\20111126\g074a005.fit
  1  0 2011 11 27  1 18 38      0   81.52727 1410.85928    0.06625    0.06453       21.7   0   1   16 0 1 0 0 1  1.40000   1.479530031841399e-001   1.029009460948558e+000   1.811795314581788e+001   1.991804013049250e+003  -4.287590162964165e-002  0.00118   1.184818150796870e-003   2.347013208051958e-002   1.323203940896636e-001   6.504490895100160e+000   4.632060886789190e-002   82.000 1410.000   10.000     0 C:\Users\akhodyre\Studies\hip\20111126\g074a005.fit
  1  0 2011 11 27  1 18 38      0  276.86578 1986.87518    0.05873    0.05411       24.3   0   1   17 0 1 0 0 1  1.40000   1.401172072404094e-001   1.083451141212204e+000   2.072371665458937e+001   1.991304719083083e+003  -2.088350288078627e-002  0.00095   9.521325502807444e-004   2.100506661364395e-002   1.269440766045546e-001   7.690206135534980e+000   4.135590022358104e-002  277.000 1986.000   10.000     0 C:\Users\akhodyre\Studies\hip\20111126\g074a005.fit
