  1  0 2011 11 27  1 19 35      0 2370.05643 1767.93198    0.01225    0.01160      140.1   0   1    1 0 1 0 0 1  1.40000   1.547259739969665e-001   1.051690077744991e+000   1.068236184030885e+002   1.471674390239139e+003  -1.711117063903311e-001  0.00023   2.339906463251022e-004   4.500058162651472e-003   1.510794952192798e-001   4.023972777540275e+001   8.944812195134931e-003 2370.000 1768.000   10.000     0 C:\Users\akhodyre\Studies\hip\20111126\g074a007.fit
  1  0 2011 11 27  1 19 35      0 2513.62575 2243.47154    0.01074    0.01023      198.1   0   1    2 0 1 0 0 1  1.40000   1.572097518786644e-001   1.046810545969430e+000   1.356331691163287e+002   1.166581944345433e+003  -1.290192073934071e-001  0.00021   2.106791384627468e-004   3.979453351264027e-003   1.703305503495118e-001   5.348336568827722e+001   7.882035241657186e-003 2513.000 2243.000   10.000     0 C:\Users\akhodyre\Studies\hip\20111126\g074a007.fit
  1  0 2011 11 27  1 19 35      0 1691.16201 2482.76901    0.01002    0.00961      296.2   0   1    3 0 1 0 0 1  1.40000   1.580028997647464e-001   1.037914066798486e+000   1.709584159194571e+002   9.992567135626756e+002  -1.424915909655216e-001  0.00020   1.985111950487784e-004   3.695277357372359e-003   2.019972956626178e-001   8.320983767615255e+001   7.332982859139524e-003 1691.000 2483.000   10.000     0 C:\Users\akhodyre\Studies\hip\20111126\g074a007.fit
  1  0 2011 11 27  1 19 35      0 2729.43618 2221.36002    0.01787    0.01694       42.8   0   1    4 0 1 0 0 1  1.40000   1.559032028777037e-001   1.051200654809787e+000   4.895879574472459e+001   1.930869108617499e+003  -1.768363835366164e-001  0.00035   3.454820155060925e-004   6.587014755028165e-003   1.014681303297795e-001   1.171386371881466e+001   1.311080901874103e-002 2730.000 2221.000   10.000     0 C:\Users\akhodyre\Studies\hip\20111126\g074a007.fit
  1  0 2011 11 27  1 19 35      0 2659.02828 2908.46247    0.01565    0.01604       54.4   0   1    5 0 1 0 0 1  1.40000   1.436583696447761e-001   9.739332309155623e-001   5.832352772340984e+001   1.815051601141199e+003  -4.220058559598006e-002  0.00027   2.706690602834699e-004   5.229478997133560e-003   9.846739153245966e-002   2.001196047739462e+001   1.030014940251729e-002 2659.000 2909.000   10.000     0 C:\Users\akhodyre\Studies\hip\20111126\g074a007.fit
  1  0 2011 11 27  1 19 35      0 2065.57147 1653.77973    0.13270    0.12348       22.0   0   1    6 0 1 0 0 1  1.40000   1.553184267048166e-001   1.079608660082739e+000   1.295394677067552e+001   2.029050532520809e+003  -2.602096741295438e-001  0.00254   2.544367176540659e-003   4.964260095247076e-002   1.983081909490632e-001   5.731671232748488e+000   9.927012114780359e-002 2065.000 1653.000   10.000     0 C:\Users\akhodyre\Studies\hip\20111126\g074a007.fit
  1  0 2011 11 27  1 19 35      0 2347.79414  687.64340    0.15709    0.15241      111.0   0   1    8 0 1 0 0 1  1.40000   1.775362727675971e-001   1.050471895652846e+000   2.629257418494277e+001   2.048261809851801e+003  -2.982534563088820e-001  0.00382   3.815745982624126e-003   6.287389774938970e-002   5.444387160122077e-001   2.190340504424612e+001   1.266936736783350e-001 2348.000  686.000   10.000     0 C:\Users\akhodyre\Studies\hip\20111126\g074a007.fit
  1  0 2011 11 27  1 19 35      0 1990.15159  929.45119    0.08155    0.07356       22.8   0   1    9 0 1 0 0 1  1.40000   1.520056328404447e-001   1.102405097242119e+000   1.691676560564019e+001   2.024870856371819e+003  -2.369371646085969e-001  0.00150   1.499091405396611e-003   3.062232861901121e-002   1.561147349827282e-001   6.416413187140100e+000   6.121564075216358e-002 1990.000  930.000   10.000     0 C:\Users\akhodyre\Studies\hip\20111126\g074a007.fit
  1  0 2011 11 27  1 19 35      0  620.43032  987.18077    0.14894    0.14230       20.7   0   1   10 0 1 0 0 1  1.40000   1.671684536082382e-001   1.050691122500092e+000   1.173478593841476e+001   2.040517183001897e+003  -1.175198820119443e-001  0.00325   3.245732751936380e-003   5.785033906435100e-002   2.169777110194350e-001   4.694339008606165e+000   1.148582525216066e-001  621.000  986.000   10.000     0 C:\Users\akhodyre\Studies\hip\20111126\g074a007.fit
  1  0 2011 11 27  1 19 35      0  600.63384 1286.68339    0.04771    0.04465       25.0   0   1   11 0 1 0 0 1  1.40000   1.521566954440688e-001   1.066973304237510e+000   2.304447114852072e+001   2.018071208257808e+003  -1.630957488017862e-001  0.00088   8.845360253222256e-004   1.756869642213639e-002   1.242720846199527e-001   6.917137680667633e+000   3.483266025139495e-002  600.000 1286.000   10.000     0 C:\Users\akhodyre\Studies\hip\20111126\g074a007.fit
  1  0 2011 11 27  1 19 35      0  556.84067  347.27555    0.11249    0.10938       22.5   0   1   12 0 1 0 0 1  1.40000   1.806193199567678e-001   1.034876733820889e+000   1.391964097711576e+001   2.040379085456647e+003  -2.629537975131411e-001  0.00280   2.795362477105754e-003   4.478434651172947e-002   2.101569309767221e-001   4.874385389068223e+000   8.996525576093044e-002  557.000  347.000   10.000     0 C:\Users\akhodyre\Studies\hip\20111126\g074a007.fit
  1  0 2011 11 27  1 19 35      0  417.08143  402.27444    0.07729    0.07169       22.1   0   1   13 0 1 0 0 1  1.40000   1.576795087230095e-001   1.084162193091194e+000   1.703534522981082e+001   2.027995042798181e+003  -1.302388907800732e-001  0.00152   1.521874391212994e-003   2.968710638352126e-002   1.543805106696251e-001   5.381593305900880e+000   5.883095561401559e-002  417.000  401.000   10.000     0 C:\Users\akhodyre\Studies\hip\20111126\g074a007.fit
  1  0 2011 11 27  1 19 35      0  270.96550 1067.28167    0.12614    0.12543       20.8   0   1   14 0 1 0 0 1  1.40000   1.316655880527106e-001   9.923723549246879e-001   1.303724829497951e+001   2.016388521253467e+003  -6.151697659523721e-002  0.00188   1.877597665147829e-003   4.035026990125738e-002   1.594674555428753e-001   8.338435139143369e+000   7.950416646736661e-002  272.000 1067.000   10.000     0 C:\Users\akhodyre\Studies\hip\20111126\g074a007.fit
  1  0 2011 11 27  1 19 35      0   82.04979 1409.14931    0.06571    0.06314       22.9   0   1   15 0 1 0 0 1  1.40000   1.533377568879024e-001   1.035851196969483e+000   1.861177786293116e+001   2.017701906879674e+003  -6.123310484022562e-002  0.00124   1.240805911238235e-003   2.385582526337937e-002   1.400944147901397e-001   6.786223739125584e+000   4.711078620250282e-002   82.000 1409.000   10.000     0 C:\Users\akhodyre\Studies\hip\20111126\g074a007.fit
  1  0 2011 11 27  1 19 35      0  277.34626 1985.20741    0.05208    0.04980       23.8   0   1   16 0 1 0 0 1  1.40000   1.532032280843108e-001   1.040295539611581e+000   2.133009328959173e+001   2.016147446978875e+003  -1.348297231292760e-001  0.00098   9.805274610592582e-004   1.888319148591246e-002   1.269547912256617e-001   6.994887979597185e+000   3.745098317953195e-002  277.000 1986.000   10.000     0 C:\Users\akhodyre\Studies\hip\20111126\g074a007.fit
