  1  0 2011 11 27  1 17 12      0 2367.44408 1769.08371    0.01140    0.01073      131.1   0   1    1 0 1 0 0 1  1.40000   1.635058890121451e-001   1.056235710721368e+000   1.068957913080322e+002   1.776402653064714e+003  -1.093021881976033e-001  0.00024   2.379024481804019e-004   4.362222442746064e-003   1.481938829415788e-001   3.346379419000007e+001   8.642998519783113e-003 2367.000 1769.000   10.000     0 C:\Users\akhodyre\Studies\hip\20111126\g074a002.fit
  1  0 2011 11 27  1 17 12      0 2511.01856 2244.72555    0.01082    0.01023      194.6   0   1    2 0 1 0 0 1  1.40000   1.618752354875760e-001   1.045592926746695e+000   1.338339484447239e+002   1.575381059464154e+003  -9.759514373284525e-002  0.00022   2.217541460871070e-004   4.067970862863146e-003   1.735420331755642e-001   5.006282805307519e+001   8.057566725308036e-003 2512.000 2245.000   10.000     0 C:\Users\akhodyre\Studies\hip\20111126\g074a002.fit
  1  0 2011 11 27  1 17 12      0 1688.58151 2483.97346    0.01091    0.01051      321.7   0   1    3 0 1 0 0 1  1.40000   1.664273413278174e-001   1.033084337898166e+000   1.700086684375551e+002   1.721625121779084e+003  -9.987089127781788e-002  0.00024   2.354656316020923e-004   4.148966882998450e-003   2.297871365759362e-001   8.154797243539369e+001   8.223176440317693e-003 1689.000 2484.000   10.000     0 C:\Users\akhodyre\Studies\hip\20111126\g074a002.fit
  1  0 2011 11 27  1 17 12      0 2726.83072 2222.69541    0.01691    0.01619       40.1   0   1    4 0 1 0 0 1  1.40000   1.621137781519174e-001   1.039171793051593e+000   4.835989304198257e+001   1.969061121877766e+003  -9.532739415270444e-002  0.00035   3.491812913877703e-004   6.357243553071202e-003   9.886168053261016e-002   1.073875570166068e+001   1.258953613065934e-002 2727.000 2223.000   10.000     0 C:\Users\akhodyre\Studies\hip\20111126\g074a002.fit
  1  0 2011 11 27  1 17 12      0 2656.43683 2909.81781    0.01428    0.01484       49.2   0   1    5 0 1 0 0 1  1.40000   1.504396574348634e-001   9.697856253586318e-001   5.789467719603547e+001   1.884973303150398e+003   1.899990257980251e-002  0.00027   2.660123811899318e-004   4.884628703041859e-003   9.289470904992460e-002   1.525907949525201e+001   9.632720005077200e-003 2657.000 2909.000   10.000     0 C:\Users\akhodyre\Studies\hip\20111126\g074a002.fit
  1  0 2011 11 27  1 17 12      0 2062.79324 1654.92255    0.11645    0.10910       19.7   0   1    6 0 1 0 0 1  1.40000   1.679583584564020e-001   1.058635492836223e+000   1.296105025350018e+001   2.013949214817013e+003  -8.609393095788412e-003  0.00254   2.538065658041985e-003   4.550118361493752e-002   1.878712677142777e-001   4.656415345807842e+000   9.006047661697041e-002 2062.000 1656.000   10.000     0 C:\Users\akhodyre\Studies\hip\20111126\g074a002.fit
  1  0 2011 11 27  1 17 12      0 2345.23124  688.82440    0.16120    0.15616      110.8   0   1    7 0 1 0 0 1  1.40000   1.725235132645953e-001   1.031316731696428e+000   2.585862751560389e+001   2.030328318878203e+003  -1.689630278391796e-001  0.00370   3.700059603312612e-003   6.247739956061800e-002   5.352929300571376e-001   2.651036919975293e+001   1.243989183530092e-001 2345.000  689.000   10.000     0 C:\Users\akhodyre\Studies\hip\20111126\g074a002.fit
  1  0 2011 11 27  1 17 12      0 1987.60217  930.38577    0.07940    0.07636       22.8   0   1    8 0 1 0 0 1  1.40000   1.577137615091918e-001   1.032752731781302e+000   1.686013035161240e+001   2.002068468942776e+003  -5.969724667503958e-002  0.00157   1.568049132456766e-003   2.920935517938667e-002   1.574326261052649e-001   6.443772058616924e+000   5.773269141371973e-002 1988.000  931.000   10.000     0 C:\Users\akhodyre\Studies\hip\20111126\g074a002.fit
  1  0 2011 11 27  1 17 12      0  617.76500  988.38268    0.12634    0.12931       19.9   0   1    9 0 1 0 0 1  1.40000   1.931757268327841e-001   9.859572463456394e-001   1.221497986933139e+001   2.024902307660122e+003  -1.352692563763548e-001  0.00356   3.564645947684264e-003   5.143785631381229e-002   2.208488798377058e-001   3.746238609535878e+000   1.022919920837374e-001  617.000  987.000   10.000     0 C:\Users\akhodyre\Studies\hip\20111126\g074a002.fit
  1  0 2011 11 27  1 17 12      0  598.03383 1288.11758    0.04630    0.04373       25.3   0   1   10 0 1 0 0 1  1.40000   1.616974294241750e-001   1.054648772915226e+000   2.329556941255467e+001   2.005196966095496e+003  -1.317426900038701e-001  0.00095   9.500454524936153e-004   1.756626108737065e-002   1.299656896267800e-001   6.629569602226496e+000   3.486113100298085e-002  598.000 1289.000   10.000     0 C:\Users\akhodyre\Studies\hip\20111126\g074a002.fit
  1  0 2011 11 27  1 17 12      0  554.26441  348.49638    0.10007    0.09767       20.5   0   1   11 0 1 0 0 1  1.40000   1.310091422980420e-001   1.015100687277126e+000   1.448921912621141e+001   1.982070531836019e+003  -5.013404027987296e-002  0.00148   1.483344769761000e-003   3.279861844411555e-002   1.420333478963775e-001   8.802479872509844e+000   6.446757867053311e-002  554.000  349.000   10.000     0 C:\Users\akhodyre\Studies\hip\20111126\g074a002.fit
  1  0 2011 11 27  1 17 12      0  414.51336  403.45266    0.07620    0.06828       23.2   0   1   12 0 1 0 0 1  1.40000   1.613775689810244e-001   1.094675416279483e+000   1.769281151782038e+001   2.003281006974896e+003  -1.563195928386465e-001  0.00153   1.534838610660951e-003   2.948912546584269e-002   1.594269667084073e-001   5.519246364505660e+000   5.855432887856615e-002  416.000  404.000   10.000     0 C:\Users\akhodyre\Studies\hip\20111126\g074a002.fit
  1  0 2011 11 27  1 17 12      0  268.40888 1068.67547    0.13203    0.11760       22.5   0   1   13 0 1 0 0 1  1.40000   1.523698792686722e-001   1.108735575842152e+000   1.324274849041960e+001   2.006888624725821e+003  -1.478528552199028e-001  0.00243   2.426260449157138e-003   5.009224956193548e-002   1.976962477121417e-001   6.218745867778801e+000   9.933476456570156e-002  269.000 1069.000   10.000     0 C:\Users\akhodyre\Studies\hip\20111126\g074a002.fit
  1  0 2011 11 27  1 17 12      0   79.58261 1410.35564    0.06277    0.06002       21.5   0   1   14 0 1 0 0 1  1.40000   1.727057621639952e-001   1.040670126576566e+000   1.831574245922389e+001   2.019263579919687e+003  -8.504488386907430e-002  0.00144   1.439255098610154e-003   2.461976274744488e-002   1.475789077697746e-001   5.078171585722079e+000   4.880541360430997e-002   80.000 1411.000   10.000     0 C:\Users\akhodyre\Studies\hip\20111126\g074a002.fit
  1  0 2011 11 27  1 17 12      0  274.79809 1986.49308    0.04676    0.04614       22.2   0   1   15 0 1 0 0 1  1.40000   1.779352185846785e-001   1.010489873132125e+000   2.138034359592206e+001   2.021558163467622e+003  -4.892626775379454e-002  0.00113   1.133601050808272e-003   1.828980637475414e-002   1.323675944767493e-001   5.158241800750357e+000   3.623781675882049e-002  275.000 1987.000   10.000     0 C:\Users\akhodyre\Studies\hip\20111126\g074a002.fit
