-0.013295800095486 -0.0194958520416046
0.0701257556061372 0.181114811917869
-0.0258272956386225 -0.116450857139972
-0.079945564638285 -0.105070695297352
-0.0561423717635196 -0.018304668372944
0.879168609619132 0.169691916604564
0.0432938452331352 0.117303211872227
0.0269042172576592 -0.112807879508136
-0.0547173908588109 0.349438065520674
-0.120038070007813 -0.241573917693982
0.256148217110824 -0.408279163932442
-0.411670525682678 0.057272407780264
-0.0708109062487393 0.222666011234556
0.0242585901835254 0.0568242977701065
0.245177545723273 0.333912873992087
