2368.4953 1769.28247625 0.0112125 0.01076375
2512.1076075 2244.91180125 0.01069125 0.010295
1689.63849875 2484.1992025 0.00972875 0.00947125
2727.9178925 2222.8492875 0.0171825 0.01644375
2657.546125 2910.0242975 0.01456625 0.01520875
2063.945915 1655.04869125 0.1338825 0.128325
2346.276765 688.989975 0.0922775 0.09007125
1988.6758025 930.60436125 0.07955 0.0757625
618.93719875 988.64481375 0.1505725 0.1455075
599.0710725 1288.200095 0.04533875 0.04311125
555.3786875 348.72139375 0.1072275 0.10569625
415.62052125 403.67136375 0.07611375 0.07153625
269.48290625 1068.7007375 0.12445625 0.12042375
80.52801125 1410.5103625 0.0657675 0.0626875
275.789135 1986.63074 0.05278125 0.05152875
