  1  0 2009  2 19 19 58  7      0 2313.43774 1724.13782    0.01153    0.01163      201.0   0   1    1 0 1 0 0 1  1.40000   1.925935399634129e-001   9.905044624956259e-001   1.283363594373178e+002   1.981177054395781e+003  -5.176800518122818e-002  0.00032   3.212563032889900e-004   4.690148028317380e-003   2.114326836860475e-001   4.094214305600025e+001   9.304834697193355e-003 2313.000 1724.000   10.000     0 C:\Studies\double_stars\hip\20090219\g074a003.fit
  1  0 2009  2 19 19 58  7      0 2456.41510 2200.39511    0.01104    0.01117      300.3   0   1    2 0 1 0 0 1  1.40000   1.898920214235187e-001   9.893011215648380e-001   1.603866025414591e+002   1.823729433952782e+003  -5.518350214352080e-002  0.00030   3.004847992998565e-004   4.444192886948804e-003   2.496283793251605e-001   6.212859340182281e+001   8.814456509708345e-003 2456.000 2200.000   10.000     0 C:\Studies\double_stars\hip\20090219\g074a003.fit
  1  0 2009  2 19 19 58  7      0 1633.50279 2437.68430    0.00981    0.01001      431.8   0   1    3 0 1 0 0 1  1.40000   1.920574915981921e-001   9.819601372201962e-001   2.036314639901576e+002   2.086450818691184e+003  -4.537112918540037e-002  0.00027   2.728932912626810e-004   3.961618451819344e-003   2.847043493421071e-001   8.678928636900886e+001   7.856922937022210e-003 1633.000 2437.000   10.000     0 C:\Studies\double_stars\hip\20090219\g074a003.fit
  1  0 2009  2 19 19 58  7      0 2672.01203 2178.27821    0.01569    0.01577       55.2   0   1    4 0 1 0 0 1  1.40000   1.842714126510947e-001   9.948298268350899e-001   5.782596182180444e+001   2.143022721704354e+003  -4.380447884096964e-002  0.00041   4.050835032161247e-004   6.212118813442128e-003   1.243074216080333e-001   1.207171072000886e+001   1.231236158169504e-002 2672.000 2178.000   10.000     0 C:\Studies\double_stars\hip\20090219\g074a003.fit
  1  0 2009  2 19 19 58  7      0 2600.62395 2865.51736    0.01259    0.01372       66.1   0   1    5 0 1 0 0 1  1.40000   1.691791737720031e-001   9.238905477757957e-001   6.986130211643267e+001   2.006776571249951e+003   6.752098523589976e-002  0.00029   2.862752083610762e-004   4.442919923504964e-003   1.112520157972593e-001   1.746857800380285e+001   8.795210369871905e-003 2600.000 2865.000   10.000     0 C:\Studies\double_stars\hip\20090219\g074a003.fit
  1  0 2009  2 19 19 58  7      0 2009.07341 1609.09653    0.10441    0.09951       24.7   0   1    6 0 1 0 0 1  1.40000   1.638585790533851e-001   1.037689184774423e+000   1.531271150305117e+001   2.184902949305740e+003  -6.117984648038546e-002  0.00219   2.187031954727783e-003   3.937756327454012e-002   1.937957548595892e-001   6.179960562349356e+000   7.788892540678319e-002 2008.000 1609.000   10.000     0 C:\Studies\double_stars\hip\20090219\g074a003.fit
  1  0 2009  2 19 19 58  7      0 2292.95944  643.71149    0.02986    0.02948       32.1   0   1    7 0 1 0 0 1  1.40000   1.911881415493692e-001   1.010712453531630e+000   3.202915605478363e+001   2.191003336120695e+003  -1.476674747718664e-002  0.00082   8.184466266470815e-004   1.228985783858796e-002   1.356454950501235e-001   6.589948550275580e+000   2.437358853941883e-002 2293.000  644.000   10.000     0 C:\Studies\double_stars\hip\20090219\g074a003.fit
  1  0 2009  2 19 19 58  7      0 1935.03165  884.57310    0.05847    0.05720       25.7   0   1    8 0 1 0 0 1  1.40000   1.922705460360640e-001   1.019701764802111e+000   2.050838453254239e+001   2.191869015193308e+003  -3.649334468741129e-002  0.00162   1.615997390374887e-003   2.433515453806739e-002   1.708953730932674e-001   5.180191658906765e+000   4.828272691232596e-002 1935.000  885.000   10.000     0 C:\Studies\double_stars\hip\20090219\g074a003.fit
  1  0 2009  2 19 19 58  7      0  564.87462  940.25652    0.11958    0.12048       26.1   0   1    9 0 1 0 0 1  1.40000   1.737946481405627e-001   9.946769025105975e-001   1.450481046856585e+001   2.194059873368086e+003  -9.526685635930300e-002  0.00280   2.802275020917779e-003   4.548020272977268e-002   2.236466409369768e-001   5.867446076968808e+000   9.036067803569486e-002  564.000  942.000   10.000     0 C:\Studies\double_stars\hip\20090219\g074a003.fit
  1  0 2009  2 19 19 58  7      0  544.75002 1239.89750    0.03457    0.03417       28.2   0   1   10 0 1 0 0 1  1.40000   1.865523073743957e-001   1.012698131010488e+000   2.801825709360767e+001   2.187405476643833e+003  -5.099897297687210e-002  0.00091   9.107203017521984e-004   1.403892894379304e-002   1.338630316713760e-001   5.669357723069472e+000   2.783374109214870e-002  544.000 1239.000   10.000     0 C:\Studies\double_stars\hip\20090219\g074a003.fit
  1  0 2009  2 19 19 58  7      0  502.63804  300.19091    0.08311    0.08999       25.5   0   1   11 0 1 0 0 1  1.40000   2.043650313898903e-001   9.256308144388119e-001   1.671536530068963e+001   2.194078922778289e+003  -3.366170143471347e-002  0.00259   2.592933517665515e-003   3.334089280675832e-002   2.106556588182548e-001   4.985573476175778e+000   6.616919508382249e-002  503.000  300.000   10.000     0 C:\Studies\double_stars\hip\20090219\g074a003.fit
  1  0 2009  2 19 19 58  7      0  362.82293  355.23068    0.05778    0.05920       26.9   0   1   12 0 1 0 0 1  1.40000   1.983213437374005e-001   9.763224479100321e-001   2.088335881744967e+001   2.185160666094610e+003   4.648036161969365e-003  0.00170   1.697556932051047e-003   2.373345042596416e-002   1.774660818833115e-001   5.303091175955550e+000   4.708348157596422e-002  363.000  355.000   10.000     0 C:\Studies\double_stars\hip\20090219\g074a003.fit
  1  0 2009  2 19 19 58  7      0  215.39874 1019.81115    0.10269    0.10567       27.1   0   1   13 0 1 0 0 1  1.40000   1.772588652808617e-001   9.707013527473988e-001   1.577781505150259e+001   2.183460248883802e+003  -4.646418470967851e-002  0.00249   2.491664203638794e-003   3.877345586219246e-002   2.140620196332908e-001   6.534386741292158e+000   7.677974441664519e-002  215.000 1020.000   10.000     0 C:\Studies\double_stars\hip\20090219\g074a003.fit
  1  0 2009  2 19 19 58  7      0   26.07208 1361.22929    0.04644    0.04727       24.9   0   1   14 0 1 0 0 1  1.40000   1.966373263489727e-001   9.794230400378700e-001   2.244343282422544e+001   2.185026995985551e+003  -3.707068888508687e-002  0.00134   1.342048486337810e-003   1.897582368634210e-002   1.515988052407479e-001   4.863987336693433e+000   3.766013848855736e-002   27.000 1362.000   10.000     0 C:\Studies\double_stars\hip\20090219\g074a003.fit
  1  0 2009  2 19 19 58  7      0  220.50020 1938.13099    0.03823    0.03739       26.5   0   1   15 0 1 0 0 1  1.40000   1.943996305306214e-001   1.019841849651114e+000   2.575101146150665e+001   2.195702144125659e+003  -3.062718785252495e-002  0.00108   1.077327454139933e-003   1.604886308895825e-002   1.416686575116366e-001   5.168457394660058e+000   3.184295978538366e-002  221.000 1938.000   10.000     0 C:\Studies\double_stars\hip\20090219\g074a003.fit
