  1  0 2009  2 19 19 59  5      0 2314.13413 1723.54740    0.00824    0.00837      157.1   0   1    1 0 1 0 0 1  1.40000   2.061981255125520e-001   9.833012016421994e-001   1.335765248239067e+002   2.084060063162438e+003  -2.557517290307427e-002  0.00026   2.585898631876167e-004   3.499905109298806e-003   1.678812485954287e-001   2.917693639793829e+001   6.950502417911479e-003 2314.000 1724.000   10.000     0 C:\Studies\double_stars\hip\20090219\g074a005.fit
  1  0 2009  2 19 19 59  5      0 2457.16073 2199.89264    0.00733    0.00748      222.0   0   1    2 0 1 0 0 1  1.40000   2.061579399602770e-001   9.799003246171425e-001   1.682142266083270e+002   2.022671764633258e+003  -3.289471625163839e-003  0.00023   2.301839540341667e-004   3.105968697999288e-003   1.881341377462812e-001   4.129551783833210e+001   6.166683223514008e-003 2457.000 2200.000   10.000     0 C:\Studies\double_stars\hip\20090219\g074a005.fit
  1  0 2009  2 19 19 59  5      0 1634.13801 2437.10968    0.00754    0.00772      369.1   0   1    3 0 1 0 0 1  1.40000   2.071680842580201e-001   9.758483919958110e-001   2.136706089988243e+002   2.330329181218521e+003  -2.601616951124108e-002  0.00024   2.388877942097651e-004   3.193843674041759e-003   2.468562801070237e-001   6.808932720051986e+001   6.341988248571955e-003 1634.000 2437.000   10.000     0 C:\Studies\double_stars\hip\20090219\g074a005.fit
  1  0 2009  2 19 19 59  5      0 2672.75909 2177.75681    0.01241    0.01272       49.6   0   1    4 0 1 0 0 1  1.40000   2.058259719585062e-001   9.752307556141060e-001   6.106899631995378e+001   2.190670746719665e+003  -1.450395718452209e-002  0.00039   3.888181721202595e-004   5.229701903692333e-003   1.154719457938916e-001   9.298055917635431e+000   1.038334298836841e-002 2673.000 2178.000   10.000     0 C:\Studies\double_stars\hip\20090219\g074a005.fit
  1  0 2009  2 19 19 59  5      0 2601.38276 2864.98926    0.01154    0.01284       67.4   0   1    5 0 1 0 0 1  1.40000   1.885815172902814e-001   9.037972149605781e-001   7.269664184537723e+001   2.105745716629887e+003   1.230141904353685e-001  0.00032   3.152488366355800e-004   4.275098000610809e-003   1.180329018773004e-001   1.539161667961409e+001   8.498724097372543e-003 2601.000 2865.000   10.000     0 C:\Studies\double_stars\hip\20090219\g074a005.fit
  1  0 2009  2 19 19 59  5      0 2009.75720 1608.52529    0.08971    0.09777       25.5   0   1    6 0 1 0 0 1  1.40000   2.232612445242742e-001   9.190333454829626e-001   1.602601418549477e+001   2.205971228004247e+003   9.493735789845920e-002  0.00328   3.277162687454713e-003   3.818221590533391e-002   2.365691464727953e-001   4.190086744568309e+000   7.597329374614896e-002 2011.000 1608.000   10.000     0 C:\Studies\double_stars\hip\20090219\g074a005.fit
  1  0 2009  2 19 19 59  5      0 2293.66721  643.11226    0.02574    0.02640       30.4   0   1    7 0 1 0 0 1  1.40000   2.083347898852207e-001   9.746192749840974e-001   3.317692124377926e+001   2.200100192606268e+003   1.794649205036318e-002  0.00082   8.238927233329379e-004   1.094019924552952e-002   1.315540815029638e-001   5.552477944380864e+000   2.172419775332686e-002 2294.000  643.000   10.000     0 C:\Studies\double_stars\hip\20090219\g074a005.fit
  1  0 2009  2 19 19 59  5      0 1935.71615  884.02683    0.05195    0.05173       25.1   0   1    8 0 1 0 0 1  1.40000   2.050293718999852e-001   1.001770371668486e+000   2.138809693271338e+001   2.191837506209738e+003   2.182235894830297e-002  0.00161   1.610374077248882e-003   2.233430525591142e-002   1.682277625658355e-001   4.558487355119929e+000   4.434901856413549e-002 1935.000  884.000   10.000     0 C:\Studies\double_stars\hip\20090219\g074a005.fit
  1  0 2009  2 19 19 59  5      0  565.98443  939.44468    0.09656    0.09694       24.7   0   1    9 0 1 0 0 1  1.40000   2.185342209346693e-001   9.947920137288535e-001   1.550882149465716e+001   2.205509318496163e+003   5.951438900657802e-002  0.00336   3.359733613164438e-003   4.335651283408970e-002   2.409293796692652e-001   4.016529417531523e+000   8.622794754786409e-002  565.000  939.000   10.000     0 C:\Studies\double_stars\hip\20090219\g074a005.fit
  1  0 2009  2 19 19 59  5      0  545.42339 1239.37568    0.03350    0.03334       29.9   0   1   10 0 1 0 0 1  1.40000   1.993922906025543e-001   1.003442503947600e+000   2.910823621804330e+001   2.193906581681292e+003  -1.628111121803504e-002  0.00099   9.895421998195736e-004   1.414031441631227e-002   1.438262076104985e-001   5.631220519050449e+000   2.806219084500095e-002  546.000 1239.000   10.000     0 C:\Studies\double_stars\hip\20090219\g074a005.fit
  1  0 2009  2 19 19 59  5      0  503.31921  299.75444    0.07633    0.06987       25.5   0   1   11 0 1 0 0 1  1.40000   2.112965346945136e-001   1.090806322173484e+000   1.811492503003449e+001   2.197946730028384e+003  -3.640572422600111e-002  0.00248   2.477142739443706e-003   3.628437941966156e-002   2.150780611104604e-001   4.070726094529748e+000   7.210452522486800e-002  503.000  299.000   10.000     0 C:\Studies\double_stars\hip\20090219\g074a005.fit
  1  0 2009  2 19 19 59  5      0  363.60517  354.71045    0.04895    0.05212       25.0   0   1   12 0 1 0 0 1  1.40000   2.031082521959459e-001   9.423430571356475e-001   2.166026459293838e+001   2.180078543607397e+003   4.409328949889015e-002  0.00151   1.509559364717815e-003   1.987820777126911e-002   1.596147996411684e-001   4.723274074011500e+000   3.946361331804287e-002  363.000  354.000   10.000     0 C:\Studies\double_stars\hip\20090219\g074a005.fit
  1  0 2009  2 19 19 59  5      0  216.22852 1019.22405    0.08321    0.08611       25.1   0   1   13 0 1 0 0 1  1.40000   2.128594640703744e-001   9.662651746199616e-001   1.671858156126981e+001   2.191797813941230e+003  -2.852087697359882e-002  0.00277   2.769210007462612e-003   3.566709442017138e-002   2.188434188484529e-001   4.480391289173507e+000   7.086972679303608e-002  216.000 1020.000   10.000     0 C:\Studies\double_stars\hip\20090219\g074a005.fit
  1  0 2009  2 19 19 59  5      0   26.66262 1360.57071    0.04871    0.04837       28.1   0   1   14 0 1 0 0 1  1.40000   2.033270324772610e-001   1.006317630957161e+000   2.338408545489165e+001   2.184767731104858e+003  -2.181521008179687e-002  0.00149   1.489587801227995e-003   2.092890580898212e-002   1.711305253757319e-001   5.062447739341489e+000   4.154695025944279e-002   26.000 1360.000   10.000     0 C:\Studies\double_stars\hip\20090219\g074a005.fit
  1  0 2009  2 19 19 59  5      0  221.14288 1937.46056    0.03840    0.04000       29.2   0   1   15 0 1 0 0 1  1.40000   2.059785256623538e-001   9.600605942517102e-001   2.651963014485821e+001   2.197176380423380e+003  -2.919848289196854e-002  0.00121   1.207168529844050e-003   1.596947576951824e-002   1.553594924545659e-001   5.533309683097451e+000   3.170956313283278e-002  221.000 1938.000   10.000     0 C:\Studies\double_stars\hip\20090219\g074a005.fit
