  1  0 2009  2 19 20  0  3      0 2314.56183 1723.74997    0.00761    0.00745      151.3   0   1    1 0 1 0 0 1  1.40000   2.209797932985713e-001   1.019162966524783e+000   1.373732808133709e+002   2.335459148344045e+003   4.006690158318228e-002  0.00027   2.689043918124200e-004   3.516984247959355e-003   1.699790058704471e-001   2.452506106249112e+001   6.994247105544590e-003 2315.000 1724.000   10.000     0 C:\Studies\double_stars\hip\20090219\g074a007.fit
  1  0 2009  2 19 20  0  3      0 2457.59467 2199.97965    0.00796    0.00780      247.4   0   1    2 0 1 0 0 1  1.40000   2.180613080886638e-001   1.019070874744378e+000   1.718113798033571e+002   2.381136239713267e+003   1.269148170675692e-002  0.00027   2.747200505238865e-004   3.642561304231208e-003   2.196145704687318e-001   4.081202181795575e+001   7.240367658147411e-003 2458.000 2200.000   10.000     0 C:\Studies\double_stars\hip\20090219\g074a007.fit
  1  0 2009  2 19 20  0  3      0 1634.57025 2437.30460    0.00659    0.00640      326.6   0   1    3 0 1 0 0 1  1.40000   2.170011840147269e-001   1.027103738754744e+000   2.174897404983428e+002   2.910533508804594e+003   3.259254020638728e-002  0.00023   2.253084684685434e-004   3.025201122268317e-003   2.289313437415002e-001   5.353929868926085e+001   6.013338895084581e-003 1635.000 2437.000   10.000     0 C:\Studies\double_stars\hip\20090219\g074a007.fit
  1  0 2009  2 19 20  0  3      0 2673.17622 2177.85419    0.01278    0.01252       52.1   0   1    4 0 1 0 0 1  1.40000   2.166744740238477e-001   1.019161268134012e+000   6.221798552284457e+001   2.232228470521403e+003   1.576511409274172e-002  0.00044   4.361574741103821e-004   5.820676863042625e-003   1.269892126766252e-001   8.714031822645470e+000   1.156938005638587e-002 2673.000 2178.000   10.000     0 C:\Studies\double_stars\hip\20090219\g074a007.fit
  1  0 2009  2 19 20  0  3      0 2601.83346 2865.10696    0.01235    0.01326       72.3   0   1    5 0 1 0 0 1  1.40000   1.918542767840501e-001   9.371274372003083e-001   7.330558606983030e+001   2.132748706240558e+003   1.634169322656135e-001  0.00035   3.453770163424199e-004   4.757026586905332e-003   1.293231213730061e-001   1.557819248032275e+001   9.483673374487224e-003 2602.000 2865.000   10.000     0 C:\Studies\double_stars\hip\20090219\g074a007.fit
  1  0 2009  2 19 20  0  3      0 2010.27797 1608.79707    0.09144    0.09100       25.4   0   1    6 0 1 0 0 1  1.40000   2.168114979194096e-001   1.000298197121576e+000   1.619702346599492e+001   2.202243142434113e+003   1.366813868937852e-003  0.00313   3.130462373339581e-003   4.098305399782160e-002   2.360714771577080e-001   4.157523332984557e+000   8.144653394024200e-002 2009.000 1609.000   10.000     0 C:\Studies\double_stars\hip\20090219\g074a007.fit
  1  0 2009  2 19 20  0  3      0 2294.20580  643.44108    0.02369    0.02356       28.5   0   1    7 0 1 0 0 1  1.40000   2.145719268978492e-001   1.005612695582131e+000   3.371385899994593e+001   2.203780457951357e+003   4.389772044896082e-002  0.00080   7.967301040416261e-004   1.059127945968822e-002   1.264514166678939e-001   4.822263772801915e+000   2.105096735155668e-002 2294.000  643.000   10.000     0 C:\Studies\double_stars\hip\20090219\g074a007.fit
  1  0 2009  2 19 20  0  3      0 1936.25590  884.34695    0.05367    0.05421       26.3   0   1    8 0 1 0 0 1  1.40000   2.170846856742252e-001   9.901905035215304e-001   2.142425759153920e+001   2.199677122369437e+003   3.141617529408978e-002  0.00185   1.845483978612060e-003   2.388074172816893e-002   1.841495004780988e-001   4.436654142398606e+000   4.746251229235745e-002 1936.000  884.000   10.000     0 C:\Studies\double_stars\hip\20090219\g074a007.fit
  1  0 2009  2 19 20  0  3      0  566.38580  940.03821    0.09631    0.10040       25.0   0   1    9 0 1 0 0 1  1.40000   2.352346128085369e-001   9.697707382505787e-001   1.546624145710102e+001   2.210030755240194e+003   3.072139927543648e-001  0.00385   3.846972874696270e-003   4.383656898783288e-002   2.571988756155271e-001   3.703546949657641e+000   8.861713465051038e-002  565.000  941.000   10.000     0 C:\Studies\double_stars\hip\20090219\g074a007.fit
  1  0 2009  2 19 20  0  3      0  545.94000 1239.65838    0.03308    0.03229       30.5   0   1   10 0 1 0 0 1  1.40000   2.151284986818154e-001   1.022612315662542e+000   2.960049942482819e+001   2.210230033608095e+003   7.942234720362833e-003  0.00111   1.113686556395375e-003   1.502113327011478e-002   1.552550916414869e-001   5.142837110248721e+000   2.985426834732792e-002  546.000 1240.000   10.000     0 C:\Studies\double_stars\hip\20090219\g074a007.fit
  1  0 2009  2 19 20  0  3      0  503.75599  299.89947    0.06579    0.07034       24.2   0   1   11 0 1 0 0 1  1.40000   2.345827564464745e-001   9.354608781459571e-001   1.827422571410741e+001   2.197447147868948e+003   5.497793862150303e-002  0.00261   2.614882249722991e-003   2.955062002664923e-002   2.075227998450948e-001   3.797892721694014e+000   5.880641904348710e-002  503.000  300.000   10.000     0 C:\Studies\double_stars\hip\20090219\g074a007.fit
  1  0 2009  2 19 20  0  3      0  363.97696  354.88417    0.05227    0.05358       26.5   0   1   12 0 1 0 0 1  1.40000   2.166092352509373e-001   9.757810582279775e-001   2.169795417610418e+001   2.195208761499845e+003   6.261105691610662e-002  0.00179   1.791936131807223e-003   2.288282201294935e-002   1.813535497699695e-001   4.582231231060724e+000   4.550198105564217e-002  364.000  355.000   10.000     0 C:\Studies\double_stars\hip\20090219\g074a007.fit
  1  0 2009  2 19 20  0  3      0  216.60417 1019.29899    0.08614    0.09203       24.9   0   1   13 0 1 0 0 1  1.40000   2.275080791037135e-001   9.410178217345467e-001   1.623336235218802e+001   2.204377705791061e+003   4.780182077516420e-003  0.00326   3.255427475163861e-003   3.820383702208946e-002   2.346978175263346e-001   3.892674483370624e+000   7.593936249651725e-002  217.000 1018.000   10.000     0 C:\Studies\double_stars\hip\20090219\g074a007.fit
  1  0 2009  2 19 20  0  3      0   27.17244 1360.97357    0.04740    0.04710       27.7   0   1   14 0 1 0 0 1  1.40000   2.150426912043833e-001   1.008791168382810e+000   2.353201559448860e+001   2.191238126962332e+003   6.224667749124665e-002  0.00160   1.603268596550333e-003   2.132243879600284e-002   1.769685550295939e-001   4.554521817219725e+000   4.239413756288486e-002   27.000 1360.000   10.000     0 C:\Studies\double_stars\hip\20090219\g074a007.fit
  1  0 2009  2 19 20  0  3      0  221.61141 1937.74010    0.03576    0.03517       28.1   0   1   15 0 1 0 0 1  1.40000   2.174520733512379e-001   1.016993753511754e+000   2.731790092585575e+001   2.202242332461482e+003  -2.807571586604679e-002  0.00123   1.231115063918041e-003   1.633471326507977e-002   1.565373435622216e-001   4.557542396768276e+000   3.246739388944125e-002  222.000 1937.000   10.000     0 C:\Studies\double_stars\hip\20090219\g074a007.fit
