  1  0 2009  2 19 19 57  9      0 2313.87501 1725.14750    0.01095    0.01050      258.7   0   1    1 0 1 0 0 1  1.40000   2.377626936728806e-001   1.042781967446032e+000   1.502812099542056e+002   2.203898028172212e+003   7.393297670112235e-002  0.00044   4.415116470450457e-004   5.483648154325354e-003   2.870192634005246e-001   3.727312542208281e+001   1.092256755396340e-002 2314.000 1725.000   10.000     0 C:\Studies\double_stars\hip\20090219\g074a001.fit
  1  0 2009  2 19 19 57  9      0 2456.80017 2201.34035    0.01116    0.01080      414.7   0   1    2 0 1 0 0 1  1.40000   2.360903965343508e-001   1.033194246225698e+000   1.880922162163182e+002   2.180702248265896e+003   7.923820953380757e-002  0.00044   4.446065822255981e-004   5.509290924749716e-003   3.636680217977842e-001   6.042053577656483e+001   1.097327984947391e-002 2457.000 2201.000   10.000     0 C:\Studies\double_stars\hip\20090219\g074a001.fit
  1  0 2009  2 19 19 57  9      0 1633.84199 2438.66977    0.01058    0.01016      626.1   0   1    3 0 1 0 0 1  1.40000   2.356034940865607e-001   1.041321541519925e+000   2.378516462823075e+002   2.629499863049894e+003   6.441494086380918e-002  0.00042   4.200378853798903e-004   5.259515782080848e-003   4.351410323437681e-001   9.011266872734822e+001   1.047164077126291e-002 1634.000 2438.000   10.000     0 C:\Studies\double_stars\hip\20090219\g074a001.fit
  1  0 2009  2 19 19 57  9      0 2672.36718 2179.21393    0.01417    0.01374       69.4   0   1    4 0 1 0 0 1  1.40000   2.376380354145909e-001   1.031015235967137e+000   6.826675791277788e+001   2.225039533100068e+003   6.510480537951124e-002  0.00057   5.712090945342157e-004   7.019299951593725e-003   1.686428722477869e-001   1.008967750455768e+001   1.398151458800599e-002 2672.000 2180.000   10.000     0 C:\Studies\double_stars\hip\20090219\g074a001.fit
  1  0 2009  2 19 19 57  9      0 2601.03765 2866.42176    0.01379    0.01518       96.8   0   1    5 0 1 0 0 1  1.40000   2.153918598550447e-001   9.191335300056719e-001   7.950948073390883e+001   2.140050901963175e+003   2.252526752498665e-001  0.00047   4.733813094576437e-004   5.647861072529010e-003   1.749741192174941e-001   1.738994952731375e+001   1.133383605188696e-002 2601.000 2866.000   10.000     0 C:\Studies\double_stars\hip\20090219\g074a001.fit
  1  0 2009  2 19 19 57  9      0 2009.36063 1610.16054    0.07102    0.06823       24.4   0   1    6 0 1 0 0 1  1.40000   2.409799802616727e-001   1.040485111980247e+000   1.809841789570554e+001   2.201456763609238e+003   1.023010953609193e-001  0.00294   2.935466811626564e-003   3.584753999113193e-002   2.269277975903234e-001   3.431264939439597e+000   7.146190783859789e-002 2010.000 1610.000   10.000     0 C:\Studies\double_stars\hip\20090219\g074a001.fit
  1  0 2009  2 19 19 57  9      0 2293.36034  644.65763    0.02192    0.02119       31.5   0   1    7 0 1 0 0 1  1.40000   2.360715317994425e-001   1.033897917345318e+000   3.703701724231055e+001   2.200535137387005e+003   6.115312097645341e-002  0.00087   8.737649269306837e-004   1.084233874166518e-002   1.405636472419855e-001   4.523251926359619e+000   2.158448360653664e-002 2294.000  644.000   10.000     0 C:\Studies\double_stars\hip\20090219\g074a001.fit
  1  0 2009  2 19 19 57  9      0 1935.50201  885.68862    0.04662    0.04406       26.2   0   1    8 0 1 0 0 1  1.40000   2.292090360882836e-001   1.056103211049054e+000   2.326635445090520e+001   2.192423509593539e+003   6.998974117412132e-002  0.00175   1.754536022328154e-003   2.290210491669316e-002   1.824472415852339e-001   3.924096975256191e+000   4.559778788155297e-002 1936.000  886.000   10.000     0 C:\Studies\double_stars\hip\20090219\g074a001.fit
  1  0 2009  2 19 19 57  9      0  565.47591  941.27292    0.07677    0.07636       24.6   0   1    9 0 1 0 0 1  1.40000   2.460078347025844e-001   1.004489403996834e+000   1.732736016906883e+001   2.201998152547172e+003  -3.327078106096760e-002  0.00330   3.303704136032319e-003   3.822891864261733e-002   2.397751549368830e-001   3.468871076232534e+000   7.613303762975077e-002  566.000  942.000   10.000     0 C:\Studies\double_stars\hip\20090219\g074a001.fit
  1  0 2009  2 19 19 57  9      0  545.21321 1240.83954    0.02820    0.02663       31.5   0   1   10 0 1 0 0 1  1.40000   2.332239078528702e-001   1.059050445091499e+000   3.279666282899027e+001   2.199271221479629e+003   1.200002486361943e-001  0.00110   1.095649245541567e-003   1.406283569632417e-002   1.582395723691709e-001   4.612599360185435e+000   2.804479849416503e-002  545.000 1241.000   10.000     0 C:\Studies\double_stars\hip\20090219\g074a001.fit
  1  0 2009  2 19 19 57  9      0  503.10400  301.07382    0.06331    0.06311       26.6   0   1   11 0 1 0 0 1  1.40000   2.318233992926660e-001   1.002876664810133e+000   1.986473435080077e+001   2.184558747733309e+003   5.378098115928070e-002  0.00244   2.444850033924725e-003   2.997424459556318e-002   2.142812701405702e-001   4.081232322715620e+000   5.965593176611646e-002  503.000  301.000   10.000     0 C:\Studies\double_stars\hip\20090219\g074a001.fit
  1  0 2009  2 19 19 57  9      0  363.25946  356.09616    0.04454    0.04357       27.6   0   1   12 0 1 0 0 1  1.40000   2.404813007316352e-001   1.021696031989563e+000   2.420002989874359e+001   2.189388882180790e+003   5.284367967704186e-002  0.00184   1.835888789770517e-003   2.210021441631695e-002   1.900648779072191e-001   3.967934729777828e+000   4.400739713901909e-002  363.000  356.000   10.000     0 C:\Studies\double_stars\hip\20090219\g074a001.fit
  1  0 2009  2 19 19 57  9      0  216.00474 1020.48643    0.07099    0.07109       26.2   0   1   13 0 1 0 0 1  1.40000   2.257215621805816e-001   1.002577724868270e+000   1.861489387894575e+001   2.185221720796186e+003   2.033912847380656e-001  0.00262   2.618752684634129e-003   3.265527945032073e-002   2.192875125159952e-001   4.046830925145943e+000   6.535094047668705e-002  217.000 1020.000   10.000     0 C:\Studies\double_stars\hip\20090219\g074a001.fit
  1  0 2009  2 19 19 57  9      0   26.42379 1362.23340    0.03876    0.03711       26.5   0   1   14 0 1 0 0 1  1.40000   2.232352566815974e-001   1.042923891421641e+000   2.563149074176477e+001   2.181217811350685e+003   5.443946112550840e-002  0.00139   1.392906249765856e-003   1.844774907599824e-002   1.630444087883442e-001   4.139542862840988e+000   3.670069835469210e-002   26.000 1362.000   10.000     0 C:\Studies\double_stars\hip\20090219\g074a001.fit
  1  0 2009  2 19 19 57  9      0  220.93793 1939.02077    0.03101    0.02986       28.4   0   1   15 0 1 0 0 1  1.40000   2.309235066922512e-001   1.037352917513591e+000   2.955925666407073e+001   2.199495427273250e+003   5.412421853885988e-002  0.00119   1.185025992387323e-003   1.508684449651075e-002   1.554151591131419e-001   4.273689580544586e+000   3.002845715811393e-002  221.000 1939.000   10.000     0 C:\Studies\double_stars\hip\20090219\g074a001.fit
