-0.00201092291361749 -0.00188477732791282
-0.0385927786177836 -0.11894990945073
-0.0269183865444565 0.100219766873502
0.0323726799441713 0.0165029519489843
-0.0562044746373353 -0.0520535244450068
0.954678721522786 0.434081639821709
0.0258489839729895 0.164716407696277
-0.0316139181844545 0.00221466064990388
0.0192116230686615 0.415815581480923
-0.0994303907542493 -0.287909029264026
0.237899175396966 -0.32545414805204
-0.475423738069769 -0.169414841247148
0.0139301881515301 0.262905457615581
0.0687190077587633 0.0533786866186675
0.195099186747648 0.036231660471147
