2314.154845 1723.7857975 0.01018375 0.00989
2457.12663 2200.022185 0.0097925 0.0095375
1634.17849875 2437.32915 0.00934625 0.00911125
2672.748975 2177.92437875 0.01388875 0.01353125
2601.39439125 2865.17301625 0.0128 0.01374375
2009.727245 1608.75001375 0.09201 0.08884875
2293.6881175 643.353295 0.0260425 0.025535
1935.74719 884.272745 0.05446375 0.052555
565.7995675 939.90220875 0.09921625 0.0962175
545.509165 1239.55404125 0.03293 0.0319125
503.3545175 299.806525 0.07393 0.0723075
363.55552375 354.81834 0.05230375 0.052435
216.21086125 1019.36103125 0.08625875 0.08512875
26.7533225 1360.89682625 0.0464 0.04522
221.18762 1937.70021125 0.036495 0.03567375
