  1  0 2011  2 18 19 56  5      0 2483.63207 1528.36824    0.01590    0.01677      409.8   0   1    1 0 1 0 0 1  1.40000   2.586653745688247e-001   9.491336309273276e-001   1.532129984826827e+002   2.444651529693934e+003  -6.282113027470017e-002  0.00075   7.546786014314466e-004   7.840825532772017e-003   4.616201449243803e-001   5.609296643997944e+001   1.562466563854491e-002 2484.000 1528.000   10.000     0 C:\Studies\double_stars\hip\20110218\g074a001.fit
  1  0 2011  2 18 19 56  5      0 2627.07292 2004.19826    0.01564    0.01626      725.1   0   1    2 0 1 0 0 1  1.40000   2.563345854484491e-001   9.624977710644238e-001   2.061967963519019e+002   2.629873422176005e+003  -5.396707434126521e-002  0.00073   7.288503709430372e-004   7.751312856929829e-003   6.055941907449879e-001   1.000518673038985e+002   1.544304491345566e-002 2627.000 2004.000   10.000     0 C:\Studies\double_stars\hip\20110218\g074a001.fit
  1  0 2011  2 18 19 56  5      0 1804.63421 2242.99871    0.01547    0.01667     1146.6   0   1    3 0 1 0 0 1  1.40000   2.623426926150808e-001   9.281139389960910e-001   2.583955585917557e+002   3.334206803889348e+003  -3.004112576298940e-002  0.00075   7.546228053707635e-004   7.565215741080628e-003   7.679408124093390e-001   1.566331981402417e+002   1.506840548578428e-002 1804.000 2243.000   10.000     0 C:\Studies\double_stars\hip\20110218\g074a001.fit
  1  0 2011  2 18 19 56  5      0 2842.79995 1982.01693    0.01718    0.01822      103.3   0   1    4 0 1 0 0 1  1.40000   2.592316311763472e-001   9.439428682123812e-001   7.390029690032367e+001   2.346526656453063e+003  -5.837249892552085e-002  0.00082   8.185564236243221e-004   8.440413378598593e-003   2.411083077589677e-001   1.425851049930988e+001   1.681882202018373e-002 2843.000 1982.000   10.000     0 C:\Studies\double_stars\hip\20110218\g074a001.fit
  1  0 2011  2 18 19 56  5      0 2772.14149 2669.30012    0.01637    0.01926      135.5   0   1    5 0 1 0 0 1  1.40000   2.264369171228409e-001   8.566658150605542e-001   8.483766752426067e+001   2.235436793078624e+003   1.182132614419703e-001  0.00062   6.188577295143273e-004   6.615098400445405e-003   2.329979920099154e-001   2.382782575254444e+001   1.317925643148594e-002 2772.000 2669.000   10.000     0 C:\Studies\double_stars\hip\20110218\g074a001.fit
  1  0 2011  2 18 19 56  5      0 2179.29578 1414.09915    0.06451    0.07311       27.8   0   1    6 0 1 0 0 1  1.40000   2.549332006503156e-001   8.840225694623153e-001   1.947368853618829e+001   2.280864595744463e+003  -3.410351832342550e-002  0.00300   2.999919991817307e-003   2.948520636252106e-002   2.353000323126886e-001   4.069781400840569e+000   5.869855636666942e-002 2179.000 1415.000   10.000     0 C:\Studies\double_stars\hip\20110218\g074a001.fit
  1  0 2011  2 18 19 56  5      0 2461.96764  448.22647    0.02347    0.02437       41.6   0   1    7 0 1 0 0 1  1.40000   2.552861534068022e-001   9.634338463540335e-001   4.030738403768400e+001   2.302592022037412e+003   8.599527936596811e-003  0.00109   1.085579591529008e-003   1.161302616953933e-002   1.769770328245267e-001   5.757562336706172e+000   2.312481294227433e-002 2462.000  448.000   10.000     0 C:\Studies\double_stars\hip\20110218\g074a001.fit
  1  0 2011  2 18 19 56  5      0 2104.31909  689.72065    0.03896    0.04093       29.6   0   1    8 0 1 0 0 1  1.40000   2.619463288976213e-001   9.517904057541654e-001   2.630482472265727e+001   2.295365034848358e+003  -4.683077482230213e-002  0.00189   1.890817824496903e-003   1.946006977592281e-002   1.964319837230503e-001   3.987313376010905e+000   3.877662620753573e-002 2105.000  690.000   10.000     0 C:\Studies\double_stars\hip\20110218\g074a001.fit
  1  0 2011  2 18 19 56  5      0  734.67945  747.15318    0.07425    0.07932       27.2   0   1    9 0 1 0 0 1  1.40000   2.616806721035644e-001   9.363086597505395e-001   1.819378734920288e+001   2.298726218630463e+003   1.227692432248960e-002  0.00360   3.603628579632375e-003   3.654617016861146e-002   2.588611511055365e-001   3.691410200658983e+000   7.278432202681735e-002  734.000  747.000   10.000     0 C:\Studies\double_stars\hip\20110218\g074a001.fit
  1  0 2011  2 18 19 56  5      0  714.65150 1046.80269    0.02435    0.02555       33.9   0   1   10 0 1 0 0 1  1.40000   2.587593920646658e-001   9.547914538107921e-001   3.568234099536605e+001   2.305721223763269e+003  -4.287301737396886e-002  0.00116   1.157651249057975e-003   1.210231273566527e-002   1.647538641098271e-001   4.572652979869336e+000   2.410695481813908e-002  715.000 1046.000   10.000     0 C:\Studies\double_stars\hip\20110218\g074a001.fit
  1  0 2011  2 18 19 56  5      0  671.72941  107.28319    0.05394    0.05553       28.8   0   1   11 0 1 0 0 1  1.40000   2.744213593122989e-001   9.724250668631034e-001   2.214928221605980e+001   2.290127262101576e+003   8.244836143698055e-002  0.00285   2.851678677987507e-003   2.858083567872169e-002   2.394382680283699e-001   3.625668286899734e+000   5.701750519022371e-002  672.000  107.000   10.000     0 C:\Studies\double_stars\hip\20110218\g074a001.fit
  1  0 2011  2 18 19 56  5      0  531.83265  162.36805    0.03825    0.04253       29.7   0   1   12 0 1 0 0 1  1.40000   2.680203562333858e-001   9.002420275306645e-001   2.622117256448536e+001   2.285183376580409e+003  -2.045425649386891e-002  0.00195   1.945640626620652e-003   1.852018119401847e-002   1.968944350605653e-001   4.046772214670090e+000   3.689119765215480e-002  532.000  163.000   10.000     0 C:\Studies\double_stars\hip\20110218\g074a001.fit
  1  0 2011  2 18 19 56  5      0  385.33253  827.17863    0.06155    0.06798       28.5   0   1   13 0 1 0 0 1  1.40000   2.715785183904042e-001   9.064519862092110e-001   2.027511298549350e+001   2.285450097455432e+003   3.991317747636198e-002  0.00321   3.207896115804129e-003   3.033171198950199e-002   2.480589170870198e-001   3.785553622946384e+000   6.043758774320104e-002  385.000  827.000   10.000     0 C:\Studies\double_stars\hip\20110218\g074a001.fit
  1  0 2011  2 18 19 56  5      0  196.30004 1168.92221    0.03678    0.04067       33.2   0   1   14 0 1 0 0 1  1.40000   2.599705704217595e-001   9.071662323124341e-001   2.835813027880203e+001   2.283176174138562e+003  -2.879811766974879e-002  0.00177   1.772793563229137e-003   1.753397371534553e-002   1.989857683738520e-001   4.570251721238516e+000   3.491053659974523e-002  196.000 1168.000   10.000     0 C:\Studies\double_stars\hip\20110218\g074a001.fit
  1  0 2011  2 18 19 56  5      0  391.05771 1745.01080    0.06577    0.07873       85.2   0   1   15 0 1 0 0 1  1.40000   3.118622001778520e-001   8.366319036127704e-001   3.323662267648638e+001   2.305466694003947e+003  -2.545136316726539e-002  0.00447   4.465160740210724e-003   3.392787136090387e-002   4.971878265489980e-001   1.012738381845141e+001   6.764871007331216e-002  391.000 1745.000   10.000     0 C:\Studies\double_stars\hip\20110218\g074a001.fit
