  1  0 2011  2 18 19 57 31      0 2482.82409 1526.48992    0.01078    0.01126      271.4   0   1    1 0 1 0 0 1  1.40000   2.543142319365210e-001   9.607797834869150e-001   1.518170189216432e+002   2.453124779312912e+003   1.223032101912224e-001  0.00050   4.958039990050808e-004   5.288254382639883e-003   3.051856937763506e-001   3.760024026884166e+001   1.055530445060799e-002 2483.000 1526.000   10.000     0 C:\Studies\double_stars\hip\20110218\g074a004.fit
  1  0 2011  2 18 19 57 31      0 2626.12689 2002.18382    0.01087    0.01134      496.5   0   1    2 0 1 0 0 1  1.40000   2.536028646349494e-001   9.606317047720465e-001   2.045475850510337e+002   2.587558779233197e+003   1.171442183555281e-001  0.00050   4.968011985221389e-004   5.314644844852882e-003   4.132819381829109e-001   6.950998111368209e+001   1.060662628354881e-002 2626.000 2002.000   10.000     0 C:\Studies\double_stars\hip\20110218\g074a004.fit
  1  0 2011  2 18 19 57 31      0 1803.60120 2241.01111    0.01305    0.01325      900.3   0   1    3 0 1 0 0 1  1.40000   2.465783986449019e-001   9.860097541788497e-001   2.531717482959421e+002   3.193982106513026e+003   1.263987483484916e-001  0.00057   5.650784344184378e-004   6.379632947518949e-003   5.971484390730892e-001   1.279984736322730e+002   1.273385260270258e-002 1803.000 2241.000   10.000     0 C:\Studies\double_stars\hip\20110218\g074a004.fit
  1  0 2011  2 18 19 57 31      0 2842.00464 1980.04536    0.01333    0.01381       76.0   0   1    4 0 1 0 0 1  1.40000   2.488840619149186e-001   9.673165796283488e-001   7.239967599301620e+001   2.341810454574389e+003   1.287928210434168e-001  0.00059   5.879728554952693e-004   6.449693836261607e-003   1.761180164288831e-001   1.087261772749183e+001   1.287587220691295e-002 2842.000 1980.000   10.000     0 C:\Studies\double_stars\hip\20110218\g074a004.fit
  1  0 2011  2 18 19 57 31      0 2771.30841 2667.21443    0.01492    0.01723      120.1   0   1    5 0 1 0 0 1  1.40000   2.264256646256215e-001   8.779455195857003e-001   8.402845897024865e+001   2.291809347948061e+003   2.439861663267695e-001  0.00056   5.628116612514496e-004   6.073911114288878e-003   2.101384264271323e-001   2.071802664083806e+001   1.222463685478667e-002 2771.000 2667.000   10.000     0 C:\Studies\double_stars\hip\20110218\g074a004.fit
  1  0 2011  2 18 19 57 31      0 2178.16535 1412.02708    0.06791    0.07333       28.5   0   1    6 0 1 0 0 1  1.40000   2.616954243437324e-001   9.291774873525101e-001   1.943064220635533e+001   2.296547242405200e+003   1.349262940563647e-001  0.00330   3.298071202474559e-003   3.301611578694338e-002   2.529962104925607e-001   3.921922018591280e+000   6.596458583122634e-002 2178.000 1412.000   10.000     0 C:\Studies\double_stars\hip\20110218\g074a004.fit
  1  0 2011  2 18 19 57 31      0 2461.06730  446.30307    0.02283    0.02349       38.8   0   1    7 0 1 0 0 1  1.40000   2.511372043050736e-001   9.741054490664658e-001   3.961440500650208e+001   2.309667953544118e+003   1.285256322627350e-001  0.00102   1.023818525792636e-003   1.120834053050557e-002   1.664763600457889e-001   5.444146403881518e+000   2.237650923527814e-002 2461.000  446.000   10.000     0 C:\Studies\double_stars\hip\20110218\g074a004.fit
  1  0 2011  2 18 19 57 31      0 2103.40557  687.90345    0.03929    0.04060       27.8   0   1    8 0 1 0 0 1  1.40000   2.539024593351096e-001   9.703758368935113e-001   2.555294439656846e+001   2.306950841741680e+003   1.018641160743572e-001  0.00180   1.802498909384557e-003   1.947491133398960e-002   1.868333665406021e-001   3.775724061906601e+000   3.883525208473763e-002 2104.000  687.000   10.000     0 C:\Studies\double_stars\hip\20110218\g074a004.fit
  1  0 2011  2 18 19 57 31      0  733.62033  745.28994    0.07172    0.07581       26.7   0   1    9 0 1 0 0 1  1.40000   2.690650953305527e-001   9.481902682566327e-001   1.838403231435106e+001   2.307302381087378e+003   1.292645424761506e-001  0.00366   3.661045122632746e-003   3.638856367371396e-002   2.593769027675873e-001   3.490616648232292e+000   7.271045900690439e-002  733.000  746.000   10.000     0 C:\Studies\double_stars\hip\20110218\g074a004.fit
  1  0 2011  2 18 19 57 31      0  713.60852 1044.76799    0.02567    0.02707       33.5   0   1   10 0 1 0 0 1  1.40000   2.493592138445909e-001   9.526668013755273e-001   3.448841716545897e+001   2.313714651191623e+003   1.409806946833384e-001  0.00114   1.140846412956612e-003   1.228972077816479e-002   1.620577215577992e-001   4.728627036796549e+000   2.454234900129153e-002  714.000 1044.000   10.000     0 C:\Studies\double_stars\hip\20110218\g074a004.fit
  1  0 2011  2 18 19 57 31      0  670.38020  105.50607    0.05747    0.05862       28.0   0   1   11 0 1 0 0 1  1.40000   2.426011566928381e-001   9.833247167204785e-001   2.126033259616479e+001   2.289669932682385e+003   1.436868970747457e-001  0.00242   2.420858732275411e-003   2.766736592392718e-002   2.175398645703290e-001   3.993472372855362e+000   5.527903305255609e-002  671.000  107.000   10.000     0 C:\Studies\double_stars\hip\20110218\g074a004.fit
  1  0 2011  2 18 19 57 31      0  530.69473  160.25243    0.04094    0.04413       30.3   0   1   12 0 1 0 0 1  1.40000   2.567564650027367e-001   9.366163432174608e-001   2.581833859645229e+001   2.288268266559290e+003   2.414517724251731e-001  0.00192   1.921427480993387e-003   1.953750390415742e-002   1.990574643544930e-001   4.226048190345075e+000   3.929885754580478e-002  531.000  160.000   10.000     0 C:\Studies\double_stars\hip\20110218\g074a004.fit
  1  0 2011  2 18 19 57 31      0  384.04406  825.24466    0.06231    0.06729       26.0   0   1   13 0 1 0 0 1  1.40000   2.613477774175812e-001   9.305216793418635e-001   1.940259592394573e+001   2.298827793658011e+003   1.046303154732799e-001  0.00303   3.030402448575478e-003   3.048950747470759e-002   2.317163325963611e-001   3.464817273280569e+000   6.082355252574376e-002  384.000  824.000   10.000     0 C:\Studies\double_stars\hip\20110218\g074a004.fit
  1  0 2011  2 18 19 57 31      0  195.02841 1166.91035    0.03493    0.03621       29.5   0   1   14 0 1 0 0 1  1.40000   2.533822556638156e-001   9.687841686976968e-001   2.785903031461281e+001   2.300467800384010e+003   1.805732355708710e-001  0.00159   1.592845755992990e-003   1.711217319358986e-002   1.806961900525885e-001   4.127588749594435e+000   3.426088578569294e-002  195.000 1167.000   10.000     0 C:\Studies\double_stars\hip\20110218\g074a004.fit
  1  0 2011  2 18 19 57 31      0  390.02021 1743.08428    0.06223    0.06914       74.0   0   1   15 0 1 0 0 1  1.40000   2.734612088491903e-001   9.021751540083843e-001   3.246938116434180e+001   2.294671402040515e+003   9.109710606893598e-002  0.00329   3.286217647137242e-003   3.064726881896481e-002   4.043817698768389e-001   9.819856906331431e+000   6.114424893309167e-002  390.000 1743.000   10.000     0 C:\Studies\double_stars\hip\20110218\g074a004.fit
