  1  0 2011  2 18 19 57  2      0 2483.44205 1527.48936    0.00863    0.00871      262.7   0   1    1 0 1 0 0 1  1.40000   2.882615295245337e-001   9.918248760934013e-001   1.681219537695384e+002   2.589498105243952e+003   9.921026973201493e-002  0.00050   4.998135259653631e-004   4.859403368416617e-003   3.046154634278774e-001   3.084894058754138e+001   9.703017090366002e-003 2483.000 1527.000   10.000     0 C:\Studies\double_stars\hip\20110218\g074a003.fit
  1  0 2011  2 18 19 57  2      0 2626.82958 2003.31122    0.00859    0.00857      482.3   0   1    2 0 1 0 0 1  1.40000   2.913706841290902e-001   1.003200073848905e+000   2.288866658214573e+002   2.937442141961651e+003   8.722391781110342e-002  0.00051   5.074991712227467e-004   4.940084537158948e-003   4.172665623183617e-001   5.593492693104846e+001   9.861965583349359e-003 2627.000 2003.000   10.000     0 C:\Studies\double_stars\hip\20110218\g074a003.fit
  1  0 2011  2 18 19 57  2      0 1804.43150 2242.07120    0.01392    0.01406     1073.2   0   1    3 0 1 0 0 1  1.40000   2.597928137555401e-001   9.886860154640257e-001   2.679245734834021e+002   2.839848430757707e+003   7.842171090152927e-002  0.00066   6.644458243585651e-004   7.155889389734767e-003   7.080167650434202e-001   1.392477313775119e+002   1.426667232195241e-002 1803.000 2242.000   10.000     0 C:\Studies\double_stars\hip\20110218\g074a003.fit
  1  0 2011  2 18 19 57  2      0 2842.50714 1981.09811    0.01103    0.01103       77.8   0   1    4 0 1 0 0 1  1.40000   2.885876475779570e-001   1.000836969891391e+000   8.110998059460904e+001   2.399608227910609e+003   1.129056351793946e-001  0.00064   6.397450881309866e-004   6.264701383150784e-003   1.880353267526795e-001   9.129351114041423e+000   1.251523285717621e-002 2842.000 1981.000   10.000     0 C:\Studies\double_stars\hip\20110218\g074a003.fit
  1  0 2011  2 18 19 57  2      0 2771.97447 2668.50304    0.01468    0.01737      142.9   0   1    5 0 1 0 0 1  1.40000   2.586971844363717e-001   8.564674257317769e-001   9.157079731526092e+001   2.325304095943768e+003   2.571547603326372e-001  0.00070   7.044255725017967e-004   6.463616087585211e-003   2.556781160184083e-001   2.098331486350493e+001   1.304204434466966e-002 2772.000 2669.000   10.000     0 C:\Studies\double_stars\hip\20110218\g074a003.fit
  1  0 2011  2 18 19 57  2      0 2178.77350 1413.10628    0.05242    0.05227       25.8   0   1    6 0 1 0 0 1  1.40000   2.837203307490090e-001   1.002734218630702e+000   2.144675208568679e+001   2.298040591384633e+003   4.065788348074157e-002  0.00294   2.943185484091302e-003   2.945507461299918e-002   2.324446986210390e-001   3.088656983677877e+000   5.874020157141244e-002 2179.000 1413.000   10.000     0 C:\Studies\double_stars\hip\20110218\g074a003.fit
  1  0 2011  2 18 19 57  2      0 2461.63208  447.36093    0.01905    0.01916       38.8   0   1    7 0 1 0 0 1  1.40000   2.833295461607489e-001   9.946134640437426e-001   4.350977558537448e+001   2.323084525021499e+003   5.330388142623783e-002  0.00107   1.068072743689855e-003   1.061453318110591e-002   1.711887828638752e-001   4.629955661972652e+000   2.116981023009495e-002 2461.000  447.000   10.000     0 C:\Studies\double_stars\hip\20110218\g074a003.fit
  1  0 2011  2 18 19 57  2      0 2103.94225  688.78538    0.03468    0.03448       29.7   0   1    8 0 1 0 0 1  1.40000   2.926341662361334e-001   1.007354525715678e+000   2.832271286740296e+001   2.313735974284521e+003   1.381411549074569e-001  0.00207   2.065174806886875e-003   2.004155230636089e-002   2.091752439636339e-001   3.409726212771342e+000   4.007824042820692e-002 2103.000  689.000   10.000     0 C:\Studies\double_stars\hip\20110218\g074a003.fit
  1  0 2011  2 18 19 57  2      0  734.36144  746.31907    0.06123    0.06325       26.6   0   1    9 0 1 0 0 1  1.40000   2.942040420651860e-001   9.685498467381440e-001   1.995564728266640e+001   2.305340329306062e+003   6.802757276143048e-002  0.00369   3.688782862339683e-003   3.435372060339568e-002   2.618030748281170e-001   3.118808079917444e+000   6.856314311370242e-002  734.000  747.000   10.000     0 C:\Studies\double_stars\hip\20110218\g074a003.fit
  1  0 2011  2 18 19 57  2      0  714.26896 1045.75459    0.02282    0.02238       35.7   0   1   10 0 1 0 0 1  1.40000   2.804957622854920e-001   1.019452059017152e+000   3.838558969137843e+001   2.320629112156345e+003   5.803294515371883e-002  0.00125   1.252627228794545e-003   1.288650591465692e-002   1.790720248964096e-001   4.294169156894840e+000   2.570508269882062e-002  714.000 1046.000   10.000     0 C:\Studies\double_stars\hip\20110218\g074a003.fit
  1  0 2011  2 18 19 57  2      0  671.13353  106.34597    0.04455    0.04682       27.8   0   1   11 0 1 0 0 1  1.40000   2.939812280594283e-001   9.545602674463629e-001   2.383619500591362e+001   2.290836418515584e+003   1.493313993441303e-001  0.00268   2.682920730159907e-003   2.452208165623742e-002   2.274500279294780e-001   3.297841156419382e+000   4.907669500292993e-002  671.000  107.000   10.000     0 C:\Studies\double_stars\hip\20110218\g074a003.fit
  1  0 2011  2 18 19 57  2      0  531.28623  161.40357    0.03716    0.03776       31.7   0   1   12 0 1 0 0 1  1.40000   2.718184979716216e-001   9.848013051115294e-001   2.812076610111146e+001   2.292115951211438e+003   7.789169217147929e-002  0.00193   1.928403278822653e-003   1.976610695356423e-002   2.074406149936131e-001   4.003666190084393e+000   3.942587039012982e-002  531.000  161.000   10.000     0 C:\Studies\double_stars\hip\20110218\g074a003.fit
  1  0 2011  2 18 19 57  2      0  384.74043  826.25094    0.05253    0.05375       26.7   0   1   13 0 1 0 0 1  1.40000   2.896615983399214e-001   9.775683324996058e-001   2.166786609905862e+001   2.293609606869209e+003   5.514017374662928e-002  0.00307   3.073647787087613e-003   2.936159565481569e-002   2.402274413260364e-001   3.149358011280429e+000   5.857031557875299e-002  384.000  826.000   10.000     0 C:\Studies\double_stars\hip\20110218\g074a003.fit
  1  0 2011  2 18 19 57  2      0  195.75296 1167.87252    0.02965    0.02963       29.9   0   1   14 0 1 0 0 1  1.40000   2.826756111110069e-001   1.002154292044341e+000   3.066502564096361e+001   2.301611301314885e+003   1.240774524479353e-001  0.00165   1.653347111601274e-003   1.654068470286144e-002   1.873266207584444e-001   3.597141403827886e+000   3.305241478545413e-002  196.000 1168.000   10.000     0 C:\Studies\double_stars\hip\20110218\g074a003.fit
  1  0 2011  2 18 19 57  2      0  390.75134 1744.05156    0.05449    0.06044       81.9   0   1   15 0 1 0 0 1  1.40000   3.387589172684222e-001   9.021434665900202e-001   3.646150000390015e+001   2.319058207207784e+003   4.889053832042219e-002  0.00431   4.310517522654143e-003   3.247793350697925e-002   4.886342501981921e-001   8.639572219861400e+000   6.484144821883925e-002  391.000 1744.000   10.000     0 C:\Studies\double_stars\hip\20110218\g074a003.fit
