  1  0 2011  2 18 19 58 28      0 2482.97856 1525.05262    0.01050    0.01062      239.9   0   1    1 0 1 0 0 1  1.40000   2.398391481912262e-001   9.895642681449357e-001   1.458428083933701e+002   2.490595729019024e+003   9.795226577463562e-002  0.00043   4.320711365062973e-004   5.042404660153317e-003   2.697039358064960e-001   3.549225169857017e+001   1.005067855938358e-002 2483.000 1525.000   10.000     0 C:\Studies\double_stars\hip\20110218\g074a006.fit
  1  0 2011  2 18 19 58 28      0 2626.41869 2000.80891    0.00983    0.00971      405.2   0   1    2 0 1 0 0 1  1.40000   2.369020495171693e-001   1.012461860995403e+000   1.971180697175514e+002   2.664553971156143e+003   9.095332611832473e-002  0.00039   3.946623719701834e-004   4.773035894963132e-003   3.369328225507318e-001   5.978887102067991e+001   9.510772273657998e-003 2627.000 2001.000   10.000     0 C:\Studies\double_stars\hip\20110218\g074a006.fit
  1  0 2011  2 18 19 58 28      0 1803.84089 2239.67668    0.00972    0.00978      622.1   0   1    3 0 1 0 0 1  1.40000   2.349363391819674e-001   9.940080457917327e-001   2.444890438813244e+002   3.224073370677438e+003   9.631760528689290e-002  0.00038   3.849083033311831e-004   4.607212140823674e-003   4.102743534367181e-001   9.461452875081017e+001   9.181322564859561e-003 1804.000 2240.000   10.000     0 C:\Studies\double_stars\hip\20110218\g074a006.fit
  1  0 2011  2 18 19 58 28      0 2842.23033 1978.66857    0.01391    0.01373       70.9   0   1    4 0 1 0 0 1  1.40000   2.306952788271069e-001   1.013379410886654e+000   6.937754593699398e+001   2.355392774626047e+003   1.223064006766377e-001  0.00053   5.317593856340979e-004   6.600253219051016e-003   1.635705677121132e-001   1.090201466500228e+001   1.316306696214729e-002 2842.000 1979.000   10.000     0 C:\Studies\double_stars\hip\20110218\g074a006.fit
  1  0 2011  2 18 19 58 28      0 2771.45401 2665.88189    0.01313    0.01454       96.3   0   1    5 0 1 0 0 1  1.40000   2.097963526743005e-001   9.110064208318256e-001   8.119099616278757e+001   2.271107884365411e+003   2.102952475453598e-001  0.00043   4.302496673630264e-004   5.233797755609278e-003   1.658492022969779e-001   1.826533993923895e+001   1.048934310536784e-002 2771.000 2666.000   10.000     0 C:\Studies\double_stars\hip\20110218\g074a006.fit
  1  0 2011  2 18 19 58 28      0 2178.46566 1410.81349    0.07655    0.07183       26.9   0   1    6 0 1 0 0 1  1.40000   2.297564554170621e-001   1.060792946766913e+000   1.847329733482246e+001   2.305692058506367e+003   8.938377786249722e-002  0.00290   2.895702585284286e-003   3.785311490263240e-002   2.377739540666042e-001   3.869743578037308e+000   7.538531749140652e-002 2180.000 1411.000   10.000     0 C:\Studies\double_stars\hip\20110218\g074a006.fit
  1  0 2011  2 18 19 58 28      0 2461.18004  444.81263    0.02122    0.02132       33.4   0   1    7 0 1 0 0 1  1.40000   2.454361442600763e-001   9.971526429590963e-001   3.835933597364316e+001   2.333279393850622e+003   1.374836635091157e-001  0.00091   9.098316547416167e-004   1.042915733602335e-002   1.464510250675318e-001   4.782954610570868e+000   2.082614466341096e-002 2461.000  445.000   10.000     0 C:\Studies\double_stars\hip\20110218\g074a006.fit
  1  0 2011  2 18 19 58 28      0 2103.55276  686.41348    0.04407    0.04403       28.4   0   1    8 0 1 0 0 1  1.40000   2.399340086992400e-001   1.004577152291807e+000   2.458322937210244e+001   2.313428768854774e+003   1.756907140850917e-001  0.00181   1.814446828508275e-003   2.137518710186445e-002   1.907763266934308e-001   4.113126663131324e+000   4.274409666372565e-002 2104.000  686.000   10.000     0 C:\Studies\double_stars\hip\20110218\g074a006.fit
  1  0 2011  2 18 19 58 28      0  733.90780  743.79305    0.08144    0.09093       28.3   0   1    9 0 1 0 0 1  1.40000   2.497998148340352e-001   9.027926368817137e-001   1.756478804632057e+001   2.310621672352652e+003   2.056776849246415e-001  0.00364   3.644143152515429e-003   3.685817468342121e-002   2.626959495243949e-001   4.223980082629741e+000   7.394855773677712e-002  734.000  744.000   10.000     0 C:\Studies\double_stars\hip\20110218\g074a006.fit
  1  0 2011  2 18 19 58 28      0  713.78545 1043.47145    0.02720    0.02700       32.6   0   1   10 0 1 0 0 1  1.40000   2.352282798947644e-001   1.008681243560087e+000   3.359981149949174e+001   2.318832633618152e+003   1.595314390980777e-001  0.00108   1.080521797131838e-003   1.305769339964009e-002   1.576650110069440e-001   4.718246671399700e+000   2.607511976604128e-002  715.000 1043.000   10.000     0 C:\Studies\double_stars\hip\20110218\g074a006.fit
  1  0 2011  2 18 19 58 28      0  670.78871  104.01225    0.06172    0.06434       28.0   0   1   11 0 1 0 0 1  1.40000   2.423302117427632e-001   9.596611868757387e-001   2.040008605859773e+001   2.298687881951103e+003   3.343930427479544e-002  0.00259   2.594635596426226e-003   2.912644439486786e-002   2.241053917498303e-001   4.171896897752622e+000   5.797289399807264e-002  671.000  104.000   10.000     0 C:\Studies\double_stars\hip\20110218\g074a006.fit
  1  0 2011  2 18 19 58 28      0  530.87989  158.93884    0.04446    0.04548       29.6   0   1   12 0 1 0 0 1  1.40000   2.375200858694607e-001   9.810636178364206e-001   2.487633381294846e+001   2.296636253640562e+003   1.118192315074848e-001  0.00180   1.803545067872437e-003   2.105726948674768e-002   1.930966715896877e-001   4.352908058348153e+000   4.197807575113078e-002  531.000  158.000   10.000     0 C:\Studies\double_stars\hip\20110218\g074a006.fit
  1  0 2011  2 18 19 58 28      0  384.41125  823.90775    0.06866    0.07260       28.6   0   1   13 0 1 0 0 1  1.40000   2.501153311996631e-001   9.471220533988096e-001   1.945934792059990e+001   2.299499122741174e+003   1.058762706421339e-001  0.00306   3.062709017108211e-003   3.277638126609880e-002   2.451153720429387e-001   4.098800587212082e+000   6.537164639903072e-002  385.000  824.000   10.000     0 C:\Studies\double_stars\hip\20110218\g074a006.fit
  1  0 2011  2 18 19 58 28      0  195.40628 1165.57703    0.03681    0.03801       28.7   0   1   14 0 1 0 0 1  1.40000   2.452035655721292e-001   9.749384863284397e-001   2.680515275549717e+001   2.308711916658061e+003   2.293143712630880e-001  0.00158   1.580491241702877e-003   1.756773822568658e-002   1.775493914396982e-001   4.161521877676165e+000   3.528409129750309e-002  195.000 1166.000   10.000     0 C:\Studies\double_stars\hip\20110218\g074a006.fit
  1  0 2011  2 18 19 58 28      0  390.26733 1741.60341    0.07217    0.08078       78.9   0   1   15 0 1 0 0 1  1.40000   2.697909460560655e-001   8.958813390301916e-001   3.109440825804879e+001   2.309864381213286e+003   8.669546090261374e-002  0.00373   3.725373158736194e-003   3.498189186715602e-002   4.434547891719695e-001   1.049358903473662e+001   6.975671214441216e-002  391.000 1741.000   10.000     0 C:\Studies\double_stars\hip\20110218\g074a006.fit
