  1  0 2011  2 18 19 56 34      0 2482.86019 1527.63042    0.00911    0.00947      221.0   0   1    1 0 1 0 0 1  1.40000   2.500403355665825e-001   9.624007724445816e-001   1.491799039756608e+002   2.481669411665033e+003   2.864532231775273e-002  0.00041   4.055052525219581e-004   4.423585273674681e-003   2.492964804149851e-001   3.163413729663088e+001   8.808491722783420e-003 2483.000 1528.000   10.000     0 C:\Studies\double_stars\hip\20110218\g074a002.fit
  1  0 2011  2 18 19 56 34      0 2626.21597 2003.46690    0.00837    0.00877      370.3   0   1    2 0 1 0 0 1  1.40000   2.514949112721692e-001   9.551251336666065e-001   2.011188927992288e+002   2.670994369824107e+003   4.189010711911307e-002  0.00038   3.770993353789228e-004   4.058204688346644e-003   3.105098156549504e-001   5.224681415458626e+001   8.081291892526843e-003 2626.000 2003.000   10.000     0 C:\Studies\double_stars\hip\20110218\g074a002.fit
  1  0 2011  2 18 19 56 34      0 1803.77532 2242.26840    0.00657    0.00686      447.4   0   1    3 0 1 0 0 1  1.40000   2.474544113100334e-001   9.583863438132354e-001   2.498156522010358e+002   3.268008580288059e+003   4.206867089960205e-002  0.00029   2.870682537431253e-004   3.150715586683338e-003   2.979941855681056e-001   6.462072425715404e+001   6.273121793587676e-003 1804.000 2242.000   10.000     0 C:\Studies\double_stars\hip\20110218\g074a002.fit
  1  0 2011  2 18 19 56 34      0 2841.91641 1981.26442    0.01063    0.01101       58.9   0   1    4 0 1 0 0 1  1.40000   2.481794988814091e-001   9.660456769087349e-001   7.142658306605276e+001   2.363490627542693e+003   5.653504630644455e-002  0.00047   4.664766816095042e-004   5.143486789288177e-003   1.381686417953736e-001   8.443751195327932e+000   1.024408717059426e-002 2842.000 1981.000   10.000     0 C:\Studies\double_stars\hip\20110218\g074a002.fit
  1  0 2011  2 18 19 56 34      0 2771.26057 2668.46242    0.01360    0.01585      106.6   0   1    5 0 1 0 0 1  1.40000   2.220838041639717e-001   8.698742153155948e-001   8.280863912283496e+001   2.274871196936504e+003   2.216552940177720e-001  0.00050   4.967578089533206e-004   5.434235626594629e-003   1.854380752431200e-001   1.892069811328006e+001   1.091117729417238e-002 2771.000 2668.000   10.000     0 C:\Studies\double_stars\hip\20110218\g074a002.fit
  1  0 2011  2 18 19 56 34      0 2178.35478 1413.16252    0.07596    0.08064       29.4   0   1    6 0 1 0 0 1  1.40000   2.524111831082412e-001   9.408147531547032e-001   1.875220624213468e+001   2.292972687489517e+003   2.881763181093734e-002  0.00345   3.451752515051553e-003   3.646750207811464e-002   2.633918446420107e-001   4.066757672154088e+000   7.260537636384727e-002 2177.000 1413.000   10.000     0 C:\Studies\double_stars\hip\20110218\g074a002.fit
  1  0 2011  2 18 19 56 34      0 2461.05450  447.58070    0.02007    0.02043       33.7   0   1    7 0 1 0 0 1  1.40000   2.463959179335619e-001   9.835976905819462e-001   3.945058770965217e+001   2.303329423696735e+003   5.279314675085436e-002  0.00087   8.690118539007397e-004   9.828235677501074e-003   1.431327086860252e-001   4.770973350395180e+000   1.957196407493358e-002 2461.000  447.000   10.000     0 C:\Studies\double_stars\hip\20110218\g074a002.fit
  1  0 2011  2 18 19 56 34      0 2103.34240  689.05908    0.04030    0.04138       27.9   0   1    8 0 1 0 0 1  1.40000   2.441969019878542e-001   9.752836313060990e-001   2.527812247934944e+001   2.295665315953071e+003   1.077001208940513e-001  0.00172   1.715977834576439e-003   1.937137558243584e-002   1.825491952199485e-001   4.056038346957718e+000   3.863272841848717e-002 2103.000  689.000   10.000     0 C:\Studies\double_stars\hip\20110218\g074a002.fit
  1  0 2011  2 18 19 56 34      0  733.73617  746.39040    0.07571    0.07989       26.9   0   1    9 0 1 0 0 1  1.40000   2.500727709581039e-001   9.479039374597224e-001   1.798450874386257e+001   2.293764464212551e+003   1.095767682935101e-002  0.00337   3.374245828231481e-003   3.625760304434122e-002   2.497961414673250e-001   3.877898890216845e+000   7.218638235038084e-002  734.000  747.000   10.000     0 C:\Studies\double_stars\hip\20110218\g074a002.fit
  1  0 2011  2 18 19 56 34      0  713.67198 1046.03352    0.02320    0.02389       29.8   0   1   10 0 1 0 0 1  1.40000   2.489005504306770e-001   9.708931871374449e-001   3.444700848879324e+001   2.308164610568084e+003   3.108366722233788e-002  0.00102   1.023415548721938e-003   1.131457423975502e-002   1.458224095231049e-001   4.229372071468721e+000   2.252867830281715e-002  713.000 1046.000   10.000     0 C:\Studies\double_stars\hip\20110218\g074a002.fit
  1  0 2011  2 18 19 56 34      0  670.63383  106.60231    0.05727    0.05825       27.5   0   1   11 0 1 0 0 1  1.40000   2.570509231629697e-001   9.832790845312618e-001   2.112085630252926e+001   2.288863407697427e+003   2.109180431346951e-002  0.00268   2.680967475527140e-003   2.906546914298510e-002   2.275906670902222e-001   3.680954487320343e+000   5.788702499257173e-002  670.000  106.000   10.000     0 C:\Studies\double_stars\hip\20110218\g074a002.fit
  1  0 2011  2 18 19 56 34      0  530.86725  161.68946    0.04409    0.04689       31.2   0   1   12 0 1 0 0 1  1.40000   2.397428460197963e-001   9.422612933823070e-001   2.536529858774475e+001   2.277907589924708e+003  -1.183080335511731e-002  0.00182   1.824412292036627e-003   2.033528303112753e-002   1.972377842366951e-001   4.692744517271196e+000   4.045371490560371e-002  531.000  161.000   10.000     0 C:\Studies\double_stars\hip\20110218\g074a002.fit
  1  0 2011  2 18 19 56 34      0  384.34723  826.62254    0.07080    0.07320       29.0   0   1   13 0 1 0 0 1  1.40000   2.378462107974896e-001   9.684095664771122e-001   1.944657035818943e+001   2.282972143900102e+003   3.971356764073034e-002  0.00288   2.878784165804485e-003   3.322684768645234e-002   2.407148746705576e-001   4.335805304791886e+000   6.612150532940256e-002  384.000  826.000   10.000     0 C:\Studies\double_stars\hip\20110218\g074a002.fit
  1  0 2011  2 18 19 56 34      0  195.32395 1168.09581    0.03672    0.03788       28.9   0   1   14 0 1 0 0 1  1.40000   2.410856179035049e-001   9.697261534300208e-001   2.692241539764688e+001   2.295155302155483e+003   5.103781124820284e-002  0.00153   1.528003191528553e-003   1.741562475076353e-002   1.750361151918635e-001   4.288470935603134e+000   3.467252512816135e-002  195.000 1168.000   10.000     0 C:\Studies\double_stars\hip\20110218\g074a002.fit
  1  0 2011  2 18 19 56 34      0  390.11779 1744.31059    0.06389    0.07168       74.9   0   1   15 0 1 0 0 1  1.40000   2.781365366528729e-001   8.925025356959008e-001   3.216164291003634e+001   2.299810394145587e+003   1.836692291718040e-002  0.00349   3.485519392396514e-003   3.169369628665866e-002   4.180844781073572e-001   9.766343491172165e+000   6.314517284816586e-002  390.000 1744.000   10.000     0 C:\Studies\double_stars\hip\20110218\g074a002.fit
