-0.0447895534873219 0.0180616778535276
0.0376788919521692 0.0783639786950597
-0.0559381874794112 -0.0455529060522625
-0.0724935741168443 -0.0278653497469806
-0.035350613996709 -0.083484397041785
0.901384199988109 0.239466200360248
0.0376987147527538 0.0925265445500015
0.060906120528934 -0.181257414867169
-0.0669761513025717 0.415395977680286
-0.0423319619590298 -0.231649339405167
0.200093794868766 -0.385502810066159
-0.449088315485232 -0.00669479343508553
0.011874063913522 0.204542159884411
0.0395667595386723 0.0961275437321006
0.45655615616052 0.358107214967377
