2483.58124625 1526.140545 0.01070125 0.01098125
2626.96862125 2001.91852875 0.01047125 0.010675
1804.4762675 2240.726755 0.01085375 0.01113875
2842.7264175 1979.75270375 0.01301125 0.01324625
2772.04375625 2666.98597875 0.01359875 0.01562
2179.060395 1411.77906 0.06895375 0.07200125
2461.81837 445.99663 0.0218425 0.02206875
2104.10769 687.50989 0.0420075 0.04263375
734.531575 744.93670125 0.07735375 0.0808025
714.44465 1044.5151075 0.025405 0.02563875
671.30734125 105.090095 0.0576325 0.05876625
531.52065 160.07364875 0.04183875 0.04352625
384.98304625 824.9487875 0.067125 0.06946125
195.96347625 1166.60583625 0.036625 0.0373475
390.75269875 1742.75886375 0.07362875 0.08185875
