  1  0 2009 12 14  0 31 56      0 2241.06820 1688.78387    0.01171    0.01172      130.3   0   1    1 0 1 0 0 1  1.40000   1.554907515999399e-001   9.962027662475340e-001   1.040290696057306e+002   2.278718748212586e+003   7.944806123829128e-003  0.00023   2.281312158585463e-004   4.162290283464430e-003   1.418590430667882e-001   3.964178240812974e+001   8.213611648554111e-003 2241.000 1689.000   10.000     0 C:\Studies\double_stars\hip\20091213\g074a004.fit
  1  0 2009 12 14  0 31 56      0 2384.80008 2164.64105    0.01089    0.01084      201.7   0   1    2 0 1 0 0 1  1.40000   1.529954593383429e-001   9.957184795979575e-001   1.348793239225777e+002   2.253122564947289e+003   1.979150605335173e-003  0.00021   2.058534115196614e-004   3.815785396642886e-003   1.672655929489485e-001   6.166216882677328e+001   7.528038960438501e-003 2384.000 2165.000   10.000     0 C:\Studies\double_stars\hip\20091213\g074a004.fit
  1  0 2009 12 14  0 31 56      0 1562.36603 2403.52984    0.00940    0.00937      278.4   0   1    3 0 1 0 0 1  1.40000   1.545636033758041e-001   9.979185236303128e-001   1.700316053419378e+002   2.944156607538374e+003   1.679157691561490e-002  0.00018   1.811005724413173e-004   3.329686557232698e-003   1.847378410635313e-001   8.512892229035603e+001   6.570654636667985e-003 1562.000 2404.000   10.000     0 C:\Studies\double_stars\hip\20091213\g074a004.fit
  1  0 2009 12 14  0 31 56      0 2600.39808 2142.27867    0.01767    0.01793       42.5   0   1    4 0 1 0 0 1  1.40000   1.510213799018614e-001   9.850013105883517e-001   4.846754581933295e+001   2.078833496824509e+003   3.606506037983757e-002  0.00033   3.294301814561212e-004   6.119267620998303e-003   9.677840771746282e-002   1.353060685206200e+001   1.207170855312743e-002 2600.000 2142.000   10.000     0 C:\Studies\double_stars\hip\20091213\g074a004.fit
  1  0 2009 12 14  0 31 56      0 2530.09496 2829.49468    0.01395    0.01504       51.0   0   1    5 0 1 0 0 1  1.40000   1.433000980318776e-001   9.391240165410953e-001   5.942285009642617e+001   2.036604951440311e+003   9.963448233454852e-002  0.00024   2.433364502027796e-004   4.535141461306425e-003   8.927771643167624e-002   1.885689596421085e+001   8.954651034367959e-003 2530.000 2829.000   10.000     0 C:\Studies\double_stars\hip\20091213\g074a004.fit
  1  0 2009 12 14  0 31 56      0 1936.45367 1574.17286    0.14738    0.13140       22.5   0   1    6 0 1 0 0 1  1.40000   1.554141487521251e-001   1.108115513673531e+000   1.251529167384824e+001   2.060751981176283e+003   3.439907982682158e-003  0.00280   2.799476730839789e-003   5.686118162040097e-002   2.129003692575806e-001   5.998853313696210e+000   1.123008246528806e-001 1936.000 1575.000   10.000     0 C:\Studies\double_stars\hip\20091213\g074a004.fit
  1  0 2009 12 14  0 31 56      0 2218.84994  608.64643    0.03655    0.03731       26.5   0   1    7 0 1 0 0 1  1.40000   1.576104981631999e-001   9.847467258364601e-001   2.646159133650095e+001   2.065549414966430e+003   4.938935135149020e-002  0.00073   7.311969775658053e-004   1.299925316868759e-002   1.140336028059124e-001   7.586584876449898e+000   2.567355528571741e-002 2219.000  608.000   10.000     0 C:\Studies\double_stars\hip\20091213\g074a004.fit
  1  0 2009 12 14  0 31 56      0 1861.25044  850.10923    0.07968    0.07625       22.4   0   1    8 0 1 0 0 1  1.40000   1.770082580210991e-001   1.038788940081886e+000   1.659317531732085e+001   2.072588438480027e+003  -5.024723343616060e-002  0.00190   1.904403896468684e-003   3.175650457739300e-002   1.734971480084446e-001   4.991211175937694e+000   6.292392912680797e-002 1862.000  850.000   10.000     0 C:\Studies\double_stars\hip\20091213\g074a004.fit
  1  0 2009 12 14  0 31 56      0  491.61504  908.11300    0.13726    0.12229       21.3   0   1    9 0 1 0 0 1  1.40000   1.760718491704056e-001   1.122115617348750e+000   1.253637803429819e+001   2.063763493205316e+003   1.254957895813930e-001  0.00323   3.229514263183936e-003   5.834674667235022e-002   2.243209446591601e-001   4.232700454684912e+000   1.158019568644145e-001  492.000  907.000   10.000     0 C:\Studies\double_stars\hip\20091213\g074a004.fit
  1  0 2009 12 14  0 31 56      0  471.93979 1207.62708    0.04875    0.04842       26.3   0   1   10 0 1 0 0 1  1.40000   1.458081875368566e-001   1.002202714768897e+000   2.323834507587689e+001   2.049080427051104e+003   1.187779551919220e-002  0.00085   8.525344971862045e-004   1.669849728949152e-002   1.224346761047747e-001   8.315816719398876e+000   3.293476516229734e-002  471.000 1207.000   10.000     0 C:\Studies\double_stars\hip\20091213\g074a004.fit
  1  0 2009 12 14  0 31 56      0  428.23056  268.15044    0.11001    0.10264       22.0   0   1   11 0 1 0 0 1  1.40000   1.475744666018321e-001   1.064674467817263e+000   1.425535437005580e+001   2.047660582044096e+003   1.307386632896746e-001  0.00194   1.940963859303559e-003   3.976728977272458e-002   1.726293444195796e-001   6.792519432989669e+000   7.874561192376188e-002  428.000  268.000   10.000     0 C:\Studies\double_stars\hip\20091213\g074a004.fit
  1  0 2009 12 14  0 31 56      0  288.63362  323.13774    0.07977    0.08021       24.4   0   1   12 0 1 0 0 1  1.40000   1.431933857247343e-001   1.007625874884069e+000   1.751112221299918e+001   2.038032400555553e+003   7.367080219142358e-002  0.00136   1.364998305405973e-003   2.734065196219494e-002   1.491191406479935e-001   7.795757804087363e+000   5.391415533174716e-002  289.000  322.000   10.000     0 C:\Studies\double_stars\hip\20091213\g074a004.fit
  1  0 2009 12 14  0 31 56      0  142.27354  988.15762    0.11974    0.12672       23.0   0   1   13 0 1 0 0 1  1.40000   1.709738390589833e-001   9.565491313075348e-001   1.345202336602111e+001   2.049394525383846e+003  -1.384594800575027e-002  0.00276   2.760628726734957e-003   4.392876201956015e-002   2.055988844155704e-001   5.563066086742788e+000   8.688611189146756e-002  142.000  987.000   10.000     0 C:\Studies\double_stars\hip\20091213\g074a004.fit
  1  0 2009 12 14  0 31 56      0  148.72732 1906.26773    0.05072    0.05102       24.3   0   1   14 0 1 0 0 1  1.40000   1.610144792267664e-001   9.940800429244315e-001   2.152867445483797e+001   2.066229618302826e+003   6.651855024503185e-002  0.00105   1.046436813937346e-003   1.836929143888865e-002   1.314000256317497e-001   6.780455541545723e+000   3.631488557969327e-002  149.000 1906.000   10.000     0 C:\Studies\double_stars\hip\20091213\g074a004.fit
