  1  0 2009 12 14  0 30 59      0 2239.33190 1689.44809    0.01292    0.01230      163.8   0   1    1 0 1 0 0 1  1.40000   1.598095464769471e-001   1.046705941060466e+000   1.121799286528682e+002   2.141084277943240e+003  -2.705423364782118e-002  0.00026   2.605113626684409e-004   4.856823243555182e-003   1.726141741599642e-001   4.340212160036378e+001   9.594493963104573e-003 2239.000 1689.000   10.000     0 C:\Studies\double_stars\hip\20091213\g074a002.fit
  1  0 2009 12 14  0 30 59      0 2383.08598 2165.28464    0.01256    0.01208      265.8   0   1    2 0 1 0 0 1  1.40000   1.594387163943756e-001   1.036155110654635e+000   1.445892929977078e+002   2.173722038121692e+003  -4.078823190182977e-002  0.00025   2.526536117135773e-004   4.672728024814683e-003   2.159836682158644e-001   7.249577535041875e+001   9.232075489845955e-003 2383.000 2165.000   10.000     0 C:\Studies\double_stars\hip\20091213\g074a002.fit
  1  0 2009 12 14  0 30 59      0 1560.68747 2404.05809    0.01345    0.01311      464.1   0   1    3 0 1 0 0 1  1.40000   1.601481856405881e-001   1.021668122730374e+000   1.839402892959685e+002   2.440372067243638e+003  -2.108376305773827e-002  0.00027   2.732079711428515e-004   4.961074350442468e-003   2.957187155562079e-001   1.282444187191758e+002   9.800402664562590e-003 1561.000 2404.000   10.000     0 C:\Studies\double_stars\hip\20091213\g074a002.fit
  1  0 2009 12 14  0 30 59      0 2598.66154 2142.98642    0.01932    0.01870       53.0   0   1    4 0 1 0 0 1  1.40000   1.561417747475363e-001   1.025017160823033e+000   5.211330319011933e+001   2.052946334091962e+003  -3.758172445710886e-002  0.00038   3.755200927931591e-004   7.017459474850453e-003   1.170215195729969e-001   1.516252285492052e+001   1.385655585172758e-002 2598.000 2143.000   10.000     0 C:\Studies\double_stars\hip\20091213\g074a002.fit
  1  0 2009 12 14  0 30 59      0 2528.38642 2830.19106    0.01401    0.01461       56.7   0   1    5 0 1 0 0 1  1.40000   1.444424747455896e-001   9.613682399641329e-001   6.277526362587327e+001   1.984293686952915e+003   8.276032780490621e-002  0.00025   2.452638802806866e-004   4.645524483323359e-003   9.528181043556763e-002   2.036761726787588e+001   9.168673398022619e-003 2528.000 2830.000   10.000     0 C:\Studies\double_stars\hip\20091213\g074a002.fit
  1  0 2009 12 14  0 30 59      0 1934.80920 1574.97025    0.11954    0.11170       22.1   0   1    6 0 1 0 0 1  1.40000   1.476973880120591e-001   1.075147075763102e+000   1.376971154547637e+001   2.044821147295965e+003  -6.285557588764329e-002  0.00212   2.116348935250446e-003   4.384783767674141e-002   1.806813257434369e-001   6.092348027218550e+000   8.661793876471170e-002 1935.000 1577.000   10.000     0 C:\Studies\double_stars\hip\20091213\g074a002.fit
  1  0 2009 12 14  0 30 59      0 2217.10661  609.35045    0.03576    0.03370       29.0   0   1    7 0 1 0 0 1  1.40000   1.561938035404543e-001   1.055947538640463e+000   2.846672168557672e+001   2.047776538255911e+003  -1.251213116812251e-002  0.00069   6.930110193353124e-004   1.334274476204926e-002   1.185626147591248e-001   8.019751615197368e+000   2.634064020974017e-002 2217.000  609.000   10.000     0 C:\Studies\double_stars\hip\20091213\g074a002.fit
  1  0 2009 12 14  0 30 59      0 1859.68996  850.80616    0.07252    0.06843       25.0   0   1    8 0 1 0 0 1  1.40000   1.621986671158059e-001   1.049838511364842e+000   1.849601755737536e+001   2.047175784701783e+003  -4.833792367874272e-002  0.00149   1.492774583400045e-003   2.748593646240311e-002   1.616244914606956e-001   6.490102867884456e+000   5.434723069311956e-002 1859.000  851.000   10.000     0 C:\Studies\double_stars\hip\20091213\g074a002.fit
  1  0 2009 12 14  0 30 59      0  490.05170  908.73060    0.11482    0.11384       21.7   0   1    9 0 1 0 0 1  1.40000   1.950769041376549e-001   1.010908472917132e+000   1.342424611157128e+001   2.062482320954178e+003   8.594806992628561e-002  0.00327   3.268031264786169e-003   4.801263369629717e-002   2.228550236672576e-001   4.167759496459145e+000   9.537150361046791e-002  490.000  908.000   10.000     0 C:\Studies\double_stars\hip\20091213\g074a002.fit
  1  0 2009 12 14  0 30 59      0  470.26421 1208.19186    0.04266    0.03986       26.8   0   1   10 0 1 0 0 1  1.40000   1.528756025947352e-001   1.062565085747861e+000   2.513968202743952e+001   2.047262751978212e+003  -5.107128995433831e-002  0.00080   7.966506378512552e-004   1.576644367858042e-002   1.222177413695754e-001   7.719727204168998e+000   3.112453126552058e-002  470.000 1208.000   10.000     0 C:\Studies\double_stars\hip\20091213\g074a002.fit
  1  0 2009 12 14  0 30 59      0  426.60144  268.76258    0.09248    0.08953       22.4   0   1   11 0 1 0 0 1  1.40000   1.577640738601004e-001   1.037147241220472e+000   1.547682117553203e+001   2.043270576581481e+003   1.655776831384865e-001  0.00183   1.833301635470539e-003   3.409584095795182e-002   1.682459857984898e-001   5.963036819723647e+000   6.769914236184270e-002  427.000  268.000   10.000     0 C:\Studies\double_stars\hip\20091213\g074a002.fit
  1  0 2009 12 14  0 30 59      0  286.74176  323.98075    0.06237    0.05830       23.0   0   1   12 0 1 0 0 1  1.40000   1.520524476847948e-001   1.067470850474963e+000   1.937180394416370e+001   2.029724147420589e+003  -4.720890167490481e-002  0.00115   1.154896033635653e-003   2.308667691139869e-002   1.362162318505504e-001   6.167252877317289e+000   4.557207703185618e-002  286.000  323.000   10.000     0 C:\Studies\double_stars\hip\20091213\g074a002.fit
  1  0 2009 12 14  0 30 59      0  140.66989  988.71547    0.10267    0.10522       21.6   0   1   13 0 1 0 0 1  1.40000   1.708132037757107e-001   9.926104247456825e-001   1.424323609950907e+001   2.047508338992798e+003  -1.151398793549779e-001  0.00236   2.355656616557642e-003   3.879522368412761e-002   1.855255259863405e-001   4.746882657265786e+000   7.692488951145039e-002  140.000  987.000   10.000     0 C:\Studies\double_stars\hip\20091213\g074a002.fit
  1  0 2009 12 14  0 30 59      0  147.19048 1906.73950    0.04565    0.04400       24.9   0   1   14 0 1 0 0 1  1.40000   1.584884217501975e-001   1.038371866213424e+000   2.322290147357087e+001   2.046845073275372e+003  -4.887912527511454e-002  0.00091   9.109228475582667e-004   1.698206132957495e-002   1.252873441216845e-001   6.613434827473783e+000   3.355175391886612e-002  147.000 1906.000   10.000     0 C:\Studies\double_stars\hip\20091213\g074a002.fit
