  1  0 2009 12 14  0 32 54      0 2240.96189 1688.14676    0.01486    0.01426      151.9   0   1    1 0 1 0 0 1  1.40000   1.349837591388255e-001   1.035091146601965e+000   1.022200502375972e+002   1.854038553885415e+003   4.419490337834561e-002  0.00023   2.296004228238036e-004   5.023275905298674e-003   1.533594351487611e-001   5.877143891018568e+001   9.879841421596872e-003 2241.000 1688.000   10.000     0 C:\Studies\double_stars\hip\20091213\g074a006.fit
  1  0 2009 12 14  0 32 54      0 2384.61914 2163.97924    0.01413    0.01343      236.4   0   1    2 0 1 0 0 1  1.40000   1.341281516523148e-001   1.037158087520341e+000   1.313325966066873e+002   1.792736221734795e+003   1.766183827146594e-002  0.00021   2.149778198266947e-004   4.744861596911624e-003   1.850086459283042e-001   9.140972074099823e+001   9.329087682830002e-003 2384.000 2164.000   10.000     0 C:\Studies\double_stars\hip\20091213\g074a006.fit
  1  0 2009 12 14  0 32 54      0 1562.25085 2402.85237    0.01387    0.01370      388.6   0   1    3 0 1 0 0 1  1.40000   1.362375997896458e-001   1.006107317898336e+000   1.680144790709048e+002   1.750503704809747e+003   5.184339030864662e-002  0.00022   2.188856690311869e-004   4.609575016799115e-003   2.377096116985474e-001   1.539208005537286e+002   9.070596034480401e-003 1562.000 2403.000   10.000     0 C:\Studies\double_stars\hip\20091213\g074a006.fit
  1  0 2009 12 14  0 32 54      0 2600.20364 2141.61082    0.02042    0.01945       44.5   0   1    4 0 1 0 0 1  1.40000   1.322849967761117e-001   1.047865530107516e+000   4.752925171235748e+001   2.013073668043717e+003   2.350566286409396e-002  0.00030   3.049572548260537e-004   6.896667930344810e-003   9.571813064269291e-002   1.698438391714977e+001   1.355569846304783e-002 2600.000 2141.000   10.000     0 C:\Studies\double_stars\hip\20091213\g074a006.fit
  1  0 2009 12 14  0 32 54      0 2529.89564 2828.91064    0.01600    0.01639       53.0   0   1    5 0 1 0 0 1  1.40000   1.256134742287767e-001   9.763340225844268e-001   5.808786518851716e+001   1.937669918806286e+003   1.065862643342555e-001  0.00023   2.260227446496501e-004   5.005147508794186e-003   8.750879769181963e-002   2.622866563839578e+001   9.852306591593722e-003 2530.000 2829.000   10.000     0 C:\Studies\double_stars\hip\20091213\g074a006.fit
  1  0 2009 12 14  0 32 54      0 1936.42271 1573.69719    0.14158    0.13688       21.6   0   1    6 0 1 0 0 1  1.40000   1.366728556328855e-001   1.037582417053812e+000   1.267080001506893e+001   2.045062035553830e+003   9.881571569923756e-002  0.00221   2.213003412531746e-003   4.776029918455779e-002   1.777206135995385e-001   6.246565376833983e+000   9.523553194368074e-002 1935.000 1572.000   10.000     0 C:\Studies\double_stars\hip\20091213\g074a006.fit
  1  0 2009 12 14  0 32 54      0 2218.71941  608.04598    0.04366    0.04164       28.8   0   1    7 0 1 0 0 1  1.40000   1.317474147792297e-001   1.038660663238700e+000   2.609239824254877e+001   2.025878930881529e+003   7.911915977243984e-002  0.00065   6.484602293735716e-004   1.457797438418360e-002   1.120263134269704e-001   1.171808658049027e+001   2.868487134876289e-002 2219.000  608.000   10.000     0 C:\Studies\double_stars\hip\20091213\g074a006.fit
  1  0 2009 12 14  0 32 54      0 1861.13308  849.50103    0.08469    0.08061       23.4   0   1    8 0 1 0 0 1  1.40000   1.360584221366821e-001   1.040453710921656e+000   1.690351063924999e+001   2.038089558686349e+003   8.399957604014209e-002  0.00131   1.314705619273876e-003   2.864084704692580e-002   1.440108511039306e-001   8.323420612303840e+000   5.640084745626420e-002 1862.000  849.000   10.000     0 C:\Studies\double_stars\hip\20091213\g074a006.fit
  1  0 2009 12 14  0 32 54      0  491.71519  907.42666    0.15722    0.14956       22.5   0   1    9 0 1 0 0 1  1.40000   1.306509960806566e-001   1.069768165845157e+000   1.229393993334381e+001   2.043875065226026e+003   1.794293047241087e-001  0.00230   2.300137554793058e-003   5.340086785015411e-002   1.868470764955356e-001   7.686459191240026e+000   1.056959552243725e-001  492.000  906.000   10.000     0 C:\Studies\double_stars\hip\20091213\g074a006.fit
  1  0 2009 12 14  0 32 54      0  471.92254 1207.07217    0.05037    0.04935       26.0   0   1   10 0 1 0 0 1  1.40000   1.306280599069225e-001   1.033074172529817e+000   2.314014575287475e+001   2.031113307873317e+003   8.122076712072818e-002  0.00074   7.426010169386575e-004   1.673999269536014e-002   1.132860014228224e-001   9.814603534626990e+000   3.295203215866862e-002  472.000 1206.000   10.000     0 C:\Studies\double_stars\hip\20091213\g074a006.fit
  1  0 2009 12 14  0 32 54      0  428.11937  267.58219    0.11796    0.11190       21.9   0   1   11 0 1 0 0 1  1.40000   1.318302199356885e-001   1.022712671032380e+000   1.410691233294893e+001   2.035158507585246e+003   1.477607263196488e-001  0.00171   1.712096223967156e-003   3.768891147903582e-002   1.563053087293317e-001   7.584139801845921e+000   7.442638028759489e-002  430.000  267.000   10.000     0 C:\Studies\double_stars\hip\20091213\g074a006.fit
  1  0 2009 12 14  0 32 54      0  288.14638  322.56254    0.07613    0.07733       22.0   0   1   12 0 1 0 0 1  1.40000   1.445737709516285e-001   9.951275736889230e-001   1.689145363720108e+001   2.045157630324973e+003   1.954127420685663e-001  0.00133   1.326487910497926e-003   2.577014408630209e-002   1.390744542150056e-001   7.318615287363158e+000   5.130522452488933e-002  288.000  324.000   10.000     0 C:\Studies\double_stars\hip\20091213\g074a006.fit
  1  0 2009 12 14  0 32 54      0  142.43460  987.44176    0.14157    0.14716       23.3   0   1   13 0 1 0 0 1  1.40000   1.453876669353304e-001   9.770392867970927e-001   1.287769762479656e+001   2.046214803944432e+003   2.192712731621400e-001  0.00248   2.477525216563542e-003   4.684314118156755e-002   1.930193363420758e-001   6.773560703369165e+000   9.305891434986473e-002  144.000  986.000   10.000     0 C:\Studies\double_stars\hip\20091213\g074a006.fit
  1  0 2009 12 14  0 32 54      0  148.75925 1905.48602    0.05523    0.05394       24.6   0   1   14 0 1 0 0 1  1.40000   1.333389410654802e-001   1.007631465626866e+000   2.151446426705355e+001   2.031405094854930e+003   3.593204672758261e-002  0.00083   8.317047257980970e-004   1.792623648379409e-002   1.159390175647479e-001   9.146242916040619e+000   3.527507585617551e-002  150.000 1905.000   10.000     0 C:\Studies\double_stars\hip\20091213\g074a006.fit
