  1  0 2009 12 14  0 32 25      0 2241.04130 1687.82402    0.01438    0.01417      154.2   0   1    1 0 1 0 0 1  1.40000   1.488142314718320e-001   1.019682119433915e+000   1.032227166337218e+002   2.166308441251381e+003  -2.635960238247755e-002  0.00026   2.605410617130706e-004   5.085813780539485e-003   1.651054171757562e-001   4.682746916630153e+001   1.002871607637594e-002 2241.000 1687.000   10.000     0 C:\Studies\double_stars\hip\20091213\g074a005.fit
  1  0 2009 12 14  0 32 25      0 2384.83536 2163.62731    0.01309    0.01294      234.2   0   1    2 0 1 0 0 1  1.40000   1.469174849357774e-001   1.013747487643717e+000   1.333523436269626e+002   2.134116370564641e+003  -1.569304350020588e-002  0.00023   2.323546807859460e-004   4.568941288857699e-003   1.917302746013315e-001   7.477184134209300e+001   9.005086025893318e-003 2385.000 2163.000   10.000     0 C:\Studies\double_stars\hip\20091213\g074a005.fit
  1  0 2009 12 14  0 32 25      0 1562.35273 2402.42621    0.01380    0.01391      396.7   0   1    3 0 1 0 0 1  1.40000   1.474778322554450e-001   9.930555107370528e-001   1.682016412832819e+002   2.527633360462738e+003  -6.216558763467552e-003  0.00025   2.474940567645003e-004   4.749228498777380e-003   2.561808451415023e-001   1.302854468953535e+002   9.358814451448316e-003 1562.000 2402.000   10.000     0 C:\Studies\double_stars\hip\20091213\g074a005.fit
  1  0 2009 12 14  0 32 25      0 2600.44769 2141.31252    0.02001    0.01961       46.2   0   1    4 0 1 0 0 1  1.40000   1.451058071123361e-001   1.016252571738005e+000   4.801590911975791e+001   2.069686273575953e+003  -3.158197232765410e-003  0.00035   3.472584952811353e-004   6.932739155431853e-003   1.041037096422767e-001   1.534779453231648e+001   1.365775098190994e-002 2600.000 2141.000   10.000     0 C:\Studies\double_stars\hip\20091213\g074a005.fit
  1  0 2009 12 14  0 32 25      0 2530.13192 2828.49731    0.01643    0.01731       56.4   0   1    5 0 1 0 0 1  1.40000   1.373176280691437e-001   9.522266658411586e-001   5.835563804103073e+001   2.029895589844914e+003   8.566365936407040e-002  0.00027   2.655008048935265e-004   5.241848290556414e-003   9.783575740732725e-002   2.171318060480573e+001   1.032042602207200e-002 2531.000 2828.000   10.000     0 C:\Studies\double_stars\hip\20091213\g074a005.fit
  1  0 2009 12 14  0 32 25      0 1936.74250 1573.46245    0.13244    0.13716       22.5   0   1    6 0 1 0 0 1  1.40000   1.439965353378923e-001   9.685396982344011e-001   1.287060531888993e+001   2.044704299600393e+003  -1.709890851231908e-001  0.00230   2.304957715756185e-003   4.386080888827569e-002   1.842407182902994e-001   8.200849860739556e+000   8.711353947556411e-002 1937.000 1574.000   10.000     0 C:\Studies\double_stars\hip\20091213\g074a005.fit
  1  0 2009 12 14  0 32 25      0 2218.75750  607.76882    0.04084    0.04023       27.9   0   1    7 0 1 0 0 1  1.40000   1.509379541208518e-001   1.009605056035030e+000   2.596412671722887e+001   2.064969762826059e+003  -1.558176047696765e-002  0.00076   7.556712634500260e-004   1.439961229106038e-002   1.197422059839188e-001   8.881425272862579e+000   2.839751974776395e-002 2219.000  608.000   10.000     0 C:\Studies\double_stars\hip\20091213\g074a005.fit
  1  0 2009 12 14  0 32 25      0 1861.37041  849.07375    0.08477    0.08830       23.9   0   1    8 0 1 0 0 1  1.40000   1.560937142544569e-001   9.623680409484987e-001   1.642810781633284e+001   2.055889411539181e+003  -1.146822439017849e-001  0.00168   1.675923020837426e-003   2.931737450099124e-002   1.628029707803606e-001   7.300122659273331e+000   5.808603365820070e-002 1861.000  850.000   10.000     0 C:\Studies\double_stars\hip\20091213\g074a005.fit
  1  0 2009 12 14  0 32 25      0  492.16997  907.02871    0.13000    0.13710       20.3   0   1    9 0 1 0 0 1  1.40000   1.392282436070760e-001   9.886346633438666e-001   1.254531304566012e+001   2.043911209784076e+003  -9.506871740237488e-002  0.00215   2.152842064146271e-003   4.344519105678793e-002   1.680817130547498e-001   6.209144935408884e+000   8.583859117936077e-002  492.000  905.000   10.000     0 C:\Studies\double_stars\hip\20091213\g074a005.fit
  1  0 2009 12 14  0 32 25      0  471.95476 1206.61491    0.04859    0.04733       25.3   0   1   10 0 1 0 0 1  1.40000   1.480782607298968e-001   1.019953359792651e+000   2.287827258646118e+001   2.063574669990078e+003  -1.131057858688164e-002  0.00087   8.671652743533604e-004   1.701839935044576e-002   1.219341374696953e-001   7.630022518428278e+000   3.356776449455418e-002  471.000 1206.000   10.000     0 C:\Studies\double_stars\hip\20091213\g074a005.fit
  1  0 2009 12 14  0 32 25      0  428.22571  267.24765    0.11663    0.11180       22.5   0   1   11 0 1 0 0 1  1.40000   1.459115585190045e-001   1.033094570242942e+000   1.395761671590095e+001   2.045110857900890e+003   5.190454735028598e-002  0.00203   2.027396979996242e-003   4.089063080797430e-002   1.764368728270634e-001   7.166073484540636e+000   8.061577829693060e-002  429.000  267.000   10.000     0 C:\Studies\double_stars\hip\20091213\g074a005.fit
  1  0 2009 12 14  0 32 25      0  288.62411  322.43576    0.07543    0.07443       23.2   0   1   12 0 1 0 0 1  1.40000   1.462194377725021e-001   1.006728764653018e+000   1.745214717225539e+001   2.039953308140523e+003   3.312539463027971e-002  0.00133   1.327229676950437e-003   2.603767301420143e-002   1.439462706734229e-001   7.848897698424757e+000   5.132338565880307e-002  289.000  323.000   10.000     0 C:\Studies\double_stars\hip\20091213\g074a005.fit
  1  0 2009 12 14  0 32 25      0  142.40543  987.02726    0.12450    0.13420       21.8   0   1   13 0 1 0 0 1  1.40000   1.371130480775014e-001   9.371159880199539e-001   1.308992552461924e+001   2.035310911705510e+003   2.139423444747416e-001  0.00203   2.027553623237222e-003   3.903752162764403e-002   1.671800581822505e-001   8.734257193184147e+000   7.805841479019338e-002  143.000  988.000   10.000     0 C:\Studies\double_stars\hip\20091213\g074a005.fit
  1  0 2009 12 14  0 32 25      0  148.73548 1905.14812    0.05314    0.05344       24.7   0   1   14 0 1 0 0 1  1.40000   1.475992376175239e-001   9.886332508862812e-001   2.140467629871113e+001   2.050926891796085e+003   3.688448735714531e-002  0.00095   9.515319046641562e-004   1.815614518369435e-002   1.251151469423787e-001   8.099807933350345e+000   3.580583631314623e-002  148.000 1905.000   10.000     0 C:\Studies\double_stars\hip\20091213\g074a005.fit
