  1  0 2009 12 14  0 31 27      0 2240.16096 1689.17635    0.01443    0.01486      181.1   0   1    1 0 1 0 0 1  1.40000   1.666309817676916e-001   9.727373977330861e-001   1.093144510994045e+002   2.238832706552859e+003   9.526162824064444e-002  0.00032   3.163071335076347e-004   5.241463202936820e-003   1.964837539657629e-001   4.860072377013194e+001   1.038346015922951e-002 2240.000 1689.000   10.000     0 C:\Studies\double_stars\hip\20091213\g074a003.fit
  1  0 2009 12 14  0 31 27      0 2383.94746 2165.06749    0.01283    0.01319      267.5   0   1    2 0 1 0 0 1  1.40000   1.658248580124725e-001   9.734777831580865e-001   1.409299886135577e+002   2.374859192022342e+003   7.773231331726600e-002  0.00028   2.789190500818167e-004   4.651951820971189e-003   2.242435608370363e-001   7.283106635914582e+001   9.206537487897433e-003 2384.000 2165.000   10.000     0 C:\Studies\double_stars\hip\20091213\g074a003.fit
  1  0 2009 12 14  0 31 27      0 1561.46668 2403.87226    0.01171    0.01196      388.3   0   1    3 0 1 0 0 1  1.40000   1.643203872473520e-001   9.782351972163231e-001   1.781577732967176e+002   2.808099023789591e+003   1.036368952771940e-001  0.00025   2.503574283212129e-004   4.229558831996712e-003   2.560807336372172e-001   1.065266204580835e+002   8.380950634170655e-003 1561.000 2404.000   10.000     0 C:\Studies\double_stars\hip\20091213\g074a003.fit
  1  0 2009 12 14  0 31 27      0 2599.52932 2142.72621    0.01888    0.01950       51.5   0   1    4 0 1 0 0 1  1.40000   1.615795914001507e-001   9.728251859877072e-001   5.115612128047430e+001   2.063626806905862e+003   6.228974939364665e-002  0.00039   3.940093695089671e-004   6.744982167318585e-003   1.164879631333769e-001   1.397738085648214e+001   1.334331591275580e-002 2599.000 2142.000   10.000     0 C:\Studies\double_stars\hip\20091213\g074a003.fit
  1  0 2009 12 14  0 31 27      0 2529.27352 2829.92386    0.01633    0.01767       65.7   0   1    5 0 1 0 0 1  1.40000   1.533636873714416e-001   9.314251905743534e-001   6.168819439426785e+001   2.058609842682427e+003   1.644501333244405e-001  0.00032   3.169702722984383e-004   5.443079461500616e-003   1.161240708331622e-001   2.174667542147682e+001   1.081820295438193e-002 2529.000 2830.000   10.000     0 C:\Studies\double_stars\hip\20091213\g074a003.fit
  1  0 2009 12 14  0 31 27      0 1935.71920 1574.58709    0.11595    0.11984       22.0   0   1    6 0 1 0 0 1  1.40000   1.700433747326613e-001   9.832722892487844e-001   1.348333881650835e+001   2.050877086171612e+003   4.015337541452912e-002  0.00264   2.643407465316199e-003   4.345057252495312e-002   1.980340110657678e-001   5.018074737469997e+000   8.598816469878393e-002 1936.000 1573.000   10.000     0 C:\Studies\double_stars\hip\20091213\g074a003.fit
  1  0 2009 12 14  0 31 27      0 2217.96429  609.02350    0.03537    0.03602       28.2   0   1    7 0 1 0 0 1  1.40000   1.682104643553279e-001   9.818108421513846e-001   2.759757471288232e+001   2.072033921357453e+003   6.667605913996087e-002  0.00079   7.857280385562586e-004   1.303242612167051e-002   1.226992215504617e-001   7.430777263059948e+000   2.579228565055012e-002 2218.000  609.000   10.000     0 C:\Studies\double_stars\hip\20091213\g074a003.fit
  1  0 2009 12 14  0 31 27      0 1860.38737  850.49950    0.07424    0.07757       25.2   0   1    8 0 1 0 0 1  1.40000   1.712808176832408e-001   9.609791487696130e-001   1.789787276410867e+001   2.050993229841557e+003   7.513170839561062e-002  0.00171   1.708610413183402e-003   2.722637032236482e-002   1.699449585566159e-001   6.354134434490327e+000   5.392980662680973e-002 1860.000  850.000   10.000     0 C:\Studies\double_stars\hip\20091213\g074a003.fit
  1  0 2009 12 14  0 31 27      0  490.67720  908.50537    0.14336    0.14911       23.9   0   1    9 0 1 0 0 1  1.40000   1.542378273996725e-001   9.774009287118807e-001   1.282263714048822e+001   2.046696928412903e+003   1.806444277676943e-001  0.00277   2.772776697209013e-003   4.960042496881321e-002   2.085799926614492e-001   6.297604540525574e+000   9.842002998818583e-002  492.000  907.000   10.000     0 C:\Studies\double_stars\hip\20091213\g074a003.fit
  1  0 2009 12 14  0 31 27      0  470.98582 1207.93871    0.04518    0.04572       27.3   0   1   10 0 1 0 0 1  1.40000   1.672642353423948e-001   9.882373738062121e-001   2.407950200344475e+001   2.070258732512557e+003   2.329804580326078e-002  0.00099   9.932623363964007e-004   1.669113872598783e-002   1.358972460298238e-001   7.138850591641744e+000   3.301178264603052e-002  471.000 1209.000   10.000     0 C:\Studies\double_stars\hip\20091213\g074a003.fit
  1  0 2009 12 14  0 31 27      0  427.23152  268.43346    0.10543    0.10034       22.3   0   1   11 0 1 0 0 1  1.40000   1.634846326067679e-001   1.037296312302366e+000   1.456633568092143e+001   2.049835719780150e+003   2.087671216444849e-001  0.00219   2.193444271420780e-003   3.920218590253693e-002   1.834140827198840e-001   5.220060806590610e+000   7.803481452237651e-002  429.000  268.000   10.000     0 C:\Studies\double_stars\hip\20091213\g074a003.fit
  1  0 2009 12 14  0 31 27      0  287.66800  323.58156    0.07296    0.07115       24.7   0   1   12 0 1 0 0 1  1.40000   1.686701514066524e-001   1.018741129660848e+000   1.815726925671199e+001   2.053844658236968e+003   5.120386270993723e-002  0.00161   1.612486303908972e-003   2.768556362010295e-002   1.661221138081677e-001   6.171222385470920e+000   5.479405625547951e-002  287.000  324.000   10.000     0 C:\Studies\double_stars\hip\20091213\g074a003.fit
  1  0 2009 12 14  0 31 27      0  141.37524  988.34271    0.11957    0.11881       22.7   0   1   13 0 1 0 0 1  1.40000   1.595786416920877e-001   9.900636685134792e-001   1.368366907661936e+001   2.044778092404340e+003   5.250859644332491e-003  0.00241   2.408684986369334e-003   4.253186970409714e-002   1.914675550299958e-001   5.844815383337729e+000   8.406826600937283e-002  143.000  988.000   10.000     0 C:\Studies\double_stars\hip\20091213\g074a003.fit
  1  0 2009 12 14  0 31 27      0  147.81047 1906.50579    0.04751    0.04905       24.6   0   1   14 0 1 0 0 1  1.40000   1.586906726453577e-001   9.685453232180140e-001   2.233081050506375e+001   2.052447833687007e+003   4.629096130450544e-002  0.00096   9.612702203816771e-004   1.669332290475355e-002   1.254151379689262e-001   6.946477959589913e+000   3.299672825567782e-002  147.000 1906.000   10.000     0 C:\Studies\double_stars\hip\20091213\g074a003.fit
