  1  0 2009 12 14  0 33 23      0 2240.72709 1687.83080    0.01666    0.01539      165.0   0   1    1 0 1 0 0 1  1.40000   1.352665466960027e-001   1.067955103416452e+000   1.013186439000594e+002   1.987479584559177e+003  -8.647899059484851e-002  0.00026   2.556144442467258e-004   5.752789940663587e-003   1.702592748946974e-001   6.157140639250508e+001   1.133610122020134e-002 2241.000 1688.000   10.000     0 C:\Studies\double_stars\hip\20091213\g074a007.fit
  1  0 2009 12 14  0 33 23      0 2384.46739 2163.61365    0.01508    0.01390      247.0   0   1    2 0 1 0 0 1  1.40000   1.327188076782555e-001   1.075658805260094e+000   1.311852725974323e+002   1.789369148595369e+003  -7.718832569235513e-002  0.00022   2.240868123295418e-004   5.180299943530500e-003   1.947096022451375e-001   8.909449235463562e+001   1.020953321565328e-002 2385.000 2163.000   10.000     0 C:\Studies\double_stars\hip\20091213\g074a007.fit
  1  0 2009 12 14  0 33 23      0 1562.08550 2402.43581    0.01744    0.01614      459.3   0   1    3 0 1 0 0 1  1.40000   1.323948308231070e-001   1.062625516016811e+000   1.665679193929686e+002   1.774916839308358e+003  -7.609853940848546e-002  0.00026   2.574682242283307e-004   5.892998805586857e-003   2.833016373290279e-001   1.675483738835193e+002   1.162248205538371e-002 1563.000 2402.000   10.000     0 C:\Studies\double_stars\hip\20091213\g074a007.fit
  1  0 2009 12 14  0 33 23      0 2600.05310 2141.30956    0.02167    0.02024       47.0   0   1    4 0 1 0 0 1  1.40000   1.344887449514962e-001   1.062613242151790e+000   4.741447934562709e+001   2.033461069109275e+003  -7.495355910654403e-002  0.00033   3.305028360132705e-004   7.446900076265488e-003   1.031075136419020e-001   1.752439104958533e+001   1.466084107171900e-002 2600.000 2141.000   10.000     0 C:\Studies\double_stars\hip\20091213\g074a007.fit
  1  0 2009 12 14  0 33 23      0 2529.76976 2828.49245    0.01938    0.01886       61.3   0   1    5 0 1 0 0 1  1.40000   1.250718165042570e-001   1.008782082726105e+000   5.751216898045777e+001   1.977357353405150e+003   4.825820054128894e-003  0.00027   2.663191793681349e-004   6.137220233245051e-003   1.030437649360574e-001   2.852743146102424e+001   1.203767879103344e-002 2529.000 2829.000   10.000     0 C:\Studies\double_stars\hip\20091213\g074a007.fit
  1  0 2009 12 14  0 33 23      0 1936.36957 1573.45001    0.15397    0.13628       21.5   0   1    6 0 1 0 0 1  1.40000   1.299616240115473e-001   1.106476699353675e+000   1.244491019863392e+001   2.046316998796795e+003  -8.573270793925128e-002  0.00216   2.164814974133121e-003   5.252655995156699e-002   1.780438135600012e-001   6.461152767544877e+000   1.045336873086174e-001 1938.000 1572.000   10.000     0 C:\Studies\double_stars\hip\20091213\g074a007.fit
  1  0 2009 12 14  0 33 23      0 2218.45231  607.77604    0.04372    0.04057       27.7   0   1    7 0 1 0 0 1  1.40000   1.348939720576725e-001   1.062793677656142e+000   2.561793440270205e+001   2.044098564157854e+003  -1.161864630959865e-001  0.00067   6.680544146915828e-004   1.498246823288284e-002   1.124747668192704e-001   1.038970208436080e+001   2.956778923039912e-002 2218.000  608.000   10.000     0 C:\Studies\double_stars\hip\20091213\g074a007.fit
  1  0 2009 12 14  0 33 23      0 1860.80590  849.25454    0.08887    0.08370       22.6   0   1    8 0 1 0 0 1  1.40000   1.265019649330052e-001   1.041300308464461e+000   1.638045330561641e+001   2.033560176213310e+003  -1.211824977431712e-001  0.00123   1.230491549458268e-003   2.883989057516872e-002   1.358210078201158e-001   9.667167547873982e+000   5.694720863824060e-002 1860.000  850.000   10.000     0 C:\Studies\double_stars\hip\20091213\g074a007.fit
  1  0 2009 12 14  0 33 23      0  491.28068  906.88463    0.17279    0.14896       21.3   0   1    9 0 1 0 0 1  1.40000   1.200989310975739e-001   1.139974057474988e+000   1.175593479394229e+001   2.046769622650847e+003  -1.143495227871823e-001  0.00216   2.158034407319377e-003   5.854799122851236e-002   1.782899786295953e-001   8.345506799543591e+000   1.155064054119150e-001  492.000  906.000   10.000     0 C:\Studies\double_stars\hip\20091213\g074a007.fit
  1  0 2009 12 14  0 33 23      0  471.71649 1206.61728    0.05555    0.05197       27.5   0   1   10 0 1 0 0 1  1.40000   1.276355836754163e-001   1.045977637849282e+000   2.306112281094707e+001   2.023641654306908e+003  -1.216887541891548e-001  0.00077   7.722659418067943e-004   1.801060827949403e-002   1.186912377428845e-001   1.039547327598474e+001   3.571279782385376e-002  473.000 1206.000   10.000     0 C:\Studies\double_stars\hip\20091213\g074a007.fit
  1  0 2009 12 14  0 33 23      0  427.84063  266.95332    0.13269    0.11928       23.7   0   1   11 0 1 0 0 1  1.40000   1.343903758468756e-001   1.108626047798841e+000   1.376437873777700e+001   2.042622074826472e+003  -4.455082320902996e-002  0.00200   2.002557368794898e-003   4.716881521559675e-002   1.822431980433234e-001   7.826685429793008e+000   9.279910182567351e-002  428.000  266.000   10.000     0 C:\Studies\double_stars\hip\20091213\g074a007.fit
  1  0 2009 12 14  0 33 23      0  288.20238  322.33437    0.08888    0.08298       23.9   0   1   12 0 1 0 0 1  1.40000   1.211236083464501e-001   1.053625905387631e+000   1.693311648608739e+001   2.027509353376672e+003  -1.736662783626075e-002  0.00116   1.157140269811820e-003   2.879434156814889e-002   1.355929713430397e-001   1.167551457287998e+001   5.641705880013243e-002  288.000  323.000   10.000     0 C:\Studies\double_stars\hip\20091213\g074a007.fit
  1  0 2009 12 14  0 33 23      0  141.92500  986.95067    0.13935    0.12941       22.0   0   1   13 0 1 0 0 1  1.40000   1.321987984214136e-001   1.052853664857825e+000   1.287517885745962e+001   2.041390260832879e+003   1.732663833616301e-002  0.00205   2.053718947145983e-003   4.669935163179189e-002   1.748399945165179e-001   8.428505582777655e+000   9.181284127842482e-002  141.000  987.000   10.000     0 C:\Studies\double_stars\hip\20091213\g074a007.fit
  1  0 2009 12 14  0 33 23      0  148.47256 1905.09876    0.06180    0.05730       25.6   0   1   14 0 1 0 0 1  1.40000   1.255814932625035e-001   1.079641061367069e+000   2.107420845776761e+001   2.032856941506178e+003  -8.043605431011075e-002  0.00084   8.438373413351275e-004   2.070738385839670e-002   1.206209820598896e-001   9.660776529075758e+000   4.080652609661823e-002  149.000 1904.000   10.000     0 C:\Studies\double_stars\hip\20091213\g074a007.fit
