  1  0 2009 12 14  0 30 30      0 2239.68501 1688.63964    0.01426    0.01379      168.8   0   1    1 0 1 0 0 1  1.40000   1.535770136516136e-001   1.031287352469548e+000   1.086267427168163e+002   2.069521332621145e+003   8.156131117873450e-002  0.00027   2.701000594571735e-004   5.157654494290505e-003   1.769316264189240e-001   4.743108642257458e+001   1.020434369464044e-002 2239.000 1688.000   10.000     0 C:\Studies\double_stars\hip\20091213\g074a001.fit
  1  0 2009 12 14  0 30 30      0 2383.45232 2164.55112    0.01253    0.01218      247.2   0   1    2 0 1 0 0 1  1.40000   1.549491848654465e-001   1.027470040995932e+000   1.398058955962346e+002   2.213091341722326e+003   7.261337640098883e-002  0.00024   2.411905544442392e-004   4.549004536018099e-003   2.023852362998889e-001   6.987097568125286e+001   8.994041077833531e-003 2383.000 2164.000   10.000     0 C:\Studies\double_stars\hip\20091213\g074a001.fit
  1  0 2009 12 14  0 30 30      0 1560.97235 2403.37510    0.01177    0.01167      376.9   0   1    3 0 1 0 0 1  1.40000   1.562109635211615e-001   1.009263977947574e+000   1.770428386112886e+002   2.630971952806294e+003   8.747536989305024e-002  0.00023   2.305694245746879e-004   4.234075209885964e-003   2.433558062718802e-001   1.092913758051747e+002   8.372823196559683e-003 1561.000 2403.000   10.000     0 C:\Studies\double_stars\hip\20091213\g074a001.fit
  1  0 2009 12 14  0 30 30      0 2599.00649 2142.18605    0.01942    0.01884       49.7   0   1    4 0 1 0 0 1  1.40000   1.532632020291042e-001   1.027111878481216e+000   5.033940587361474e+001   2.079607103980513e+003   6.647105782884999e-002  0.00037   3.671795190995315e-004   7.001953648628933e-003   1.119816276067504e-001   1.485278279107291e+001   1.382966982413544e-002 2599.000 2142.000   10.000     0 C:\Studies\double_stars\hip\20091213\g074a001.fit
  1  0 2009 12 14  0 30 30      0 2528.73484 2829.44268    0.01474    0.01541       56.3   0   1    5 0 1 0 0 1  1.40000   1.442822666649503e-001   9.658629858282604e-001   6.104610937594013e+001   2.037626645528567e+003   1.523422192559494e-001  0.00026   2.578805738309260e-004   4.891368181477165e-003   9.740227089292862e-002   1.992359623172011e+001   9.691401390211194e-003 2529.000 2829.000   10.000     0 C:\Studies\double_stars\hip\20091213\g074a001.fit
  1  0 2009 12 14  0 30 30      0 1935.12659 1574.35540    0.12148    0.11478       23.0   0   1    6 0 1 0 0 1  1.40000   1.425134868227563e-001   1.040836177787613e+000   1.395301382225113e+001   2.038209127870242e+003  -5.907444043383610e-003  0.00202   2.020452817688823e-003   4.207219004202810e-002   1.779254233279677e-001   7.353885424100445e+000   8.291516240471436e-002 1934.000 1574.000   10.000     0 C:\Studies\double_stars\hip\20091213\g074a001.fit
  1  0 2009 12 14  0 30 30      0 2217.49610  608.57100    0.03877    0.03687       29.7   0   1    7 0 1 0 0 1  1.40000   1.501814061963903e-001   1.041014450266179e+000   2.771820175902190e+001   2.041253454454802e+003   3.069067753198934e-002  0.00071   7.054903988226884e-004   1.393089508134496e-002   1.203061603607901e-001   9.150973224793804e+000   2.748231061292797e-002 2217.000  609.000   10.000     0 C:\Studies\double_stars\hip\20091213\g074a001.fit
  1  0 2009 12 14  0 30 30      0 1859.85798  850.10540    0.07176    0.06968       22.7   0   1    8 0 1 0 0 1  1.40000   1.637430102691891e-001   1.026365364621921e+000   1.760872573446257e+001   2.051051819550781e+003   6.130153611659318e-002  0.00151   1.510873563954386e-003   2.692737728149404e-002   1.543464638464673e-001   6.000435449603335e+000   5.326032951011366e-002 1860.000  850.000   10.000     0 C:\Studies\double_stars\hip\20091213\g074a001.fit
  1  0 2009 12 14  0 30 30      0  490.27775  908.00625    0.13788    0.11988       22.5   0   1    9 0 1 0 0 1  1.40000   1.482080381586883e-001   1.131256459334430e+000   1.306356970860583e+001   2.049435703465117e+003   8.630064193084171e-002  0.00241   2.408818855077841e-003   5.234848752864521e-002   1.975092102891226e-001   6.250620452744327e+000   1.035104611356043e-001  491.000  909.000   10.000     0 C:\Studies\double_stars\hip\20091213\g074a001.fit
  1  0 2009 12 14  0 30 30      0  470.62876 1207.58401    0.04461    0.04207       26.1   0   1   10 0 1 0 0 1  1.40000   1.516582180108411e-001   1.048247891353818e+000   2.423102525987167e+001   2.055375763444120e+003   5.141151028641583e-002  0.00082   8.225796017487452e-004   1.618831708404336e-002   1.219498191545211e-001   7.756084571724205e+000   3.195941470526427e-002  470.000 1208.000   10.000     0 C:\Studies\double_stars\hip\20091213\g074a001.fit
  1  0 2009 12 14  0 30 30      0  426.97049  268.22932    0.08913    0.08848       20.5   0   1   11 0 1 0 0 1  1.40000   1.572622186217238e-001   1.013359214076768e+000   1.502903890523158e+001   2.044668898245431e+003   1.138508145461136e-003  0.00177   1.767628231095825e-003   3.241609121683058e-002   1.571700276099075e-001   5.533365944412322e+000   6.405302546538816e-002  427.000  270.000   10.000     0 C:\Studies\double_stars\hip\20091213\g074a001.fit
  1  0 2009 12 14  0 30 30      0  287.17220  323.18084    0.06849    0.06654       23.1   0   1   12 0 1 0 0 1  1.40000   1.659788225235089e-001   1.022941349407996e+000   1.816435109460308e+001   2.051969954550978e+003   7.687716760286116e-002  0.00147   1.472746650332310e-003   2.578903119722411e-002   1.533107971527416e-001   5.797067080711496e+000   5.103934000048040e-002  288.000  323.000   10.000     0 C:\Studies\double_stars\hip\20091213\g074a001.fit
  1  0 2009 12 14  0 30 30      0  140.84720  988.21092    0.12880    0.13163       23.5   0   1   13 0 1 0 0 1  1.40000   1.702936947035466e-001   9.871856861150717e-001   1.324058187604811e+001   2.053862826234742e+003   1.576009586768821e-001  0.00293   2.929770301101814e-003   4.799015033313959e-002   2.157000556416412e-001   5.369727845036507e+000   9.566902703579497e-002  140.000  987.000   10.000     0 C:\Studies\double_stars\hip\20091213\g074a001.fit
  1  0 2009 12 14  0 30 30      0  147.32729 1906.12430    0.05050    0.04868       25.7   0   1   14 0 1 0 0 1  1.40000   1.571332591713006e-001   1.033069784982213e+000   2.242038440245053e+001   2.057202570114852e+003   9.618807029718045e-002  0.00099   9.924659344025043e-004   1.853930643765232e-002   1.327491376454917e-001   7.236098540891686e+000   3.669269681528117e-002  147.000 1906.000   10.000     0 C:\Studies\double_stars\hip\20091213\g074a001.fit
