0.012594216594483 0.0240644991451894
-0.0492287091609709 -0.0244717818511075
-0.0182806642721673 0.0233501555604454
-0.0113964301268767 -0.00921884209015578
-0.0243158396821236 -0.0526322379140452
0.884005659269156 0.403770249268801
0.0289820621709542 0.0791920976439294
0.0514792624931295 -0.0551203302017201
-0.00188479416195435 0.393444821730095
-0.132894570613658 -0.250886998690564
0.262017713931618 -0.356571295198749
-0.434655079082016 -0.0616560620780602
-0.00519186242804926 0.242448249756915
0.234786879727914 0.11848842427105
