2240.64867 1688.2632175 0.0143525 0.01399875
2384.40467375 2164.10654125 0.01328 0.01294125
1561.96945 2402.93056125 0.01316625 0.0129425
2599.98674875 2141.7692925 0.019765 0.01933125
2529.6996025 2828.992605 0.015685 0.0163275
1936.16947625 1573.817025 0.1325025 0.12671875
2218.41920875 608.16613 0.03939625 0.03827625
1860.85632375 849.61859875 0.0791475 0.07766625
491.34014625 907.51274625 0.14023375 0.13343
471.55863 1207.08684625 0.047775 0.0462875
427.807395 267.6433375 0.10867375 0.10310125
288.10625375 322.74231875 0.07465125 0.0730725
141.9403675 987.5450575 0.12366125 0.1238675
148.36848 1905.61213875 0.051765 0.0506575
