  1  0 2011  2 16 20  6 50      0 2318.25153 1690.81272    0.01279    0.01241       97.4   0   1    1 0 1 0 0 1  1.40000   1.550938644767371e-001   1.022110211182064e+000   8.682154833426866e+001   3.038061440107186e+003  -1.208144155915770e-001  0.00025   2.459515006334795e-004   4.599869873116784e-003   1.280895906432401e-001   2.817312772306023e+001   9.114113237114701e-003 2319.000 1691.000   10.000     0 C:\Users\akhodyre\Studies\hip\20110216\g074a007.fit
  1  0 2011  2 16 20  6 50      0 2461.89550 2166.54185    0.01138    0.01100      147.1   0   1    2 0 1 0 0 1  1.40000   1.533944520229519e-001   1.034999115314807e+000   1.133261074241349e+002   3.115316305155317e+003  -1.101493523272413e-001  0.00022   2.154765137820602e-004   4.129523745141403e-003   1.477594877192760e-001   4.240489551597135e+001   8.173517226193671e-003 2462.000 2166.000   10.000     0 C:\Users\akhodyre\Studies\hip\20110216\g074a007.fit
  1  0 2011  2 16 20  6 50      0 1639.49198 2405.55958    0.01214    0.01161      244.3   0   1    3 0 1 0 0 1  1.40000   1.552225205585421e-001   1.036741943921945e+000   1.414234887450360e+002   3.688731355506997e+003  -8.136917762281214e-002  0.00023   2.332347970751848e-004   4.429448253984619e-003   1.985483755509792e-001   7.067210314882860e+001   8.758709088536237e-003 1639.000 2406.000   10.000     0 C:\Users\akhodyre\Studies\hip\20110216\g074a007.fit
  1  0 2011  2 16 20  6 50      0 2677.65735 2144.41069    0.02653    0.02571       45.1   0   1    4 0 1 0 0 1  1.40000   1.489212667173663e-001   1.025377658718844e+000   4.112677464444195e+001   2.949182230519900e+003  -9.135596432957321e-002  0.00048   4.786240937160512e-004   9.371861542608422e-003   1.213936731695091e-001   1.440086649982886e+001   1.851780742227881e-002 2678.000 2145.000   10.000     0 C:\Users\akhodyre\Studies\hip\20110216\g074a007.fit
  1  0 2011  2 16 20  6 50      0 2607.24528 2831.47679    0.02125    0.02183       52.6   0   1    5 0 1 0 0 1  1.40000   1.376870549809810e-001   9.726174798152090e-001   4.974804913112084e+001   2.893680853080546e+003  -2.321198556560747e-002  0.00034   3.429217147386910e-004   6.908583861633672e-003   1.082850491535547e-001   1.984469723806696e+001   1.360071272924352e-002 2608.000 2831.000   10.000     0 C:\Users\akhodyre\Studies\hip\20110216\g074a007.fit
  1  0 2011  2 16 20  6 50      0 2013.51178 1576.75047    0.31370    0.29897       39.5   0   1    6 0 1 0 0 1  1.40000   2.079496647076394e-001   1.039585648024099e+000   1.122018281977439e+001   2.970335080161024e+003  -2.887867307641106e-001  0.01004   1.004231689126376e-002   1.398705150666795e-001   5.226410162361884e-001   5.408962872541904e+000   2.809260082553476e-001 2010.000 1575.000   10.000     0 C:\Users\akhodyre\Studies\hip\20110216\g074a007.fit
  1  0 2011  2 16 20  6 50      0 2296.04538  610.66718    0.07537    0.07389       39.7   0   1    8 0 1 0 0 1  1.40000   1.636612642682813e-001   1.016080888736985e+000   2.265776323559332e+001   2.965640538628478e+003  -6.883638423064421e-002  0.00159   1.588179279174988e-003   2.802699127156402e-002   2.086545591633203e-001   1.071264821064364e+001   5.545355160380840e-002 2296.000  611.000   10.000     0 C:\Users\akhodyre\Studies\hip\20110216\g074a007.fit
  1  0 2011  2 16 20  6 50      0 1938.79712  852.30880    0.19305    0.17485       36.9   0   1    9 0 1 0 0 1  1.40000   1.419277837164930e-001   1.079492019463401e+000   1.413943736675638e+001   2.943704433743562e+003   4.385096658295169e-003  0.00316   3.156835712058628e-003   6.848495232164562e-002   2.843039335389013e-001   1.136113739541100e+001   1.349741419670562e-001 1940.000  852.000   10.000     0 C:\Users\akhodyre\Studies\hip\20110216\g074a007.fit
  1  0 2011  2 16 20  6 50      0  568.76302  909.93962    0.36167    0.35052       37.6   0   1   10 0 1 0 0 1  1.40000   1.516049339836702e-001   1.023802536728793e+000   1.018655174108879e+001   2.959004387943261e+003  -7.244356385612284e-002  0.00670   6.702202459107133e-003   1.287407404331212e-001   4.151050118042548e-001   1.114480195512355e+001   2.545969229239882e-001  568.000  911.000   10.000     0 C:\Users\akhodyre\Studies\hip\20110216\g074a007.fit
  1  0 2011  2 16 20  6 50      0  549.05362 1209.77307    0.10032    0.09229       37.0   0   1   11 0 1 0 0 1  1.40000   1.464492105308912e-001   1.076451330657981e+000   1.940413178897172e+001   2.960060539698773e+003  -1.205373641241835e-001  0.00174   1.743102599129347e-003   3.641674225881659e-002   2.126814562597499e-001   1.162565929008851e+001   7.203726282520030e-002  549.000 1210.000   10.000     0 C:\Users\akhodyre\Studies\hip\20110216\g074a007.fit
  1  0 2011  2 16 20  6 50      0  505.39071  270.42985    0.22629    0.24832       35.9   0   1   12 0 1 0 0 1  1.40000   1.721991238049045e-001   9.174630517888285e-001   1.210525960908363e+001   2.926940736211933e+003   2.966277953986572e-002  0.00530   5.304759055136952e-003   8.039966201872970e-002   3.530827358353504e-001   9.405683400650588e+000   1.589835128181231e-001  505.000  270.000   10.000     0 C:\Users\akhodyre\Studies\hip\20110216\g074a007.fit
  1  0 2011  2 16 20  6 50      0  365.49514  325.49241    0.18036    0.16154       35.9   0   1   13 0 1 0 0 1  1.40000   1.628170595886602e-001   1.108230330138422e+000   1.429898888772453e+001   2.933749931624306e+003  -2.951446897182924e-001  0.00370   3.696412653910265e-003   7.035263862566968e-002   3.076821683134334e-001   8.122329897254105e+000   1.409656979304192e-001  364.000  325.000   10.000     0 C:\Users\akhodyre\Studies\hip\20110216\g074a007.fit
  1  0 2011  2 16 20  6 50      0  219.86743  990.12944    0.31295    0.31374       35.6   0   1   14 0 1 0 0 1  1.40000   1.611566935834671e-001   9.913438438270482e-001   1.062448898198839e+001   2.939436118770972e+003   1.502422679918592e-001  0.00642   6.424913343757195e-003   1.117658117343710e-001   3.902301224297063e-001   8.451817054576093e+000   2.219580386610844e-001  218.000  992.000   10.000     0 C:\Users\akhodyre\Studies\hip\20110216\g074a007.fit
  1  0 2011  2 16 20  6 50      0   30.49125 1331.96137    0.17828    0.18420       38.6   0   1   18 0 1 0 0 1  1.40000   1.233836127468358e-001   9.903441534738532e-001   1.500793735763085e+001   2.915264928901463e+003  -2.509056702681982e-001  0.00244   2.442334171629564e-003   5.511514688745913e-002   2.442138449924353e-001   1.687153200068359e+001   1.110403152992679e-001   31.000 1331.000   10.000     0 C:\Users\akhodyre\Studies\hip\20110216\g074a007.fit
  1  0 2011  2 16 20  6 50      0  225.90391 1908.05435    0.12189    0.12463       39.3   0   1   19 0 1 0 0 1  1.40000   1.466853594406131e-001   1.001296917224483e+000   1.804511266809609e+001   2.930310012993065e+003  -9.985628979268617e-002  0.00217   2.173977101867185e-003   4.212781056461903e-002   2.368321290240958e-001   1.023041251287548e+001   8.392934866471959e-002  227.000 1906.000   10.000     0 C:\Users\akhodyre\Studies\hip\20110216\g074a007.fit
