  1  0 2011  2 16 20  6 22      0 2318.09379 1690.82986    0.01315    0.01309      135.9   0   1    1 0 1 0 0 1  1.40000   1.793848881594542e-001   1.003035930586392e+000   9.941919037118937e+001   2.962138996312859e+003   3.550840715795517e-002  0.00032   3.237856606810088e-004   5.144872541540077e-003   1.746102671531316e-001   3.130125225919715e+001   1.019140053059905e-002 2318.000 1691.000   10.000     0 C:\Users\akhodyre\Studies\hip\20110216\g074a006.fit
  1  0 2011  2 16 20  6 22      0 2461.68528 2166.50360    0.01156    0.01152      205.8   0   1    2 0 1 0 0 1  1.40000   1.772751605407238e-001   1.004416030819306e+000   1.306785652189005e+002   2.899885567775611e+003   3.223087700267235e-002  0.00028   2.793748893307213e-004   4.499198613576003e-003   1.993628153178390e-001   4.702529287720552e+001   8.908362797669964e-003 2462.000 2166.000   10.000     0 C:\Users\akhodyre\Studies\hip\20110216\g074a006.fit
  1  0 2011  2 16 20  6 22      0 1639.33146 2405.54289    0.01134    0.01157      326.7   0   1    3 0 1 0 0 1  1.40000   1.827923628656935e-001   9.816830782402051e-001   1.651182094962252e+002   3.293438089614784e+003   2.636194572038843e-002  0.00029   2.896729909619178e-004   4.420891066197905e-003   2.545882960876126e-001   7.210826305838415e+001   8.758275277078861e-003 1639.000 2405.000   10.000     0 C:\Users\akhodyre\Studies\hip\20110216\g074a006.fit
  1  0 2011  2 16 20  6 22      0 2677.34772 2144.29641    0.02191    0.02163       49.7   0   1    4 0 1 0 0 1  1.40000   1.739511465396195e-001   1.009967578379384e+000   4.681605139591537e+001   2.891420018156269e+003   1.721537839346314e-002  0.00051   5.114544585392002e-004   8.443815617061350e-003   1.326322114588452e-001   1.167823895345127e+001   1.671089881279185e-002 2678.000 2144.000   10.000     0 C:\Users\akhodyre\Studies\hip\20110216\g074a006.fit
  1  0 2011  2 16 20  6 22      0 2607.02026 2831.50758    0.01761    0.01885       60.2   0   1    5 0 1 0 0 1  1.40000   1.657401577379943e-001   9.385172145017641e-001   5.654255339290572e+001   2.870854207177326e+003   1.276402649262676e-001  0.00039   3.858907116747385e-004   6.190552400376498e-003   1.237621415751294e-001   1.708440970606782e+001   1.228250166593353e-002 2607.000 2832.000   10.000     0 C:\Users\akhodyre\Studies\hip\20110216\g074a006.fit
  1  0 2011  2 16 20  6 22      0 2013.87296 1576.98688    0.23036    0.19675       36.2   0   1    6 0 1 0 0 1  1.40000   1.919698021153795e-001   1.165690212470270e+000   1.268605592866991e+001   2.900770973058288e+003  -2.098011534946226e-001  0.00624   6.244636732847124e-003   1.068558776199847e-001   4.127665876075222e-001   6.345007111419807e+000   2.133364006841891e-001 2013.000 1577.000   10.000     0 C:\Users\akhodyre\Studies\hip\20110216\g074a006.fit
  1  0 2011  2 16 20  6 22      0 2295.92406  610.73546    0.05696    0.05569       37.9   0   1   12 0 1 0 0 1  1.40000   1.732371846321911e-001   1.021226207323023e+000   2.546598988191294e+001   2.888720818252188e+003   1.292486126669084e-001  0.00132   1.318743900838277e-003   2.201857355251118e-002   1.859277530156675e-001   8.468241930370859e+000   4.368572962618268e-002 2297.000  610.000   10.000     0 C:\Users\akhodyre\Studies\hip\20110216\g074a006.fit
  1  0 2011  2 16 20  6 22      0 1938.49549  852.50406    0.12329    0.12907       36.7   0   1   13 0 1 0 0 1  1.40000   1.809272314926769e-001   9.594308362797289e-001   1.669191514070889e+001   2.880699744451881e+003  -1.239139176574855e-001  0.00311   3.109812838420533e-003   4.668391976344969e-002   2.772999841967562e-001   8.354438634993976e+000   9.279598876001748e-002 1939.000  852.000   10.000     0 C:\Users\akhodyre\Studies\hip\20110216\g074a006.fit
  1  0 2011  2 16 20  6 22      0  569.27223  909.96462    0.22280    0.23864       34.7   0   1   14 0 1 0 0 1  1.40000   1.887372722025738e-001   9.377199947823398e-001   1.203200211515716e+001   2.895313986182520e+003   1.400999529286016e-001  0.00607   6.067992623367376e-003   8.518843750927023e-002   3.745351201945597e-001   6.982617937359102e+000   1.698213804252215e-001  568.000  909.000   10.000     0 C:\Users\akhodyre\Studies\hip\20110216\g074a006.fit
  1  0 2011  2 16 20  6 22      0  549.18776 1209.74662    0.07313    0.07567       39.2   0   1   15 0 1 0 0 1  1.40000   1.820412348162271e-001   9.709819024245791e-001   2.247095448952191e+001   2.895555575873820e+003  -3.388282495720994e-002  0.00186   1.861540266105191e-003   2.821496905996549e-002   2.228023985995279e-001   8.716545978497733e+000   5.588691390774413e-002  549.000 1209.000   10.000     0 C:\Users\akhodyre\Studies\hip\20110216\g074a006.fit
  1  0 2011  2 16 20  6 22      0  505.72521  270.37999    0.19042    0.18892       35.3   0   1   16 0 1 0 0 1  1.40000   1.666485825753489e-001   1.011487468050459e+000   1.348888953206375e+001   2.863019737953945e+003  -1.513683359419074e-001  0.00415   4.153528261946032e-003   7.129286890454321e-002   3.158882627440784e-001   7.816335313961356e+000   1.422465431409320e-001  507.000  269.000   10.000     0 C:\Users\akhodyre\Studies\hip\20110216\g074a006.fit
  1  0 2011  2 16 20  6 22      0  365.55831  325.65327    0.11080    0.11507       34.6   0   1   17 0 1 0 0 1  1.40000   1.908527930008202e-001   9.624190820838984e-001   1.707248303593242e+001   2.870642868180709e+003  -8.041862056359188e-002  0.00305   3.050755147242178e-003   4.363004844088071e-002   2.681214796567077e-001   7.358605084633590e+000   8.660913145905599e-002  365.000  326.000   10.000     0 C:\Users\akhodyre\Studies\hip\20110216\g074a006.fit
  1  0 2011  2 16 20  6 22      0  219.83287  989.84248    0.19647    0.19647       33.9   0   1   18 0 1 0 0 1  1.40000   1.668833495826971e-001   9.971267519815961e-001   1.296249902455923e+001   2.865803822712528e+003  -5.063133178999568e-002  0.00429   4.289011045650353e-003   7.285253931206266e-002   3.144585446697230e-001   8.094880253293775e+000   1.443192480782475e-001  221.000  989.000   10.000     0 C:\Users\akhodyre\Studies\hip\20110216\g074a006.fit
  1  0 2011  2 16 20  6 22      0   30.73936 1332.09148    0.11125    0.10928       38.0   0   1   19 0 1 0 0 1  1.40000   1.642246260625823e-001   1.023848453712018e+000   1.830198266562104e+001   2.855694126048451e+003  -6.557832672341906e-003  0.00237   2.365171921629171e-003   4.195625452643698e-002   2.491336635351802e-001   9.314420191751028e+000   8.294098632153622e-002   31.000 1331.000   10.000     0 C:\Users\akhodyre\Studies\hip\20110216\g074a006.fit
  1  0 2011  2 16 20  6 22      0  225.73789 1908.11911    0.07642    0.07869       34.9   0   1   20 0 1 0 0 1  1.40000   1.844724837894911e-001   9.656077192530876e-001   2.077727479850668e+001   2.878436097996100e+003   3.418493092304558e-002  0.00198   1.981317314634646e-003   2.946566876094293e-002   2.166025998620600e-001   7.485819221918717e+000   5.838227773503368e-002  227.000 1908.000   10.000     0 C:\Users\akhodyre\Studies\hip\20110216\g074a006.fit
