  1  0 2011  2 16 20  5 25      0 2315.15471 1692.11074    0.01579    0.01468      140.9   0   1    1 0 1 0 0 1  1.40000   1.698961456912385e-001   1.072865373966090e+000   9.412992240958582e+001   3.026581462232756e+003  -1.675331416357561e-001  0.00035   3.507963633845646e-004   6.263142058717267e-003   1.876899191561297e-001   3.308482546284137e+001   1.246128080189542e-002 2315.000 1692.000   10.000     0 C:\Users\akhodyre\Studies\hip\20110216\g074a004.fit
  1  0 2011  2 16 20  5 25      0 2458.79074 2167.86016    0.01409    0.01324      214.8   0   1    2 0 1 0 0 1  1.40000   1.695720050692474e-001   1.067199370970120e+000   1.229905562991846e+002   3.017725012092563e+003  -1.730522557639232e-001  0.00031   3.132532984750680e-004   5.571047688188404e-003   2.183839510459742e-001   4.856274233949027e+001   1.109110027302297e-002 2459.000 2167.000   10.000     0 C:\Users\akhodyre\Studies\hip\20110216\g074a004.fit
  1  0 2011  2 16 20  5 25      0 1636.49460 2406.88920    0.01311    0.01241      323.6   0   1    3 0 1 0 0 1  1.40000   1.763754846877922e-001   1.053503349325436e+000   1.556342127284079e+002   3.466785270212381e+003  -1.593557523307902e-001  0.00031   3.110283646180440e-004   5.251768753903902e-003   2.670874271934435e-001   7.233005980816448e+001   1.045391723591332e-002 1637.000 2407.000   10.000     0 C:\Users\akhodyre\Studies\hip\20110216\g074a004.fit
  1  0 2011  2 16 20  5 25      0 2674.62317 2145.71486    0.02699    0.02499       52.9   0   1    4 0 1 0 0 1  1.40000   1.673298324520893e-001   1.080218493937209e+000   4.429425406550041e+001   3.018528681757864e+003  -1.848141858182714e-001  0.00058   5.847890875589375e-004   1.066299001263527e-002   1.484014766584306e-001   1.214956485682878e+001   2.121154649280340e-002 2674.000 2145.000   10.000     0 C:\Users\akhodyre\Studies\hip\20110216\g074a004.fit
  1  0 2011  2 16 20  5 25      0 2604.22164 2832.86638    0.02060    0.02094       60.0   0   1    5 0 1 0 0 1  1.40000   1.534700470593128e-001   9.816562558910680e-001   5.315947791656445e+001   2.941922341626326e+003  -2.813326969017641e-002  0.00039   3.941675493751619e-004   7.180117958297669e-003   1.258975878779118e-001   1.898696434741263e+001   1.416425617436330e-002 2604.000 2833.000   10.000     0 C:\Users\akhodyre\Studies\hip\20110216\g074a004.fit
  1  0 2011  2 16 20  5 25      0 2010.67835 1577.79835    0.27958    0.28048       36.7   0   1    6 0 1 0 0 1  1.40000   1.932594613450459e-001   1.007106735377326e+000   1.116731998040827e+001   3.023033413861042e+003  -2.636304685724988e-001  0.00785   7.850801020706354e-003   1.142116331171493e-001   4.469045148653274e-001   7.050857831705049e+000   2.292808779223724e-001 2010.000 1577.000   10.000     0 C:\Users\akhodyre\Studies\hip\20110216\g074a004.fit
  1  0 2011  2 16 20  5 25      0 2292.93448  611.94349    0.07240    0.06456       41.2   0   1    7 0 1 0 0 1  1.40000   1.702382289635705e-001   1.107725664122988e+000   2.405308093061338e+001   3.022015252949608e+003  -1.203865106032285e-001  0.00160   1.599477904672951e-003   2.952375164745419e-002   2.186638136786067e-001   9.078886801152436e+000   5.859969317496665e-002 2294.000  612.000   10.000     0 C:\Users\akhodyre\Studies\hip\20110216\g074a004.fit
  1  0 2011  2 16 20  5 25      0 1935.50149  853.72996    0.16347    0.14277       36.2   0   1    8 0 1 0 0 1  1.40000   1.545906957555231e-001   1.123073166442436e+000   1.525580618274224e+001   3.001072002611112e+003  -9.608227571953537e-002  0.00305   3.054022354655445e-003   6.310077685326308e-002   2.817272133082917e-001   8.707935089418932e+000   1.247670736614223e-001 1934.000  853.000   10.000     0 C:\Users\akhodyre\Studies\hip\20110216\g074a004.fit
  1  0 2011  2 16 20  5 25      0  566.15572  911.27167    0.25310    0.27701       36.5   0   1    9 0 1 0 0 1  1.40000   1.870459192983012e-001   9.194317314577691e-001   1.148111062820893e+001   3.010391290012617e+003  -1.076387588514079e-001  0.00680   6.803754773341201e-003   9.474022655689114e-002   4.055810175261101e-001   8.324661089496502e+000   1.881215182005130e-001  566.000  911.000   10.000     0 C:\Users\akhodyre\Studies\hip\20110216\g074a004.fit
  1  0 2011  2 16 20  5 25      0  546.00767 1210.98738    0.08768    0.07966       39.9   0   1   10 0 1 0 0 1  1.40000   1.856789085828861e-001   1.103394392593324e+000   2.128341589711749e+001   3.031818010733553e+003  -2.621083807987534e-001  0.00226   2.261344725903887e-003   3.763503823301895e-002   2.564144902313745e-001   7.789453883157558e+000   7.553999272404710e-002  546.000 1212.000   10.000     0 C:\Users\akhodyre\Studies\hip\20110216\g074a004.fit
  1  0 2011  2 16 20  5 25      0  502.67710  271.60940    0.20983    0.16898       35.7   0   1   11 0 1 0 0 1  1.40000   1.688538735955465e-001   1.198534005082200e+000   1.356355762163168e+001   2.980691423575836e+003  -4.626822814421007e-002  0.00448   4.478610508004925e-003   9.048235280582063e-002   3.460021656060038e-001   6.759499330442930e+000   1.792562555880065e-001  505.000  272.000   10.000     0 C:\Users\akhodyre\Studies\hip\20110216\g074a004.fit
  1  0 2011  2 16 20  5 25      0  362.87940  326.71488    0.16356    0.15224       37.7   0   1   12 0 1 0 0 1  1.40000   1.755773145875982e-001   1.068505757126752e+000   1.515115795414847e+001   2.987498954818368e+003  -1.592198142837231e-001  0.00384   3.840021230641643e-003   6.606151554835694e-002   3.210515729689762e-001   7.993093714993867e+000   1.313982254528921e-001  364.000  328.000   10.000     0 C:\Users\akhodyre\Studies\hip\20110216\g074a004.fit
  1  0 2011  2 16 20  5 25      0  216.44255  991.72376    0.25552    0.24703       36.9   0   1   13 0 1 0 0 1  1.40000   2.176586684490393e-001   1.032007350626202e+000   1.175379366496689e+001   3.005912816934181e+003   8.219780187905047e-003  0.00878   8.776502249946831e-003   1.180637471099966e-001   4.812297680067316e-001   6.060972159185339e+000   2.346965728023313e-001  216.000  992.000   10.000     0 C:\Users\akhodyre\Studies\hip\20110216\g074a004.fit
  1  0 2011  2 16 20  5 25      0   27.48154 1333.23471    0.12974    0.11345       36.9   0   1   14 0 1 0 0 1  1.40000   1.819316345666708e-001   1.140868257837864e+000   1.698425599790437e+001   3.005557735656608e+003  -2.191937470320846e-001  0.00321   3.211974362516629e-003   5.672819503470067e-002   2.962377685550189e-001   7.184372044984001e+000   1.132766716395503e-001   27.000 1333.000   10.000     0 C:\Users\akhodyre\Studies\hip\20110216\g074a004.fit
  1  0 2011  2 16 20  5 25      0  222.82500 1909.49476    0.11131    0.09805       41.7   0   1   15 0 1 0 0 1  1.40000   1.596362628240577e-001   1.126667640091974e+000   1.959206134108263e+001   2.989532303464106e+003  -1.904106928127352e-001  0.00221   2.207417346771525e-003   4.405114788422303e-002   2.586258096981708e-001   1.046237926183468e+001   8.768712858066279e-002  223.000 1910.000   10.000     0 C:\Users\akhodyre\Studies\hip\20110216\g074a004.fit
