  1  0 2011  2 16 20  4 56      0 2316.46912 1692.06043    0.01682    0.01703      118.5   0   1    1 0 1 0 0 1  1.40000   1.462981147241659e-001   9.846920218210742e-001   8.320409583379666e+001   2.924134619441306e+003  -2.281217287819805e-003  0.00030   2.979579720585505e-004   5.716121104167371e-003   1.531981328288843e-001   4.062702049432546e+001   1.126017773315469e-002 2316.000 1692.000   10.000     0 C:\Users\akhodyre\Studies\hip\20110216\g074a003.fit
  1  0 2011  2 16 20  4 56      0 2460.07033 2167.76771    0.01503    0.01507      180.3   0   1    2 0 1 0 0 1  1.40000   1.474926715712820e-001   9.939030766901380e-001   1.085345341314827e+002   2.958069283363807e+003  -7.775560933140284e-003  0.00027   2.693942974265551e-004   5.173661811539125e-003   1.804274151201358e-001   6.135347054234705e+001   1.019414684706552e-002 2460.000 2168.000   10.000     0 C:\Users\akhodyre\Studies\hip\20110216\g074a003.fit
  1  0 2011  2 16 20  4 56      0 1637.70651 2406.80197    0.01228    0.01219      229.4   0   1    3 0 1 0 0 1  1.40000   1.473656737647968e-001   9.983250084158005e-001   1.360127298036963e+002   3.197169716536088e+003  -1.353003941389750e-002  0.00022   2.187176740181189e-004   4.222338943462703e-003   1.834730543632278e-001   7.588379963733394e+001   8.321345503026533e-003 1637.000 2407.000   10.000     0 C:\Users\akhodyre\Studies\hip\20110216\g074a003.fit
  1  0 2011  2 16 20  4 56      0 2675.80681 2145.58656    0.03018    0.03092       48.2   0   1    4 0 1 0 0 1  1.40000   1.500065969528374e-001   9.741557802277189e-001   3.935493193285985e+001   3.024053713800275e+003   3.597724362121233e-002  0.00056   5.581524030783880e-004   1.032455008901288e-002   1.336446520811838e-001   1.615448415075811e+001   2.035732347692412e-002 2676.000 2146.000   10.000     0 C:\Users\akhodyre\Studies\hip\20110216\g074a003.fit
  1  0 2011  2 16 20  4 56      0 2605.51101 2832.74898    0.02380    0.02555       56.7   0   1    5 0 1 0 0 1  1.40000   1.389126890704945e-001   9.444465129699949e-001   4.834726818835745e+001   2.955639905973580e+003   6.104009469447434e-002  0.00039   3.944852873501559e-004   7.642134917102723e-003   1.195260910943767e-001   2.141206308640293e+001   1.506783875507691e-002 2605.000 2832.000   10.000     0 C:\Users\akhodyre\Studies\hip\20110216\g074a003.fit
  1  0 2011  2 16 20  4 56      0 2012.23755 1577.23604    0.31613    0.35253       37.3   0   1    6 0 1 0 0 1  1.40000   1.456147932426105e-001   9.486856683247028e-001   1.077099843581392e+001   3.024739603730894e+003   2.136662850318777e-001  0.00568   5.677681862267894e-003   1.039915832588424e-001   3.650002377293484e-001   1.063530092724150e+001   2.070015203597789e-001 2013.000 1575.000   10.000     0 C:\Users\akhodyre\Studies\hip\20110216\g074a003.fit
  1  0 2011  2 16 20  4 56      0 2294.32715  612.00916    0.08650    0.08468       39.6   0   1    7 0 1 0 0 1  1.40000   1.578217613950466e-001   1.006539889352343e+000   2.129932404701417e+001   3.043708675288559e+003  -6.636565280403739e-002  0.00171   1.708203177098975e-003   3.097984800941330e-002   2.143549164823332e-001   1.073622033700153e+001   6.123062641442590e-002 2293.000  612.000   10.000     0 C:\Users\akhodyre\Studies\hip\20110216\g074a003.fit
  1  0 2011  2 16 20  4 56      0 1936.82573  853.93646    0.18249    0.18552       36.2   0   1    8 0 1 0 0 1  1.40000   1.258960461075744e-001   9.992463901898988e-001   1.431143514389118e+001   2.995657993302555e+003   5.501793314444131e-002  0.00257   2.568727594715853e-003   5.818276111141446e-002   2.448003811530608e-001   1.570106015282673e+001   1.142694652403722e-001 1937.000  853.000   10.000     0 C:\Users\akhodyre\Studies\hip\20110216\g074a003.fit
  1  0 2011  2 16 20  4 56      0  566.16615  911.69901    0.46268    0.60474       38.7   0   1    9 0 1 0 0 1  1.40000   1.332180051641310e-001   1.001691064191067e+000   9.932411946011330e+000   3.021934406661101e+003   7.122773493314243e-001  0.00663   6.633801384590334e-003   1.239428650119648e-001   3.810354008560073e-001   9.765330224010585e+000   2.655296056017670e-001  564.000  917.000   10.000     0 C:\Users\akhodyre\Studies\hip\20110216\g074a003.fit
  1  0 2011  2 16 20  4 56      0  547.12707 1211.13331    0.11594    0.11687       40.4   0   1   10 0 1 0 0 1  1.40000   1.347250676489590e-001   1.030074517325872e+000   1.900338832220699e+001   3.015617584178903e+003   8.354132919263099e-002  0.00180   1.804568546972532e-003   3.925753878619890e-002   2.187861110606774e-001   1.226606956124332e+001   7.754723131890608e-002  547.000 1209.000   10.000     0 C:\Users\akhodyre\Studies\hip\20110216\g074a003.fit
  1  0 2011  2 16 20  4 56      0  503.65368  271.96916    0.30050    0.28178       37.9   0   1   11 0 1 0 0 1  1.40000   1.173081007173658e-001   1.105075219223202e+000   1.187762985407723e+001   2.986547485763343e+003  -3.256307331743835e-001  0.00370   3.701655906885980e-003   9.762808587179500e-002   3.034407567723572e-001   1.354013745605823e+001   1.981575382873275e-001  504.000  270.000   10.000     0 C:\Users\akhodyre\Studies\hip\20110216\g074a003.fit
  1  0 2011  2 16 20  4 56      0  363.81864  326.84342    0.17625    0.19665       38.4   0   1   12 0 1 0 0 1  1.40000   1.459559383472179e-001   9.320600313494111e-001   1.456448894242807e+001   2.982761784496885e+003  -7.805937053580472e-002  0.00318   3.176859194046390e-003   5.767990076020429e-002   2.771946388645349e-001   1.156849938502730e+001   1.139735924433687e-001  363.000  325.000   10.000     0 C:\Users\akhodyre\Studies\hip\20110216\g074a003.fit
  1  0 2011  2 16 20  4 56      0  218.31392  991.78978    0.34189    0.28603       35.6   0   1   13 0 1 0 0 1  1.40000   1.189930644405997e-001   1.180215958841571e+000   1.083425423638096e+001   2.994553000872703e+003   3.447890034990719e-001  0.00420   4.197994759328355e-003   1.169727586493851e-001   3.239205934499135e-001   1.440165225932306e+001   2.360051366564599e-001  218.000  993.000   10.000     0 C:\Users\akhodyre\Studies\hip\20110216\g074a003.fit
  1  0 2011  2 16 20  4 56      0   28.26722 1333.39388    0.18343    0.17988       38.2   0   1   14 0 1 0 0 1  1.40000   1.378356233769519e-001   1.007083459910964e+000   1.451924041122298e+001   3.003969888644055e+003  -1.383285183391700e-002  0.00293   2.931412377800719e-003   6.109307346813646e-002   2.729703414611119e-001   1.436628011270158e+001   1.201943973438476e-001   29.000 1334.000   10.000     0 C:\Users\akhodyre\Studies\hip\20110216\g074a003.fit
  1  0 2011  2 16 20  4 56      0  224.01740 1909.36024    0.11380    0.12358       38.2   0   1   15 0 1 0 0 1  1.40000   1.407627397148732e-001   9.309471343629802e-001   1.799823538001844e+001   2.987693030679486e+003  -1.361453308288281e-002  0.00194   1.935948064521127e-003   3.652609611561852e-002   2.170265208781508e-001   1.502365958392182e+001   7.182742454026533e-002  224.000 1909.000   10.000     0 C:\Users\akhodyre\Studies\hip\20110216\g074a003.fit
