  1  0 2011  2 16 20  3 59      0 2314.51131 1693.53263    0.01444    0.01388      126.3   0   1    1 0 1 0 0 1  1.40000   1.582533170851776e-001   1.038199193962960e+000   9.312674807013912e+001   2.829898630893004e+003   1.125340934766967e-001  0.00029   2.870138027168528e-004   5.345086516547262e-003   1.584703712730752e-001   3.383270143602926e+001   1.059395913615919e-002 2314.000 1693.000   10.000     0 C:\Users\akhodyre\Studies\hip\20110216\g074a001.fit
  1  0 2011  2 16 20  3 59      0 2458.13331 2169.24326    0.01455    0.01387      217.9   0   1    2 0 1 0 0 1  1.40000   1.581275886402468e-001   1.040361345759800e+000   1.221333990808324e+002   2.789607374609116e+003   9.471761418185910e-002  0.00029   2.877560340612403e-004   5.379158790090912e-003   2.084985308758683e-001   5.857039625505970e+001   1.064020228647582e-002 2459.000 2169.000   10.000     0 C:\Users\akhodyre\Studies\hip\20110216\g074a001.fit
  1  0 2011  2 16 20  3 59      0 1635.87158 2408.23506    0.01232    0.01186      296.1   0   1    3 0 1 0 0 1  1.40000   1.615698630133599e-001   1.035491976336187e+000   1.538521358823626e+002   3.125630604166541e+003   5.126787520883414e-002  0.00025   2.533510972622089e-004   4.618968991969859e-003   2.284203546126841e-001   7.895773468711853e+001   9.130794200950709e-003 1636.000 2408.000   10.000     0 C:\Users\akhodyre\Studies\hip\20110216\g074a001.fit
  1  0 2011  2 16 20  3 59      0 2673.87604 2147.11042    0.02536    0.02424       49.0   0   1    4 0 1 0 0 1  1.40000   1.586747872130004e-001   1.036632963196885e+000   4.385208520875498e+001   2.899140430948560e+003   1.115250363428568e-001  0.00050   5.044198575969707e-004   9.354870339041341e-003   1.308880763539886e-001   1.315780254546944e+001   1.854107003335562e-002 2673.000 2147.000   10.000     0 C:\Users\akhodyre\Studies\hip\20110216\g074a001.fit
  1  0 2011  2 16 20  3 59      0 2603.59414 2834.20235    0.01936    0.01995       57.1   0   1    5 0 1 0 0 1  1.40000   1.506095950652863e-001   9.726566039116450e-001   5.352270083227747e+001   2.853041441372757e+003   1.678968792774980e-001  0.00036   3.605403875391887e-004   6.584737154285676e-003   1.166538558544719e-001   1.825384066946464e+001   1.309677007341013e-002 2603.000 2834.000   10.000     0 C:\Users\akhodyre\Studies\hip\20110216\g074a001.fit
  1  0 2011  2 16 20  3 59      0 2010.27077 1578.96622    0.20935    0.22582       35.1   0   1    6 0 1 0 0 1  1.40000   1.562225864132996e-001   9.146099051724731e-001   1.269414663591108e+001   2.885195644102742e+003   1.458233703739936e-002  0.00414   4.140084680851254e-003   6.901167011539379e-002   3.042515844512073e-001   9.905909162705438e+000   1.363404469493514e-001 2012.000 1580.000   10.000     0 C:\Users\akhodyre\Studies\hip\20110216\g074a001.fit
  1  0 2011  2 16 20  3 59      0 2292.42315  613.29504    0.07011    0.06777       40.4   0   1    7 0 1 0 0 1  1.40000   1.511171377092805e-001   1.030967140512127e+000   2.396602491629356e+001   2.889337668520351e+003   1.371813914707401e-001  0.00129   1.293490872262310e-003   2.502987524629567e-002   1.891684380282344e-001   1.210659038120767e+001   4.956604195031279e-002 2293.000  613.000   10.000     0 C:\Users\akhodyre\Studies\hip\20110216\g074a001.fit
  1  0 2011  2 16 20  3 59      0 1934.68557  855.01799    0.14147    0.13657       34.0   0   1    8 0 1 0 0 1  1.40000   1.686339475979578e-001   1.034585996274427e+000   1.533578670597847e+001   2.894735196925607e+003   1.561511746331218e-001  0.00312   3.124806784171054e-003   5.421126936799920e-002   2.723604329549437e-001   8.329912426134227e+000   1.078747320319828e-001 1935.000  856.000   10.000     0 C:\Users\akhodyre\Studies\hip\20110216\g074a001.fit
  1  0 2011  2 16 20  3 59      0  565.00617  912.99827    0.25911    0.25888       37.0   0   1    9 0 1 0 0 1  1.40000   1.840222214227331e-001   9.965348567175895e-001   1.167890488828120e+001   2.900329990144458e+003   1.033789638669287e-001  0.00666   6.659883877067984e-003   1.022160217412466e-001   4.122969350671449e-001   7.895574913659393e+000   2.030282316564133e-001  564.000  913.000   10.000     0 C:\Users\akhodyre\Studies\hip\20110216\g074a001.fit
  1  0 2011  2 16 20  3 59      0  545.46841 1212.38399    0.07802    0.07615       36.6   0   1   10 0 1 0 0 1  1.40000   1.770712914728060e-001   1.020148709929081e+000   2.130625784942375e+001   2.916654245898232e+003   4.498817812185749e-002  0.00187   1.872097308332798e-003   3.064581928591047e-002   2.187506221319010e-001   8.427611926948636e+000   6.071318899393173e-002  545.000 1213.000   10.000     0 C:\Users\akhodyre\Studies\hip\20110216\g074a001.fit
  1  0 2011  2 16 20  3 59      0  502.01996  272.94810    0.24388    0.20494       35.4   0   1   11 0 1 0 0 1  1.40000   1.487161259433047e-001   1.200145203174041e+000   1.258445198271517e+001   2.873771266988003e+003   2.680523381193503e-001  0.00430   4.296882362616401e-003   9.756671480638671e-002   3.332260564766795e-001   7.416203221057142e+000   1.945323285070259e-001  501.000  276.000   10.000     0 C:\Users\akhodyre\Studies\hip\20110216\g074a001.fit
  1  0 2011  2 16 20  3 59      0  362.13577  328.07106    0.14207    0.14234       35.1   0   1   12 0 1 0 0 1  1.40000   1.490445642686285e-001   1.020535088770941e+000   1.583188434501309e+001   2.857915568842300e+003  -1.060515932641301e-001  0.00259   2.587584670170790e-003   5.030282512177242e-002   2.459258766130156e-001   8.863710877800246e+000   9.956570063416272e-002  361.000  326.000   10.000     0 C:\Users\akhodyre\Studies\hip\20110216\g074a001.fit
  1  0 2011  2 16 20  3 59      0  215.99863  992.97754    0.26549    0.25096       37.1   0   1   13 0 1 0 0 1  1.40000   1.891001669629951e-001   1.059528699327324e+000   1.167648067480868e+001   2.892993180610966e+003   2.010676042254996e-001  0.00710   7.103941468365805e-003   1.120285736482835e-001   4.341909601866829e-001   7.317945838201074e+000   2.239006314829249e-001  216.000  994.000   10.000     0 C:\Users\akhodyre\Studies\hip\20110216\g074a001.fit
  1  0 2011  2 16 20  3 59      0   26.82942 1334.68721    0.12949    0.12939       37.3   0   1   14 0 1 0 0 1  1.40000   1.636198071876895e-001   1.017035721470062e+000   1.679398657693329e+001   2.883624426364856e+003  -6.917535260286667e-002  0.00275   2.754071414661862e-003   4.864204760725317e-002   2.648397136509184e-001   8.671145885445208e+000   9.630609795253411e-002   27.000 1333.000   10.000     0 C:\Users\akhodyre\Studies\hip\20110216\g074a001.fit
  1  0 2011  2 16 20  3 59      0  222.16357 1910.82156    0.09111    0.09028       35.9   0   1   15 0 1 0 0 1  1.40000   1.774095273098313e-001   1.011886841056132e+000   1.947233798281072e+001   2.902060054106064e+003  -1.459841439268390e-002  0.00220   2.204596005537511e-003   3.574701153471488e-002   2.341807544126216e-001   7.977824174173980e+000   7.077420670956330e-002  222.000 1910.000   10.000     0 C:\Users\akhodyre\Studies\hip\20110216\g074a001.fit
