-0.00536332190335544 0.0125071889659083
0.0565268605660364 0.0832039136910038
-0.0299812864022725 -0.03272815165884
-0.056190708902837 -0.0828401237173521
-0.0468803549809774 -0.0539952452449713
0.90581174674439 0.275392604478876
0.0300878523322747 0.107984491453231
-0.0822942216664758 -0.246422307678414
0.123420471101088 0.357750076710997
-0.11309815233007 -0.264474403267475
0.130142326819938 -0.38914550179475
-0.435298855722202 -0.0859337493281351
-0.143340158656732 0.278909708450949
0.169266080091938 0.0485220755857889
0.217841938021463 0.298360983023204
