2316.828805 1691.83873875 0.01354125 0.01312375
2460.42914875 2167.54660875 0.0122675 0.0118675
1638.072255 2406.588925 0.011205 0.01086375
2676.16911375 2145.3757225 0.02523875 0.02434625
2605.8064375 2832.5227675 0.019745 0.02051875
2012.31057625 1577.53224375 0.2615775 0.25575
2294.6605425 611.7169575 0.06905375 0.0654875
1937.20529 853.41138375 0.1542025 0.1499175
567.3901325 911.24545 0.291005 0.31924875
547.69117375 1210.79487125 0.08576125 0.082615
504.16080875 271.3855875 0.22025375 0.21037625
364.32068875 326.48543 0.1489325 0.1468
218.23872 991.22895375 0.281695 0.26216875
29.087475 1333.05404375 0.13928875 0.13443625
224.47700625 1909.1402775 0.09813375 0.09650625
