  1  0 2011 11 21  1 50  6      0 2345.00817 1676.81876    0.01641    0.01693      409.8   0   1    1 0 1 0 0 1  1.40000   2.492098350049543e-001   9.693781339757248e-001   1.516613887590897e+002   1.910214410880712e+003  -4.677406299819098e-002  0.00073   7.252556944398556e-004   7.992849263103717e-003   4.547930310149298e-001   5.861682313472387e+001   1.591887846783478e-002 2345.000 1677.000   10.000     0 C:\Studies\double_stars\hip\20111120\g074a001.fit
  1  0 2011 11 21  1 50  6      0 2488.64030 2152.43813    0.01698    0.01755      713.8   0   1    2 0 1 0 0 1  1.40000   2.436189946545688e-001   9.683418039570659e-001   1.968706279133323e+002   1.723039115941514e+003  -4.692229553080346e-002  0.00072   7.210423661985854e-004   8.121816451824172e-003   5.978167970268040e-001   1.034499043125024e+002   1.616823277065818e-002 2488.000 2152.000   10.000     0 C:\Studies\double_stars\hip\20111120\g074a001.fit
  1  0 2011 11 21  1 50  6      0 1666.31109 2391.75651    0.01540    0.01603     1031.0   0   1    3 0 1 0 0 1  1.40000   2.483503598546129e-001   9.607379908918398e-001   2.478161065551605e+002   2.230733048047524e+003  -1.065944883375506e-002  0.00068   6.768985985130499e-004   7.423443676748403e-003   6.952793840970325e-001   1.488203842953602e+002   1.477841605553476e-002 1666.000 2392.000   10.000     0 C:\Studies\double_stars\hip\20111120\g074a001.fit
  1  0 2011 11 21  1 50  6      0 2704.46113 2130.33498    0.01774    0.01830       95.7   0   1    4 0 1 0 0 1  1.40000   2.404550449276669e-001   9.698391482821173e-001   7.055146777782800e+001   1.948770161643549e+003  -4.454217498524250e-002  0.00074   7.351661800596641e-004   8.403887672056597e-003   2.210688366383737e-001   1.417779555564590e+001   1.672717899878411e-002 2704.000 2130.000   10.000     0 C:\Studies\double_stars\hip\20111120\g074a001.fit
  1  0 2011 11 21  1 50  6      0 2634.13326 2817.50059    0.01623    0.01865      123.2   0   1    5 0 1 0 0 1  1.40000   2.148560984770868e-001   8.777439935635000e-001   8.188144441715305e+001   1.827027032300127e+003   1.280719850457171e-001  0.00056   5.579668118183177e-004   6.438541956704152e-003   2.119136132914014e-001   2.293177131214642e+001   1.282659733869193e-002 2634.000 2817.000   10.000     0 C:\Studies\double_stars\hip\20111120\g074a001.fit
  1  0 2011 11 21  1 50  6      0 2040.46255 1562.64420    0.06280    0.06319       22.6   0   1    6 0 1 0 0 1  1.40000   2.377870892564989e-001   9.950315747658545e-001   1.834378691425248e+001   1.969301944208668e+003  -8.100009014724584e-002  0.00255   2.545938754744639e-003   3.016118951396027e-002   2.011552365323401e-001   3.309863295930732e+000   6.007049710156070e-002 2040.000 1562.000   10.000     0 C:\Studies\double_stars\hip\20111120\g074a001.fit
  1  0 2011 11 21  1 50  6      0 2322.71886  596.71616    0.02115    0.02160       34.0   0   1    7 0 1 0 0 1  1.40000   2.433891643071562e-001   9.791333428448038e-001   3.860330705911032e+001   1.962742595345858e+003  -1.108608751838158e-002  0.00089   8.944449279091820e-004   1.020156297821098e-002   1.458438926143243e-001   4.982095808475033e+000   2.030630739584571e-002 2323.000  597.000   10.000     0 C:\Studies\double_stars\hip\20111120\g074a001.fit
  1  0 2011 11 21  1 50  6      0 1965.17554  838.33475    0.03793    0.03891       24.6   0   1    8 0 1 0 0 1  1.40000   2.407565229764796e-001   9.753235622311206e-001   2.448640381352697e+001   1.964711050646753e+003  -2.545727882365343e-002  0.00157   1.574170708968614e-003   1.807985983233286e-002   1.642232550869241e-001   3.633992686093654e+000   3.598085149624637e-002 1965.000  838.000   10.000     0 C:\Studies\double_stars\hip\20111120\g074a001.fit
  1  0 2011 11 21  1 50  6      0  595.67754  896.60774    0.05875    0.05883       20.1   0   1    9 0 1 0 0 1  1.40000   2.435204945611831e-001   9.978261038100341e-001   1.786715420114589e+001   1.977285366751758e+003  -1.128362663842128e-002  0.00248   2.482115072101545e-003   2.883300027199192e-002   1.874373016571600e-001   2.895998519243301e+000   5.739935756938410e-002  596.000  897.000   10.000     0 C:\Studies\double_stars\hip\20111120\g074a001.fit
  1  0 2011 11 21  1 50  6      0  575.77191 1196.08965    0.02310    0.02395       29.2   0   1   10 0 1 0 0 1  1.40000   2.460159082767308e-001   9.642886245807165e-001   3.411878306367100e+001   1.968528687727691e+003  -1.878244816065360e-002  0.00100   9.976390943468845e-004   1.108576711778387e-002   1.422595588183026e-001   4.252833148252159e+000   2.206678411209130e-002  576.000 1196.000   10.000     0 C:\Studies\double_stars\hip\20111120\g074a001.fit
  1  0 2011 11 21  1 50  6      0  532.13788  256.67778    0.04550    0.04759       21.5   0   1   11 0 1 0 0 1  1.40000   2.457961320709557e-001   9.569091079332752e-001   2.079974348341761e+001   1.967532612258873e+003   7.831687016169509e-002  0.00196   1.963016384701935e-003   2.163054853234155e-002   1.707377028090506e-001   3.158937982448712e+000   4.310141561391670e-002  532.000  257.000   10.000     0 C:\Studies\double_stars\hip\20111120\g074a001.fit
  1  0 2011 11 21  1 50  6      0  392.27730  311.63157    0.03377    0.03455       23.6   0   1   12 0 1 0 0 1  1.40000   2.507544646343964e-001   9.773833438339112e-001   2.541635622447874e+001   1.968318004186970e+003  -4.278718935938809e-002  0.00151   1.508458270124065e-003   1.665882333509971e-002   1.577262398596953e-001   3.327332839083161e+000   3.318105306444957e-002  392.000  312.000   10.000     0 C:\Studies\double_stars\hip\20111120\g074a001.fit
  1  0 2011 11 21  1 50  6      0  246.19196  976.57738    0.05256    0.05532       21.7   0   1   13 0 1 0 0 1  1.40000   2.624111369844541e-001   9.505591254432863e-001   1.938776928162654e+001   1.973438054903720e+003  -2.648975536694341e-002  0.00256   2.563523416720426e-003   2.631577695834984e-002   1.957104947546845e-001   2.874040716569214e+000   5.241720110101092e-002  247.000  976.000   10.000     0 C:\Studies\double_stars\hip\20111120\g074a001.fit
  1  0 2011 11 21  1 50  6      0   57.27777 1318.35669    0.03286    0.03381       26.3   0   1   14 0 1 0 0 1  1.40000   2.461191794449161e-001   9.723472541313263e-001   2.717867786684855e+001   1.961869324372100e+003  -3.534061103056449e-002  0.00142   1.420308161824046e-003   1.590387709012903e-002   1.612783058284742e-001   3.779623322848627e+000   3.166157708969592e-002   57.000 1318.000   10.000     0 C:\Studies\double_stars\hip\20111120\g074a001.fit
  1  0 2011 11 21  1 50  6      0  252.58043 1894.37469    0.02731    0.02881       28.7   0   1   15 0 1 0 0 1  1.40000   2.473198177641666e-001   9.483617882963079e-001   3.098105648677785e+001   1.973556369727495e+003  -3.091605223806060e-003  0.00119   1.193930261478257e-003   1.298088523337966e-002   1.535814376768777e-001   4.150878236170865e+000   2.583509718565284e-002  252.000 1894.000   10.000     0 C:\Studies\double_stars\hip\20111120\g074a001.fit
