  1  0 2011 11 21  1 50 35      0 2344.65906 1676.96920    0.02398    0.02403      685.6   0   1    1 0 1 0 0 1  1.40000   2.869270817889717e-001   9.977627373668406e-001   1.631885048713412e+002   2.348842776933957e+003   2.883906661588630e-002  0.00138   1.375672124506605e-003   1.354826803938975e-002   8.180467492358159e-001   8.129640295387614e+001   2.701786618968674e-002 2345.000 1677.000   10.000     0 C:\Studies\double_stars\hip\20111120\g074a002.fit
  1  0 2011 11 21  1 50 35      0 2488.26666 2152.53103    0.02481    0.02509     1195.4   0   1    2 0 1 0 0 1  1.40000   2.803676126503292e-001   9.884773587961548e-001   2.114757214173372e+002   2.462744858256869e+003   2.213726614724173e-002  0.00136   1.364654556466624e-003   1.362978583525205e-002   1.072708397962932e+000   1.442595801292227e+002   2.716923198877165e-002 2489.000 2152.000   10.000     0 C:\Studies\double_stars\hip\20111120\g074a002.fit
  1  0 2011 11 21  1 50 35      0 1665.92997 2391.86058    0.02554    0.02578     1841.7   0   1    3 0 1 0 0 1  1.40000   2.675873931857143e-001   9.913464706490329e-001   2.589852912200570e+002   2.837729652597956e+003   2.433478671403584e-002  0.00129   1.287844461272742e-003   1.351885303102026e-002   1.293491634371163e+000   2.332865534690534e+002   2.693621804164011e-002 1666.000 2391.000   10.000     0 C:\Studies\double_stars\hip\20111120\g074a002.fit
  1  0 2011 11 21  1 50 35      0 2704.07867 2130.43488    0.02605    0.02601      159.6   0   1    4 0 1 0 0 1  1.40000   2.752912233543318e-001   1.001678051863059e+000   7.564913697346063e+001   2.046195983845761e+003   4.815974625030220e-002  0.00138   1.382598386528428e-003   1.424546924597777e-002   3.958225798235338e-001   1.966776217109193e+001   2.840234064252852e-002 2704.000 2130.000   10.000     0 C:\Studies\double_stars\hip\20111120\g074a002.fit
  1  0 2011 11 21  1 50 35      0 2633.70845 2817.65970    0.02362    0.02697      196.2   0   1    5 0 1 0 0 1  1.40000   2.415471816416169e-001   8.830242581222542e-001   8.542476610514915e+001   1.984416323836122e+003   1.992670587960278e-001  0.00100   9.970338735708498e-004   1.020693993707489e-002   3.591777231163522e-001   3.101941528486597e+001   2.046406795034306e-002 2634.000 2818.000   10.000     0 C:\Studies\double_stars\hip\20111120\g074a002.fit
  1  0 2011 11 21  1 50 35      0 2040.10036 1562.79874    0.05265    0.05011       22.3   0   1    6 0 1 0 0 1  1.40000   2.800205088894507e-001   1.049394378259579e+000   2.011365021821170e+001   1.979291373002914e+003   2.775565676275929e-002  0.00288   2.877244681453823e-003   3.054116256895467e-002   2.159290562059098e-001   2.617203959441760e+000   6.089739379825157e-002 2041.000 1563.000   10.000     0 C:\Studies\double_stars\hip\20111120\g074a002.fit
  1  0 2011 11 21  1 50 35      0 2322.25797  596.75587    0.02684    0.02658       48.6   0   1    7 0 1 0 0 1  1.40000   2.721772024666975e-001   1.010055092081207e+000   4.121044785646846e+001   1.982922936307389e+003   4.152426047373745e-002  0.00140   1.395838273348442e-003   1.467151554458353e-002   2.197693097816481e-001   5.948298628358224e+000   2.924340278124567e-002 2323.000  596.000   10.000     0 C:\Studies\double_stars\hip\20111120\g074a002.fit
  1  0 2011 11 21  1 50 35      0 1964.73286  838.40823    0.03828    0.03740       28.2   0   1    8 0 1 0 0 1  1.40000   2.736985193170852e-001   1.023311221455846e+000   2.635346890174390e+001   1.976309501297850e+003   3.202190590663137e-002  0.00201   2.007332473853451e-003   2.125905941801759e-002   2.014319810296168e-001   3.448462604134685e+000   4.237767084340020e-002 1965.000  838.000   10.000     0 C:\Studies\double_stars\hip\20111120\g074a002.fit
  1  0 2011 11 21  1 50 35      0  595.31558  896.57703    0.05767    0.05909       22.5   0   1    9 0 1 0 0 1  1.40000   2.840571410526614e-001   9.759402889065102e-001   1.896587256168898e+001   1.979636361285089e+003  -2.556170532118205e-002  0.00325   3.249805067167324e-003   3.162460769473782e-002   2.265281823680271e-001   2.736800070757628e+000   6.305809110023969e-002  595.000  897.000   10.000     0 C:\Studies\double_stars\hip\20111120\g074a002.fit
  1  0 2011 11 21  1 50 35      0  575.33041 1196.10065    0.02931    0.02868       40.7   0   1   10 0 1 0 0 1  1.40000   2.737004350458351e-001   1.021338439436808e+000   3.620285819579277e+001   1.991380681931486e+003   6.044858372533313e-003  0.00154   1.536862162758676e-003   1.624880848654919e-002   2.118338817534243e-001   4.991227761476714e+000   3.238651307116850e-002  576.000 1196.000   10.000     0 C:\Studies\double_stars\hip\20111120\g074a002.fit
  1  0 2011 11 21  1 50 35      0  531.77367  256.83974    0.04953    0.05164       26.4   0   1   11 0 1 0 0 1  1.40000   2.787279235098015e-001   9.606027748208867e-001   2.206309971718244e+001   1.976408759167992e+003   5.994858845391021e-002  0.00270   2.702146471191134e-003   2.635996022325675e-002   2.224682153065501e-001   3.248377140054640e+000   5.256129986341894e-002  532.000  256.000   10.000     0 C:\Studies\double_stars\hip\20111120\g074a002.fit
  1  0 2011 11 21  1 50 35      0  391.93756  311.61268    0.03390    0.03382       26.8   0   1   12 0 1 0 0 1  1.40000   2.875376312289077e-001   1.002488227878916e+000   2.719189692009029e+001   1.979903264866284e+003   2.407010360420736e-002  0.00195   1.953387258689065e-003   1.928976664936648e-002   1.930895567139017e-001   3.142272881958832e+000   3.846365557885269e-002  392.000  311.000   10.000     0 C:\Studies\double_stars\hip\20111120\g074a002.fit
  1  0 2011 11 21  1 50 35      0  245.82640  976.62590    0.05318    0.05272       23.1   0   1   13 0 1 0 0 1  1.40000   2.673724575977577e-001   1.009093566074869e+000   2.016716567468231e+001   1.973024198189919e+003  -2.984631378330190e-002  0.00267   2.672904634916980e-003   2.858023560077953e-002   2.094848273070298e-001   2.910624153152250e+000   5.695390718463553e-002  246.000  976.000   10.000     0 C:\Studies\double_stars\hip\20111120\g074a002.fit
  1  0 2011 11 21  1 50 35      0   56.90277 1318.50998    0.03425    0.03319       30.3   0   1   14 0 1 0 0 1  1.40000   2.776904807006437e-001   1.031820182081754e+000   2.896106569290501e+001   1.981025005360814e+003   3.772038309069555e-002  0.00184   1.844789890753537e-003   1.941368984172689e-002   2.008015086213407e-001   3.631310388520772e+000   3.870688424241421e-002   57.000 1318.000   10.000     0 C:\Studies\double_stars\hip\20111120\g074a002.fit
  1  0 2011 11 21  1 50 35      0  252.26249 1894.53415    0.03152    0.03153       36.8   0   1   15 0 1 0 0 1  1.40000   2.814547509576391e-001   9.996650234852301e-001   3.299339596505038e+001   1.994722522007321e+003   1.665746481771909e-002  0.00175   1.745523731371675e-003   1.756339125654719e-002   2.134055599360034e-001   4.390680104193730e+000   3.501182088421460e-002  253.000 1894.000   10.000     0 C:\Studies\double_stars\hip\20111120\g074a002.fit
