  1  0 2011 11 21  1 51  4      0 2344.43820 1677.31611    0.01272    0.01317      363.6   0   1    1 0 1 0 0 1  1.40000   2.783067576436129e-001   9.681428164670543e-001   1.619399703552657e+002   2.067675449097764e+003  -1.241578799437864e-001  0.00069   6.909703140134892e-004   6.782315788866644e-003   4.185340862890425e-001   4.504072644549878e+001   1.355089862923496e-002 2345.000 1677.000   10.000     0 C:\Studies\double_stars\hip\20111120\g074a003.fit
  1  0 2011 11 21  1 51  4      0 2488.07661 2152.94595    0.01373    0.01417      674.5   0   1    2 0 1 0 0 1  1.40000   2.790224676177455e-001   9.708277693762663e-001   2.124300572325988e+002   2.211943178314478e+003  -1.321075727870010e-001  0.00075   7.484245630902584e-004   7.343452326130729e-003   5.937434186353923e-001   8.390443792558308e+001   1.467768672113225e-002 2488.000 2153.000   10.000     0 C:\Studies\double_stars\hip\20111120\g074a003.fit
  1  0 2011 11 21  1 51  4      0 1665.74734 2392.29258    0.01381    0.01432     1044.1   0   1    3 0 1 0 0 1  1.40000   2.748297355321027e-001   9.665385050103549e-001   2.633102484627310e+002   2.668575700261661e+003  -1.239473128493999e-001  0.00073   7.329998604892350e-004   7.274341753605786e-003   7.299646446866578e-001   1.310200544229878e+002   1.453055691530574e-002 1665.000 2392.000   10.000     0 C:\Studies\double_stars\hip\20111120\g074a003.fit
  1  0 2011 11 21  1 51  4      0 2703.90214 2130.84227    0.01320    0.01355       81.9   0   1    4 0 1 0 0 1  1.40000   2.724576323693606e-001   9.759205120435806e-001   7.558382127562776e+001   2.005200980732932e+003  -1.218451725938325e-001  0.00069   6.881878731293661e-004   6.957184696211552e-003   1.985791456192186e-001   1.044216754913426e+001   1.389753814750534e-002 2704.000 2131.000   10.000     0 C:\Studies\double_stars\hip\20111120\g074a003.fit
  1  0 2011 11 21  1 51  4      0 2633.51681 2817.97502    0.01502    0.01740      127.7   0   1    5 0 1 0 0 1  1.40000   2.392443045767419e-001   8.671724738926580e-001   8.615131384583654e+001   1.906863132881934e+003   1.053414435805856e-001  0.00062   6.243107324475003e-004   6.396455334657274e-003   2.283635090116132e-001   2.058155301113793e+001   1.274744350353146e-002 2633.000 2818.000   10.000     0 C:\Studies\double_stars\hip\20111120\g074a003.fit
  1  0 2011 11 21  1 51  4      0 2039.85943 1563.05547    0.04876    0.05010       21.5   0   1    6 0 1 0 0 1  1.40000   2.771581121735136e-001   9.791636764521676e-001   2.017790975527503e+001   1.970079750362482e+003  -1.973648140844239e-001  0.00263   2.633769817734079e-003   2.609651020502444e-002   1.991309146718664e-001   2.604176426845941e+000   5.230610204051190e-002 2039.000 1562.000   10.000     0 C:\Studies\double_stars\hip\20111120\g074a003.fit
  1  0 2011 11 21  1 51  4      0 2322.11459  597.14811    0.01898    0.01946       34.7   0   1    7 0 1 0 0 1  1.40000   2.732232622977238e-001   9.774466409225687e-001   4.103292345756425e+001   1.978812137221879e+003  -1.255595248168512e-001  0.00099   9.949071954007769e-004   1.004324697608854e-002   1.554272246512082e-001   4.390682863509817e+000   2.006407575655339e-002 2322.000  597.000   10.000     0 C:\Studies\double_stars\hip\20111120\g074a003.fit
  1  0 2011 11 21  1 51  4      0 1964.65577  838.76994    0.03389    0.03424       24.9   0   1    8 0 1 0 0 1  1.40000   2.691302901194837e-001   9.930285654644410e-001   2.612671772428559e+001   1.970137191032457e+003  -1.703897642931141e-001  0.00172   1.724982205983431e-003   1.790117885879373e-002   1.740724516973121e-001   3.185109001502277e+000   3.583356821710055e-002 1965.000  839.000   10.000     0 C:\Studies\double_stars\hip\20111120\g074a003.fit
  1  0 2011 11 21  1 51  4      0  595.01421  896.82749    0.05236    0.05509       20.8   0   1    9 0 1 0 0 1  1.40000   2.830825284281476e-001   9.538862090151173e-001   1.900215831428314e+001   1.976959279388329e+003  -1.400904538348387e-001  0.00294   2.942081743212093e-003   2.793646717931171e-002   2.056065195113672e-001   2.527900425272071e+000   5.585557155711268e-002  595.000  896.000   10.000     0 C:\Studies\double_stars\hip\20111120\g074a003.fit
  1  0 2011 11 21  1 51  4      0  575.14413 1196.42121    0.02127    0.02201       30.1   0   1   10 0 1 0 0 1  1.40000   2.714690840225471e-001   9.687856454144186e-001   3.604695176038229e+001   1.977883973758303e+003  -1.398011501904410e-001  0.00110   1.103520449337353e-003   1.110130064629424e-002   1.520858725241072e-001   3.802859664136051e+000   2.218987865420209e-002  576.000 1196.000   10.000     0 C:\Studies\double_stars\hip\20111120\g074a003.fit
  1  0 2011 11 21  1 51  4      0  531.45962  257.05288    0.03918    0.04075       21.4   0   1   11 0 1 0 0 1  1.40000   2.845919071047917e-001   9.626230727354946e-001   2.234025010804308e+001   1.974943053538792e+003  -1.001802744967675e-001  0.00222   2.218650729704797e-003   2.120254996104482e-002   1.816663052867040e-001   2.600937703889105e+000   4.233547624619495e-002  532.000  257.000   10.000     0 C:\Studies\double_stars\hip\20111120\g074a003.fit
  1  0 2011 11 21  1 51  4      0  391.69343  311.92817    0.02963    0.03058       23.4   0   1   12 0 1 0 0 1  1.40000   2.742524570619574e-001   9.710914623565339e-001   2.693286988455547e+001   1.967319699173546e+003  -9.329966073781541e-002  0.00157   1.567633165101101e-003   1.569255980362900e-002   1.599162592099205e-001   2.903954894863890e+000   3.131285997340669e-002  392.000  311.000   10.000     0 C:\Studies\double_stars\hip\20111120\g074a003.fit
  1  0 2011 11 21  1 51  4      0  245.45002  976.99476    0.04806    0.04892       21.6   0   1   13 0 1 0 0 1  1.40000   2.789542724582984e-001   9.850862488947819e-001   2.037870807278615e+001   1.972818738421752e+003  -1.495215815612175e-001  0.00262   2.618368042633460e-003   2.604171420168432e-002   1.992997499557827e-001   2.643321068278267e+000   5.209710277274822e-002  246.000  978.000   10.000     0 C:\Studies\double_stars\hip\20111120\g074a003.fit
  1  0 2011 11 21  1 51  4      0   56.73088 1318.85527    0.02809    0.02895       26.0   0   1   14 0 1 0 0 1  1.40000   2.803421217189341e-001   9.735623084187544e-001   2.914692593824065e+001   1.972607574466413e+003  -1.740160165544317e-001  0.00155   1.545635572849233e-003   1.508524554885858e-002   1.674261091136891e-001   3.187490428770406e+000   3.021085173790029e-002   56.000 1319.000   10.000     0 C:\Studies\double_stars\hip\20111120\g074a003.fit
  1  0 2011 11 21  1 51  4      0  252.04004 1894.91543    0.02274    0.02395       27.8   0   1   15 0 1 0 0 1  1.40000   2.870985024644487e-001   9.504250905646952e-001   3.330625501479560e+001   1.988083893298746e+003  -8.077174315163642e-002  0.00131   1.309806486038347e-003   1.226136168047967e-002   1.585900942187742e-001   3.384856654843165e+000   2.447046517394122e-002  252.000 1895.000   10.000     0 C:\Studies\double_stars\hip\20111120\g074a003.fit
