  1  0 2011 11 21  1 51 32      0 2344.29658 1675.78875    0.01269    0.01464      481.6   0   1    1 0 1 0 0 1  1.40000   3.342687161914970e-001   8.672281464710073e-001   1.814229404775359e+002   2.155683420177820e+003  -5.577440253049151e-002  0.00098   9.799694214746996e-004   7.192430454043351e-003   5.591360707742131e-001   5.241467514282099e+001   1.435822698435555e-002 2344.000 1676.000   10.000     0 C:\Studies\double_stars\hip\20111120\g074a004.fit
  1  0 2011 11 21  1 51 32      0 2487.92071 2151.42810    0.01252    0.01439      803.0   0   1    2 0 1 0 0 1  1.40000   3.275804159762377e-001   8.711084898173455e-001   2.361336144393019e+002   2.182166710511933e+003  -4.252431492145580e-002  0.00093   9.308440839618497e-004   7.006262499542931e-003   7.043143379569105e-001   8.855981755919174e+001   1.398097204685669e-002 2488.000 2151.000   10.000     0 C:\Studies\double_stars\hip\20111120\g074a004.fit
  1  0 2011 11 21  1 51 32      0 1665.57762 2390.83859    0.01956    0.02248     1677.2   0   1    3 0 1 0 0 1  1.40000   2.867461350709333e-001   8.743079012863002e-001   2.737261563297561e+002   1.797158472812931e+003  -1.745224980649369e-002  0.00114   1.139409883577888e-003   9.845952382609753e-003   1.123824136235695e+000   2.020520019022415e+002   1.961518233634986e-002 1665.000 2389.000   10.000     0 C:\Studies\double_stars\hip\20111120\g074a004.fit
  1  0 2011 11 21  1 51 32      0 2703.74075 2129.30404    0.01304    0.01497      105.9   0   1    4 0 1 0 0 1  1.40000   3.218999545732193e-001   8.720950822622291e-001   8.403972861702641e+001   2.004399936355126e+003  -3.185413325689328e-002  0.00094   9.377573178570666e-004   7.193314769425046e-003   2.567328588783099e-001   1.188821562621740e+001   1.435044148400555e-002 2704.000 2129.000   10.000     0 C:\Studies\double_stars\hip\20111120\g074a004.fit
  1  0 2011 11 21  1 51 32      0 2633.44688 2816.53854    0.01475    0.01911      158.7   0   1    5 0 1 0 0 1  1.40000   2.803983162858850e-001   7.806742212493534e-001   9.411730035436226e+001   1.921591140634145e+003   1.771569688935687e-001  0.00083   8.294832853111717e-004   6.466064000774783e-003   2.861173832704461e-001   2.177308838100428e+001   1.296006748174051e-002 2634.000 2816.000   10.000     0 C:\Studies\double_stars\hip\20111120\g074a004.fit
  1  0 2011 11 21  1 51 32      0 2039.73792 1561.60048    0.03673    0.04333       21.6   0   1    6 0 1 0 0 1  1.40000   3.369511044147479e-001   8.496401486239612e-001   2.244322791261232e+001   1.970760095912242e+003  -9.976722720230008e-002  0.00288   2.884417792843561e-003   2.052570081319167e-002   2.019123724710286e-001   2.351900819634910e+000   4.102889594498430e-002 2040.000 1562.000   10.000     0 C:\Studies\double_stars\hip\20111120\g074a004.fit
  1  0 2011 11 21  1 51 32      0 2321.93591  595.59843    0.01588    0.01836       39.2   0   1    7 0 1 0 0 1  1.40000   3.368485588438210e-001   8.657826990756754e-001   4.624483894006430e+001   1.985896065419946e+003  -2.248711033152609e-002  0.00125   1.246299642539989e-003   9.069913717595364e-003   1.798259657406565e-001   4.208297345251137e+000   1.809750692339101e-002 2322.000  595.000   10.000     0 C:\Studies\double_stars\hip\20111120\g074a004.fit
  1  0 2011 11 21  1 51 32      0 1964.42483  837.29607    0.02505    0.02886       24.6   0   1    8 0 1 0 0 1  1.40000   3.320665905363451e-001   8.689308854620946e-001   2.920338424980453e+001   1.971683681672758e+003  -4.111822207489140e-002  0.00191   1.912176528369788e-003   1.416250931399970e-002   1.766562070655455e-001   2.681890316286657e+000   2.826225734998858e-002 1964.000  837.000   10.000     0 C:\Studies\double_stars\hip\20111120\g074a004.fit
  1  0 2011 11 21  1 51 32      0  594.90760  895.35026    0.03873    0.04438       20.2   0   1    9 0 1 0 0 1  1.40000   3.333850571447651e-001   8.741069326803431e-001   2.130309294942828e+001   1.974472601023750e+003  -6.531575840111710e-002  0.00298   2.977430222451160e-003   2.207647165942697e-002   1.999576571869950e-001   2.188181905005479e+000   4.407969731894734e-002  595.000  895.000   10.000     0 C:\Studies\double_stars\hip\20111120\g074a004.fit
  1  0 2011 11 21  1 51 32      0  574.94554 1195.00516    0.01742    0.01954       31.9   0   1   10 0 1 0 0 1  1.40000   3.219111945698411e-001   8.920158340650837e-001   4.016171500543268e+001   1.979916442790805e+003  -3.508020109265608e-002  0.00125   1.250776502953123e-003   9.811762883994650e-003   1.638185432988811e-001   3.561657702230855e+000   1.957791294093296e-002  575.000 1195.000   10.000     0 C:\Studies\double_stars\hip\20111120\g074a004.fit
  1  0 2011 11 21  1 51 32      0  531.39186  255.63661    0.03244    0.03854       24.0   0   1   11 0 1 0 0 1  1.40000   3.465189652414799e-001   8.426773794890018e-001   2.515902968822555e+001   1.970619372338630e+003  -2.754044381583583e-002  0.00269   2.691347498015954e-003   1.852990897683295e-002   2.054970783901800e-001   2.535823688927487e+000   3.697500000545537e-002  531.000  255.000   10.000     0 C:\Studies\double_stars\hip\20111120\g074a004.fit
  1  0 2011 11 21  1 51 32      0  391.54387  310.59584    0.02563    0.03016       26.2   0   1   12 0 1 0 0 1  1.40000   3.353447205856383e-001   8.508541275217372e-001   2.961644055160637e+001   1.972781675375964e+003  -2.909708139271303e-002  0.00200   1.996729862942749e-003   1.434418362721555e-002   1.851530405625357e-001   2.838142412265327e+000   2.861873946558785e-002  392.000  310.000   10.000     0 C:\Studies\double_stars\hip\20111120\g074a004.fit
  1  0 2011 11 21  1 51 32      0  245.44061  975.55350    0.03713    0.04317       22.1   0   1   13 0 1 0 0 1  1.40000   3.255373106575619e-001   8.611735036606749e-001   2.270520739004723e+001   1.966424127112268e+003  -4.103068084056687e-002  0.00273   2.731528503923943e-003   2.045492583966938e-002   1.997328283709460e-001   2.457476957734041e+000   4.081112545845523e-002  246.000  975.000   10.000     0 C:\Studies\double_stars\hip\20111120\g074a004.fit
  1  0 2011 11 21  1 51 32      0   56.55187 1317.36440    0.02202    0.02461       26.1   0   1   14 0 1 0 0 1  1.40000   3.313451477276563e-001   8.953946478913042e-001   3.229478989859427e+001   1.971494786187724e+003  -3.048839410699532e-002  0.00167   1.670758813406388e-003   1.278178031107857e-002   1.712047964802157e-001   2.803796316498914e+000   2.550636166684608e-002   57.000 1317.000   10.000     0 C:\Studies\double_stars\hip\20111120\g074a004.fit
  1  0 2011 11 21  1 51 32      0  251.84880 1893.39266    0.01757    0.02018       27.6   0   1   15 0 1 0 0 1  1.40000   3.346317375097573e-001   8.713695188261655e-001   3.693319884581735e+001   1.984802892983309e+003   5.940201406982353e-003  0.00136   1.360895610827766e-003   1.003537577035489e-002   1.578773896933430e-001   2.979401298990680e+000   2.002225720392574e-002  252.000 1893.000   10.000     0 C:\Studies\double_stars\hip\20111120\g074a004.fit
