-0.0391260453101932 0.0158712303260336
0.0433262197043379 0.159802366012801
-0.0580060243007282 -0.164691693000017
-0.149830345568605 -0.0898548964709512
-0.0878989000338001 -0.0772821891615484
0.906571289840449 0.197767341817701
0.0603023616940496 0.146089851046033
0.0355148081242754 -0.116605986807756
-0.11571493137439 0.330279744484499
-0.0694729246564462 -0.276358228779608
0.18654546270227 -0.449506993877883
-0.422159372424396 0.0177267223917313
-0.0190838125534145 0.257928223830927
0.0391419668872049 -0.0128789259724661
0.204817466869713 0.27121902555981
