2344.71619125 1675.97132 0.01595375 0.01625125
2488.3419625 2151.59666125 0.01630625 0.01664125
1665.9944225 2390.9499575 0.01824625 0.01882625
2704.1674075 2129.48312875 0.017315 0.017575
2633.80969 2816.66629375 0.0170025 0.01968875
2040.14375625 1561.78040375 0.05044625 0.05092
2322.38917375 595.79959375 0.02112625 0.02144625
1964.85584625 837.4491825 0.03365125 0.03420125
595.3587875 895.60529 0.053965 0.05481375
575.40250625 1195.1466325 0.023115 0.02325625
531.7761975 255.775475 0.0433875 0.04443875
391.97956125 310.72893625 0.0315625 0.0325275
245.8397325 975.6256775 0.048525 0.0493375
56.96658375 1317.51933625 0.02920125 0.02942
252.2954275 1893.55753875 0.0249925 0.02568875
