  1  0 2008 12 27 23 34  8      0 2356.51386 1621.13553    0.01181    0.01124      193.4   0   1    1 0 1 0 0 1  1.40000   1.712141831943826e-001   1.045573330630085e+000   1.268458992312493e+002   1.698454120508377e+003  -2.595642077767898e-002  0.00027   2.667584956791969e-004   4.632809437182210e-003   1.906418304059059e-001   4.572706311572576e+001   9.167579180568389e-003 2356.000 1621.000   10.000     0 C:\Users\akhodyre\Studies\hip\20081227\g074a004.fit
  1  0 2008 12 27 23 34  8      0 2499.60354 2097.37205    0.01134    0.01082      314.0   0   1    2 0 1 0 0 1  1.40000   1.743003936733364e-001   1.044623789742077e+000   1.646684049172862e+002   1.581317735139235e+003  -2.535917860571393e-002  0.00026   2.643026881561108e-004   4.503846429364753e-003   2.419340336812638e-001   7.148706477912081e+001   8.916549973099184e-003 2500.000 2097.000   10.000     0 C:\Users\akhodyre\Studies\hip\20081227\g074a004.fit
  1  0 2008 12 27 23 34  8      0 1676.56050 2334.79593    0.01099    0.01051      489.5   0   1    3 0 1 0 0 1  1.40000   1.743749493833135e-001   1.039430801642133e+000   2.086126687384859e+002   1.824117031393427e+003   5.632644066132082e-003  0.00026   2.561073835708372e-004   4.341031442081979e-003   2.970812635334785e-001   1.138647137761882e+002   8.593408712384218e-003 1677.000 2335.000   10.000     0 C:\Users\akhodyre\Studies\hip\20081227\g074a004.fit
  1  0 2008 12 27 23 34  8      0 2715.20984 2075.14049    0.01617    0.01532       57.2   0   1    4 0 1 0 0 1  1.40000   1.700816572155808e-001   1.047476293862984e+000   5.910358703018152e+001   1.953123141393116e+003  -2.311841990964492e-002  0.00036   3.605612923056651e-004   6.315768351382760e-003   1.205311908016898e-001   1.349382825430706e+001   1.249831312636116e-002 2716.000 2075.000   10.000     0 C:\Users\akhodyre\Studies\hip\20081227\g074a004.fit
  1  0 2008 12 27 23 34  8      0 2644.11234 2762.50485    0.01204    0.01258       64.2   0   1    5 0 1 0 0 1  1.40000   1.574998882529738e-001   9.639936100280170e-001   7.139445650300803e+001   1.812554273939735e+003   1.029722800287412e-001  0.00024   2.419265792103342e-004   4.204409527071796e-003   1.014955676812902e-001   1.899802344796731e+001   8.322326487958521e-003 2644.000 2762.000   10.000     0 C:\Users\akhodyre\Studies\hip\20081227\g074a004.fit
  1  0 2008 12 27 23 34  8      0 2052.22848 1506.12940    0.08481    0.07502       20.4   0   1    6 0 1 0 0 1  1.40000   1.769825681137909e-001   1.129426841832640e+000   1.564372017670641e+001   1.998656876845178e+003   1.052157108984981e-001  0.00201   2.011444225554110e-003   3.642176742054650e-002   1.738576794823884e-001   4.002419700623176e+000   7.227727712124549e-002 2052.000 1505.000   10.000     0 C:\Users\akhodyre\Studies\hip\20081227\g074a004.fit
  1  0 2008 12 27 23 34  8      0 2335.69936  540.72543    0.02887    0.02790       31.1   0   1    7 0 1 0 0 1  1.40000   1.744299519903923e-001   1.029921710776257e+000   3.237444299190722e+001   1.985097218549900e+003  -6.556369644973904e-003  0.00067   6.742878621397436e-004   1.132082139050933e-002   1.212550641648834e-001   7.331449932294738e+000   2.240989073708793e-002 2336.000  541.000   10.000     0 C:\Users\akhodyre\Studies\hip\20081227\g074a004.fit
  1  0 2008 12 27 23 34  8      0 1977.75198  781.77220    0.05265    0.05134       22.9   0   1    8 0 1 0 0 1  1.40000   1.781910451286847e-001   1.025476093101865e+000   2.055396021116964e+001   1.997266172431805e+003  -8.472049173203114e-002  0.00128   1.279231133156789e-003   2.089314029857048e-002   1.430059596411827e-001   4.937819122530860e+000   4.141598438693708e-002 1977.000  781.000   10.000     0 C:\Users\akhodyre\Studies\hip\20081227\g074a004.fit
  1  0 2008 12 27 23 34  8      0  607.89637  837.72849    0.09145    0.09213       22.3   0   1    9 0 1 0 0 1  1.40000   1.812388413503336e-001   9.963412341984888e-001   1.523530372596355e+001   1.998650970726170e+003  -8.585756793881104e-002  0.00230   2.300290078296735e-003   3.587637823726204e-002   1.879043930108419e-001   4.876312393856628e+000   7.116939221021551e-002  608.000  837.000   10.000     0 C:\Users\akhodyre\Studies\hip\20081227\g074a004.fit
  1  0 2008 12 27 23 34  8      0  587.46353 1137.47329    0.03236    0.03088       26.6   0   1   10 0 1 0 0 1  1.40000   1.742733813726025e-001   1.041332382060435e+000   2.835502775563142e+001   1.994582550403265e+003   1.179551286969204e-002  0.00075   7.528521588222845e-004   1.279070760578478e-002   1.187464295221356e-001   6.160731608089938e+000   2.532433089012013e-002  588.000 1138.000   10.000     0 C:\Users\akhodyre\Studies\hip\20081227\g074a004.fit
  1  0 2008 12 27 23 34  8      0  545.21109  197.59196    0.06844    0.06444       21.2   0   1   11 0 1 0 0 1  1.40000   1.758933760574764e-001   1.059641681393081e+000   1.744749662243180e+001   1.996014914347262e+003   6.242771338503772e-003  0.00162   1.617130496083002e-003   2.770117879598346e-002   1.559884687926863e-001   4.635788334096540e+000   5.484418020245426e-002  545.000  197.000   10.000     0 C:\Users\akhodyre\Studies\hip\20081227\g074a004.fit
  1  0 2008 12 27 23 34  8      0  405.32985  252.65303    0.04935    0.04839       23.1   0   1   12 0 1 0 0 1  1.40000   1.812803496041542e-001   1.018973019031484e+000   2.127302628760884e+001   1.995242968992861e+003  -6.277524912982922e-002  0.00124   1.235153668392340e-003   1.971473914644070e-002   1.411654865029639e-001   4.915010600283329e+000   3.909675553754618e-002  406.000  252.000   10.000     0 C:\Users\akhodyre\Studies\hip\20081227\g074a004.fit
  1  0 2008 12 27 23 34  8      0  258.10318  917.39147    0.08285    0.07712       20.9   0   1   13 0 1 0 0 1  1.40000   1.680526136582927e-001   1.067282429013334e+000   1.581961355362706e+001   1.996593303585436e+003  -5.344949239142195e-002  0.00181   1.806677188802874e-003   3.262066546860348e-002   1.638257867379093e-001   5.077646199639107e+000   6.457615639241973e-002  258.000  918.000   10.000     0 C:\Users\akhodyre\Studies\hip\20081227\g074a004.fit
  1  0 2008 12 27 23 34  8      0   69.00498 1258.88122    0.05017    0.04817       26.0   0   1   14 0 1 0 0 1  1.40000   1.693841590558434e-001   1.036460171488548e+000   2.250170995445407e+001   1.984970043362591e+003   1.965677010421883e-003  0.00111   1.114595769956471e-003   1.940090397919551e-002   1.424132259112190e-001   6.418205500105576e+000   3.837707302591460e-002   69.000 1259.000   10.000     0 C:\Users\akhodyre\Studies\hip\20081227\g074a004.fit
  1  0 2008 12 27 23 34  8      0  263.41728 1835.63339    0.03554    0.03458       25.2   0   1   15 0 1 0 0 1  1.40000   1.749564776571869e-001   1.027076627478030e+000   2.623979052882192e+001   1.992950148810717e+003  -2.054737641700299e-002  0.00084   8.366415776975622e-004   1.396427531967217e-002   1.212857530058225e-001   5.701554763486256e+000   2.764171175991878e-002  263.000 1835.000   10.000     0 C:\Users\akhodyre\Studies\hip\20081227\g074a004.fit
