  1  0 2008 12 27 23 35 35      0 2356.93984 1619.12472    0.00936    0.00902      173.8   0   1    1 0 1 0 0 1  1.40000   1.831469401211575e-001   1.034945388484105e+000   1.341371155235595e+002   1.761652545993811e+003  -4.805216534293324e-002  0.00024   2.374616185383532e-004   3.811557418056497e-003   1.706789652039168e-001   3.722461326346211e+001   7.555954112646408e-003 2357.000 1619.000   10.000     0 C:\Users\akhodyre\Studies\hip\20081227\g074a007.fit
  1  0 2008 12 27 23 35 35      0 2500.01382 2095.33367    0.00936    0.00906      289.7   0   1    2 0 1 0 0 1  1.40000   1.836190913630825e-001   1.031931089072075e+000   1.730299728913028e+002   1.611197156451183e+003  -3.437199047321412e-002  0.00024   2.388267814558208e-004   3.813412848693467e-003   2.208088922687364e-001   6.147907733836155e+001   7.557856118960988e-003 2500.000 2095.000   10.000     0 C:\Users\akhodyre\Studies\hip\20081227\g074a007.fit
  1  0 2008 12 27 23 35 35      0 1677.01182 2332.80764    0.00871    0.00848      445.6   0   1    3 0 1 0 0 1  1.40000   1.869663466327368e-001   1.024894430404291e+000   2.218455715551862e+002   1.954949387928876e+003  -1.639925782277026e-002  0.00023   2.293066733109145e-004   3.571241456768389e-003   2.681924972939691e-001   9.367631474007888e+001   7.079856594856015e-003 1677.000 2333.000   10.000     0 C:\Users\akhodyre\Studies\hip\20081227\g074a007.fit
  1  0 2008 12 27 23 35 35      0 2715.84482 2073.15674    0.01267    0.01229       51.6   0   1    4 0 1 0 0 1  1.40000   1.845936963531085e-001   1.028525745698331e+000   6.273701979717420e+001   1.969497729041532e+003  -4.384739785496969e-002  0.00033   3.261374210544272e-004   5.161666615173663e-003   1.088964827877848e-001   1.096155807325274e+001   1.023305783964872e-002 2716.000 2073.000   10.000     0 C:\Users\akhodyre\Studies\hip\20081227\g074a007.fit
  1  0 2008 12 27 23 35 35      0 2644.57494 2760.47796    0.01190    0.01237       70.0   0   1    5 0 1 0 0 1  1.40000   1.662934110816764e-001   9.648908927610086e-001   7.480103556141307e+001   1.833057352988983e+003   9.054000496399986e-002  0.00026   2.604560846573921e-004   4.290736586137151e-003   1.104643151718590e-001   1.843728910394358e+001   8.501841883539973e-003 2644.000 2760.000   10.000     0 C:\Users\akhodyre\Studies\hip\20081227\g074a007.fit
  1  0 2008 12 27 23 35 35      0 2052.37764 1504.26878    0.07429    0.07634       20.9   0   1    6 0 1 0 0 1  1.40000   1.919835460100162e-001   9.676961850095572e-001   1.629418156812792e+001   1.994844201083616e+003  -2.029293895870480e-002  0.00206   2.062834192912997e-003   2.953585699944881e-002   1.715212002866854e-001   4.146190822719404e+000   5.856306631418577e-002 2051.000 1504.000   10.000     0 C:\Users\akhodyre\Studies\hip\20081227\g074a007.fit
  1  0 2008 12 27 23 35 35      0 2336.15038  538.72762    0.02333    0.02247       27.9   0   1    7 0 1 0 0 1  1.40000   1.861173709341719e-001   1.034766554746795e+000   3.403243439633904e+001   1.991783133311513e+003   4.075908395439184e-002  0.00061   6.082130187096285e-004   9.604419662701300e-003   1.096164132328343e-001   5.864751318567044e+000   1.904541549951241e-002 2336.000  539.000   10.000     0 C:\Users\akhodyre\Studies\hip\20081227\g074a007.fit
  1  0 2008 12 27 23 35 35      0 1978.18961  779.78250    0.04311    0.04291       21.7   0   1    8 0 1 0 0 1  1.40000   1.876377376319179e-001   1.006667595529592e+000   2.192607964133974e+001   1.987199255943839e+003  -1.698873544780331e-002  0.00115   1.148155049053239e-003   1.750076136158507e-002   1.316812172408919e-001   4.432133659295919e+000   3.468844141524711e-002 1978.000  779.000   10.000     0 C:\Users\akhodyre\Studies\hip\20081227\g074a007.fit
  1  0 2008 12 27 23 35 35      0  608.35260  835.93073    0.07763    0.07391       20.1   0   1    9 0 1 0 0 1  1.40000   1.890751372231267e-001   1.050909522241563e+000   1.588630749309181e+001   1.998062249302272e+003  -2.912892061575615e-002  0.00208   2.082702072228966e-003   3.288186260964869e-002   1.727071873150949e-001   3.858260493980044e+000   6.520232991616837e-002  608.000  835.000   10.000     0 C:\Users\akhodyre\Studies\hip\20081227\g074a007.fit
  1  0 2008 12 27 23 35 35      0  587.99926 1135.44987    0.02835    0.02740       26.1   0   1   10 0 1 0 0 1  1.40000   1.830898869189061e-001   1.033147863603733e+000   2.985363389965735e+001   1.990554490440912e+003  -8.275348958770615e-003  0.00072   7.198361755471926e-004   1.154403014013843e-002   1.150483499715251e-001   5.527494237810166e+000   2.287270372393239e-002  588.000 1135.000   10.000     0 C:\Users\akhodyre\Studies\hip\20081227\g074a007.fit
  1  0 2008 12 27 23 35 35      0  545.83899  195.84373    0.06301    0.06073       21.3   0   1   11 0 1 0 0 1  1.40000   1.808187112797230e-001   1.037083042937340e+000   1.815420656357236e+001   1.988471222853270e+003   1.160225231606874e-001  0.00157   1.567300852482331e-003   2.546929107054875e-002   1.531733120269474e-001   4.375598806840714e+000   5.062814304086048e-002  545.000  195.000   10.000     0 C:\Users\akhodyre\Studies\hip\20081227\g074a007.fit
  1  0 2008 12 27 23 35 35      0  405.81568  250.74688    0.04329    0.04296       22.9   0   1   12 0 1 0 0 1  1.40000   1.916235350558470e-001   1.005602889005914e+000   2.243054152969826e+001   1.993200721401025e+003   4.131922686242993e-002  0.00119   1.192054801272574e-003   1.776221945307432e-002   1.380205015099180e-001   4.694370440899844e+000   3.523687116647199e-002  406.000  251.000   10.000     0 C:\Users\akhodyre\Studies\hip\20081227\g074a007.fit
  1  0 2008 12 27 23 35 35      0  258.54783  915.39015    0.07365    0.07253       21.4   0   1   13 0 1 0 0 1  1.40000   1.785228905356563e-001   1.014332427195033e+000   1.672793871627680e+001   1.987694882899877e+003   6.151903703097118e-002  0.00180   1.796424397849453e-003   2.898873340610264e-002   1.634796016065438e-001   4.796969606477516e+000   5.743812324410375e-002  259.000  915.000   10.000     0 C:\Users\akhodyre\Studies\hip\20081227\g074a007.fit
  1  0 2008 12 27 23 35 35      0   69.30851 1257.03877    0.04451    0.04326       26.6   0   1   14 0 1 0 0 1  1.40000   1.907683864889466e-001   1.031195894611466e+000   2.402583018307294e+001   1.992727314071341e+003   4.342841834328792e-002  0.00122   1.216894626601533e-003   1.867793520896694e-002   1.511682594993958e-001   5.085655268368122e+000   3.705404338672111e-002   69.000 1256.000   10.000     0 C:\Users\akhodyre\Studies\hip\20081227\g074a007.fit
  1  0 2008 12 27 23 35 35      0  263.94434 1833.70613    0.03280    0.03067       24.6   0   1   15 0 1 0 0 1  1.40000   1.799489341696824e-001   1.063640330580309e+000   2.714961081592880e+001   1.999112115965536e+003  -8.364756568084037e-003  0.00080   8.034842537635520e-004   1.349969107787375e-002   1.188950587698447e-001   5.328970924596720e+000   2.674571076995679e-002  264.000 1834.000   10.000     0 C:\Users\akhodyre\Studies\hip\20081227\g074a007.fit
