  1  0 2008 12 27 23 35  6      0 2356.24859 1620.02612    0.00886    0.00857      160.7   0   1    1 0 1 0 0 1  1.40000   1.799168015414319e-001   1.030174603263230e+000   1.325687691308700e+002   1.696508387233560e+003  -3.062246189454343e-002  0.00022   2.181645762692682e-004   3.550072619004350e-003   1.569876670326589e-001   3.568981605519247e+001   7.032834688590692e-003 2356.000 1620.000   10.000     0 C:\Users\akhodyre\Studies\hip\20081227\g074a006.fit
  1  0 2008 12 27 23 35  6      0 2499.28845 2096.20356    0.00892    0.00859      265.4   0   1    2 0 1 0 0 1  1.40000   1.782335138433685e-001   1.035509696155227e+000   1.700897870187341e+002   1.488734907243363e+003  -2.506730838110536e-002  0.00022   2.161084565392358e-004   3.568919803106188e-003   2.009493452291526e-001   5.923557539503630e+001   7.068176785572210e-003 2499.000 2096.000   10.000     0 C:\Users\akhodyre\Studies\hip\20081227\g074a006.fit
  1  0 2008 12 27 23 35  6      0 1676.38601 2333.69468    0.00932    0.00910      459.1   0   1    3 0 1 0 0 1  1.40000   1.829073282334049e-001   1.020343670940517e+000   2.178313449632954e+002   1.864034494033690e+003  -2.077802832355926e-002  0.00024   2.362701321230793e-004   3.745336579497786e-003   2.756655700509919e-001   1.002292588127170e+002   7.421964703512599e-003 1676.000 2334.000   10.000     0 C:\Users\akhodyre\Studies\hip\20081227\g074a006.fit
  1  0 2008 12 27 23 35  6      0 2714.92299 2073.94174    0.01369    0.01319       53.4   0   1    4 0 1 0 0 1  1.40000   1.768996791767836e-001   1.033643564789216e+000   6.155638623961252e+001   1.942157341708315e+003  -1.613118338351542e-002  0.00033   3.273253112593555e-004   5.437391799035320e-003   1.108274847358797e-001   1.221460547506876e+001   1.076682300023647e-002 2715.000 2074.000   10.000     0 C:\Users\akhodyre\Studies\hip\20081227\g074a006.fit
  1  0 2008 12 27 23 35  6      0 2643.68800 2761.17363    0.01336    0.01412       76.8   0   1    5 0 1 0 0 1  1.40000   1.645183451416679e-001   9.495445629327958e-001   7.365519952795634e+001   1.830410052086206e+003   9.810668302993100e-002  0.00029   2.883532175357062e-004   4.724365332416630e-003   1.211908324503934e-001   2.157598266439859e+001   9.353218244163668e-003 2644.000 2761.000   10.000     0 C:\Users\akhodyre\Studies\hip\20081227\g074a006.fit
  1  0 2008 12 27 23 35  6      0 2051.94230 1505.17683    0.08213    0.07718       21.9   0   1    6 0 1 0 0 1  1.40000   1.854643797354336e-001   1.060211429350242e+000   1.615964734438320e+001   1.995360108625406e+003  -1.579862149336990e-002  0.00212   2.121709770635240e-003   3.446435481929349e-002   1.824348644486676e-001   4.484789399205585e+000   6.831691688278771e-002 2052.000 1505.000   10.000     0 C:\Users\akhodyre\Studies\hip\20081227\g074a006.fit
  1  0 2008 12 27 23 35  6      0 2335.45640  539.60229    0.02353    0.02283       27.7   0   1    7 0 1 0 0 1  1.40000   1.809681919065327e-001   1.025796210405871e+000   3.372633628771181e+001   1.980881393918103e+003  -1.707771952284630e-002  0.00059   5.852111755774769e-004   9.427520695871647e-003   1.066135727190252e-001   6.112964208521674e+000   1.867870960802939e-002 2335.000  540.000   10.000     0 C:\Users\akhodyre\Studies\hip\20081227\g074a006.fit
  1  0 2008 12 27 23 35  6      0 1977.54897  780.67150    0.04784    0.04523       21.7   0   1    8 0 1 0 0 1  1.40000   1.798083741730057e-001   1.055291772436926e+000   2.111548856393742e+001   1.993380993338463e+003  -3.594634845467648e-002  0.00117   1.174397068864886e-003   1.958758932358532e-002   1.346574342420968e-001   4.553206354752308e+000   3.880458574513122e-002 1977.000  780.000   10.000     0 C:\Users\akhodyre\Studies\hip\20081227\g074a006.fit
  1  0 2008 12 27 23 35  6      0  607.56941  836.69576    0.08346    0.08245       21.7   0   1    9 0 1 0 0 1  1.40000   1.865728343997138e-001   1.012839243782103e+000   1.579104751810680e+001   1.998170695987880e+003   1.851936896543933e-001  0.00219   2.193969993794164e-003   3.355627233035005e-002   1.823717570469636e-001   4.579661063414787e+000   6.698012165074802e-002  607.000  837.000   10.000     0 C:\Users\akhodyre\Studies\hip\20081227\g074a006.fit
  1  0 2008 12 27 23 35  6      0  587.39010 1136.32037    0.03132    0.03007       27.1   0   1   10 0 1 0 0 1  1.40000   1.758503171541463e-001   1.037168542869445e+000   2.906831168776996e+001   1.989004793333884e+003  -1.670670982800818e-002  0.00074   7.411527742506911e-004   1.242846749852916e-002   1.188311008900061e-001   6.092461624192346e+000   2.460862645684663e-002  588.000 1136.000   10.000     0 C:\Users\akhodyre\Studies\hip\20081227\g074a006.fit
  1  0 2008 12 27 23 35  6      0  544.94351  196.59216    0.06492    0.06197       21.6   0   1   11 0 1 0 0 1  1.40000   1.713133098429418e-001   1.036518864153837e+000   1.809802803361465e+001   1.983061850751874e+003  -5.243882211642256e-002  0.00147   1.465251795396986e-003   2.519733459671063e-002   1.488718905783945e-001   5.047816187173474e+000   4.989571306578425e-002  546.000  197.000   10.000     0 C:\Users\akhodyre\Studies\hip\20081227\g074a006.fit
  1  0 2008 12 27 23 35  6      0  405.14761  251.64071    0.04832    0.04517       23.2   0   1   12 0 1 0 0 1  1.40000   1.759490371233042e-001   1.063763018361100e+000   2.175239891839929e+001   1.988627169870336e+003  -5.701009488070200e-002  0.00114   1.139242336607943e-003   1.956955071096480e-002   1.373407269255791e-001   5.222871557761516e+000   3.877794811255079e-002  405.000  252.000   10.000     0 C:\Users\akhodyre\Studies\hip\20081227\g074a006.fit
  1  0 2008 12 27 23 35  6      0  258.11119  916.30857    0.07404    0.06746       20.3   0   1   13 0 1 0 0 1  1.40000   1.784053347215403e-001   1.085815966105135e+000   1.654237190417167e+001   1.994299299712412e+003  -8.295020796779064e-002  0.00178   1.778243307137106e-003   3.072103336768315e-002   1.611307048122312e-001   4.197479923407890e+000   6.096235729582257e-002  257.000  917.000   10.000     0 C:\Users\akhodyre\Studies\hip\20081227\g074a006.fit
  1  0 2008 12 27 23 35  6      0   68.77735 1257.82139    0.04755    0.04630       26.8   0   1   14 0 1 0 0 1  1.40000   1.816325128619417e-001   1.023330201996902e+000   2.333723043085204e+001   1.991592944375663e+003  -1.084312296243079e-002  0.00119   1.190922336840452e-003   1.906984410653478e-002   1.497273337057101e-001   5.927499812920604e+000   3.778102894810478e-002   69.000 1258.000   10.000     0 C:\Users\akhodyre\Studies\hip\20081227\g074a006.fit
  1  0 2008 12 27 23 35  6      0  263.27588 1834.49736    0.03490    0.03288       25.6   0   1   15 0 1 0 0 1  1.40000   1.754856143458276e-001   1.055327078624073e+000   2.685262458130593e+001   1.992549642741926e+003  -3.729788510667216e-002  0.00082   8.200380980331264e-004   1.401714044794374e-002   1.221438288639844e-001   5.826072656285177e+000   2.776488655644322e-002  263.000 1835.000   10.000     0 C:\Users\akhodyre\Studies\hip\20081227\g074a006.fit
