-0.010014999922064 0.0154020093975856
-0.0283493248709165 -0.16545712455823
0.0142627434888256 0.141413652620763
-0.00773218888495897 0.0488254660781757
-0.067741925806139 -0.0769261343048541
0.893576635263507 0.409748216977124
0.042147149262489 0.167305591688995
0.0113020641443927 0.0153052167242818
-0.0587308174641954 0.36652982170042
-0.0480354574391382 -0.302028709977183
0.193795920388135 -0.327241355822955
-0.411013107645448 -0.124167256579543
0.00533812156622142 0.188889567237369
-0.0455289761038188 0.0193940860431989
0.177917120726936 0.0471493152751051
