2355.86513625 1620.31911125 0.00992875 0.00965625
2498.94459875 2096.55980875 0.0099175 0.0096875
1676.03592125 2334.01764375 0.00946875 0.00933625
2714.60964375 2074.3193 0.01462875 0.01422625
2643.410585 2761.622585 0.01276875 0.0135125
2051.46245125 1505.42032875 0.09078125 0.08716125
2335.085715 539.94504625 0.02698375 0.02630375
1977.1855375 780.95295625 0.05288625 0.051735
607.38515 837.05393625 0.09869 0.09524
587.04562375 1136.6661325 0.03256875 0.031285
544.735875 196.95174 0.0757025 0.0723775
404.84426625 251.9564375 0.05229125 0.050945
257.751235 916.63953 0.08349125 0.08100625
68.49221 1258.18033 0.05250625 0.05072625
262.98187375 1834.8603075 0.0374625 0.03651375
