  1  0 2012 10 30  3 25  4      0 2337.96083 1854.70180    0.00825    0.00810      176.2   0   1    1 0 1 0 0 1  1.40000   2.057596258788524e-001   1.016776897592418e+000   1.425582490287139e+002   1.868172856775362e+003  -7.237671469855538e-002  0.00026   2.567341357065598e-004   3.596643037602592e-003   1.787189223692562e-001   3.195326013260901e+001   7.149443513162865e-003 2338.000 1855.000   10.000     0 C:\Users\akhodyre\Studies\hip\20121029\g074a008.fit
  1  0 2012 10 30  3 25  4      0 2481.79301 2330.10779    0.00846    0.00830      280.5   0   1    2 0 1 0 0 1  1.40000   2.028110830515041e-001   1.018785890477515e+000   1.777738969630201e+002   1.751169260637901e+003  -8.849604264097785e-002  0.00026   2.568478724175346e-004   3.656126903334010e-003   2.255006756286850e-001   5.157268267618984e+001   7.268883569209174e-003 2482.000 2330.000   10.000     0 C:\Users\akhodyre\Studies\hip\20121029\g074a008.fit
  1  0 2012 10 30  3 25  4      0 1659.46608 2569.99736    0.00790    0.00776      422.3   0   1    3 0 1 0 0 1  1.40000   2.056200037349718e-001   1.015463850665141e+000   2.255405863482619e+002   1.981993344267514e+003  -4.502588600911399e-002  0.00025   2.457495357928354e-004   3.443524834075298e-003   2.705610619838400e-001   7.596569319079094e+001   6.840621678625460e-003 1660.000 2570.000   10.000     0 C:\Users\akhodyre\Studies\hip\20121029\g074a008.fit
  1  0 2012 10 30  3 25  4      0 2697.58399 2308.10605    0.01162    0.01141       49.9   0   1    4 0 1 0 0 1  1.40000   1.991709283572816e-001   1.016710091316587e+000   6.399738274476690e+001   2.029690841335533e+003  -8.155632858954162e-002  0.00034   3.417929727396556e-004   4.946384999231588e-003   1.095127645568912e-001   9.379790828465017e+000   9.827475076784198e-003 2697.000 2308.000   10.000     0 C:\Users\akhodyre\Studies\hip\20121029\g074a008.fit
  1  0 2012 10 30  3 25  4      0 2627.52629 2995.20730    0.01174    0.01246       70.8   0   1    5 0 1 0 0 1  1.40000   1.804086493635903e-001   9.446885059233640e-001   7.489741080423354e+001   1.909626489936775e+003   7.716554513309083e-002  0.00030   2.951691625644691e-004   4.387160066697587e-003   1.182702083700511e-001   1.674208425143823e+001   8.694709227190586e-003 2628.000 2995.000   10.000     0 C:\Users\akhodyre\Studies\hip\20121029\g074a008.fit
  1  0 2012 10 30  3 25  4      0 2033.38324 1740.64340    0.07496    0.07244       21.9   0   1    6 0 1 0 0 1  1.40000   2.019626914004322e-001   1.034093650809140e+000   1.673895550972907e+001   2.080530818239414e+003  -1.585322217403095e-001  0.00225   2.254254007690663e-003   3.257485026762019e-002   1.870980089161438e-001   3.981412212301044e+000   6.496612007609781e-002 2034.000 1741.000   10.000     0 C:\Users\akhodyre\Studies\hip\20121029\g074a008.fit
  1  0 2012 10 30  3 25  4      0 2315.28585  774.58664    0.02245    0.02201       28.7   0   1    7 0 1 0 0 1  1.40000   2.071697464366571e-001   1.018628929346131e+000   3.490429665853898e+001   2.072855691741284e+003  -4.115263791095826e-002  0.00071   7.083647681130880e-004   9.882889138099265e-003   1.197603268980775e-001   4.968114357435921e+000   1.963355731451474e-002 2316.000  774.000   10.000     0 C:\Users\akhodyre\Studies\hip\20121029\g074a008.fit
  1  0 2012 10 30  3 25  4      0 1957.69813 1016.36062    0.04738    0.04554       24.6   0   1    8 0 1 0 0 1  1.40000   2.016659659526326e-001   1.039655118230372e+000   2.235961172830829e+001   2.069071498232812e+003  -9.477614289565464e-002  0.00142   1.421423521094958e-003   2.076207277344446e-002   1.578554369487452e-001   4.443348892226567e+000   4.128349432074496e-002 1958.000 1016.000   10.000     0 C:\Users\akhodyre\Studies\hip\20121029\g074a008.fit
  1  0 2012 10 30  3 25  4      0  588.23915 1075.19297    0.08488    0.08580       22.7   0   1    9 0 1 0 0 1  1.40000   2.131481590843698e-001   9.921688430729428e-001   1.584701914916633e+001   2.089312981131132e+003  -6.028737865430609e-002  0.00284   2.836103525011173e-003   3.743317791121984e-002   2.115581084781148e-001   3.718634787259066e+000   7.442635415845089e-002  589.000 1074.000   10.000     0 C:\Users\akhodyre\Studies\hip\20121029\g074a008.fit
  1  0 2012 10 30  3 25  4      0  568.33819 1374.51930    0.02787    0.02633       27.4   0   1   10 0 1 0 0 1  1.40000   2.000193201286671e-001   1.054938770888774e+000   3.089463679226302e+001   2.073165669191210e+003  -2.457442407150425e-002  0.00082   8.214987643283228e-004   1.229986578742463e-002   1.271998588833958e-001   5.019403624888707e+000   2.442270579099713e-002  568.000 1375.000   10.000     0 C:\Users\akhodyre\Studies\hip\20121029\g074a008.fit
  1  0 2012 10 30  3 25  4      0  524.28076  435.31113    0.06261    0.06164       24.1   0   1   11 0 1 0 0 1  1.40000   2.089924694353854e-001   1.016404204859429e+000   1.913876460320989e+001   2.071516670480102e+003  -1.126531543881774e-001  0.00201   2.006366798610741e-003   2.761046373689912e-002   1.849079862728588e-001   4.221300914835243e+000   5.495735585130548e-002  524.000  435.000   10.000     0 C:\Users\akhodyre\Studies\hip\20121029\g074a008.fit
  1  0 2012 10 30  3 25  4      0  384.49888  490.16495    0.04025    0.03990       22.8   0   1   13 0 1 0 0 1  1.40000   2.078403591133574e-001   1.012053782515563e+000   2.318882426186931e+001   2.068033521760016e+003  -7.105010724379626e-002  0.00128   1.282723665716814e-003   1.770816265778979e-002   1.432779084550645e-001   3.852981868148606e+000   3.518969894914907e-002  384.000  489.000   10.000     0 C:\Users\akhodyre\Studies\hip\20121029\g074a008.fit
  1  0 2012 10 30  3 25  4      0  238.84241 1155.18022    0.07371    0.07614       22.8   0   1   14 0 1 0 0 1  1.40000   2.228400919177404e-001   9.107386153199129e-001   1.752901205427898e+001   2.076143124661722e+003   6.319448029456887e-002  0.00268   2.678077496631869e-003   3.100312976768989e-002   1.958082030984330e-001   2.728907513131134e+000   6.198976879034199e-002  244.000 1157.000   10.000     0 C:\Users\akhodyre\Studies\hip\20121029\g074a008.fit
  1  0 2012 10 30  3 25  4      0   49.97403 1497.26694    0.03890    0.03877       24.7   0   1   15 0 1 0 0 1  1.40000   2.020849992006352e-001   1.003068302770788e+000   2.453361885061873e+001   2.063957381711349e+003  -5.057432803035136e-002  0.00118   1.176378867836139e-003   1.656816362627468e-002   1.427162900764401e-001   4.619848927991731e+000   3.290147844736500e-002   50.000 1497.000   10.000     0 C:\Users\akhodyre\Studies\hip\20121029\g074a008.fit
  1  0 2012 10 30  3 25  4      0  245.57085 2073.06295    0.03060    0.02967       25.9   0   1   16 0 1 0 0 1  1.40000   2.043762178787669e-001   1.029090961474848e+000   2.847913296073736e+001   2.076722347996734e+003  -6.075795484091943e-002  0.00094   9.401667264695592e-004   1.342754469026506e-002   1.314699499931116e-001   4.641608205417898e+000   2.667764232958490e-002  245.000 2073.000   10.000     0 C:\Users\akhodyre\Studies\hip\20121029\g074a008.fit
