  1  0 2012 10 30  3 24  7      0 2338.25939 1855.22417    0.01164    0.01166      260.7   0   1    1 0 1 0 0 1  1.40000   2.091424702790350e-001   9.976284598780828e-001   1.452830283169816e+002   1.801763981549721e+003   2.936334449764774e-002  0.00037   3.739848590024647e-004   5.062531071205446e-003   2.611936468170732e-001   4.637293842934923e+001   1.005599781820798e-002 2338.000 1855.000   10.000     0 C:\Users\akhodyre\Studies\hip\20121029\g074a006.fit
  1  0 2012 10 30  3 24  7      0 2482.08843 2330.64615    0.01198    0.01207      422.1   0   1    2 0 1 0 0 1  1.40000   2.093967035795657e-001   9.918504061590718e-001   1.818450865791231e+002   1.724217540136506e+003   1.935575138787836e-002  0.00039   3.860291253985687e-004   5.189304157650826e-003   3.372159151987326e-001   7.604836615764957e+001   1.030799183802221e-002 2482.000 2331.000   10.000     0 C:\Users\akhodyre\Studies\hip\20121029\g074a006.fit
  1  0 2012 10 30  3 24  7      0 1659.72045 2570.54997    0.01091    0.01123      622.4   0   1    3 0 1 0 0 1  1.40000   2.129701971560758e-001   9.730612860182790e-001   2.303124131880084e+002   1.846772297644928e+003   4.695074336576276e-002  0.00036   3.636685470029216e-004   4.713320932930910e-003   3.954376348562874e-001   1.086086866892373e+002   9.365089185993651e-003 1660.000 2570.000   10.000     0 C:\Users\akhodyre\Studies\hip\20121029\g074a006.fit
  1  0 2012 10 30  3 24  7      0 2697.91113 2308.61954    0.01459    0.01488       65.8   0   1    4 0 1 0 0 1  1.40000   2.034843656964539e-001   9.822407700761585e-001   6.500850720674839e+001   2.011492237096271e+003   3.184096879661456e-002  0.00045   4.484447710258026e-004   6.144599756154458e-003   1.429090081127638e-001   1.219450951300346e+001   1.219779929260317e-002 2698.000 2308.000   10.000     0 C:\Users\akhodyre\Studies\hip\20121029\g074a006.fit
  1  0 2012 10 30  3 24  7      0 2627.80747 2995.79051    0.01399    0.01552       91.0   0   1    5 0 1 0 0 1  1.40000   1.899348479768533e-001   9.124395997034375e-001   7.688399845025248e+001   1.917172063056692e+003   1.416422505984581e-001  0.00039   3.875730821899022e-004   5.260271692455624e-003   1.523900787654025e-001   1.976343268459595e+001   1.046682494122288e-002 2628.000 2995.000   10.000     0 C:\Users\akhodyre\Studies\hip\20121029\g074a006.fit
  1  0 2012 10 30  3 24  7      0 2033.67540 1741.13943    0.07488    0.07132       22.5   0   1    6 0 1 0 0 1  1.40000   2.065571740634442e-001   1.047606036162606e+000   1.703181265601831e+001   2.080053001551251e+003   3.285394131378514e-002  0.00234   2.339781200895771e-003   3.367639889005027e-002   1.943542812851858e-001   3.924532759103721e+000   6.689524847246853e-002 2034.000 1741.000   10.000     0 C:\Users\akhodyre\Studies\hip\20121029\g074a006.fit
  1  0 2012 10 30  3 24  7      0 2315.47459  775.15195    0.02649    0.02654       34.7   0   1    7 0 1 0 0 1  1.40000   2.013971775517492e-001   9.972413946633700e-001   3.519737276817926e+001   2.056176361453913e+003   6.843507068090711e-002  0.00080   7.967216505254645e-004   1.118829220074651e-002   1.389300174425011e-001   6.534920679862539e+000   2.222728177847696e-002 2315.000  775.000   10.000     0 C:\Users\akhodyre\Studies\hip\20121029\g074a006.fit
  1  0 2012 10 30  3 24  7      0 1958.10839 1016.97881    0.04952    0.05076       27.1   0   1    8 0 1 0 0 1  1.40000   2.040425739302786e-001   9.732607162338635e-001   2.263314716941886e+001   2.062956619513588e+003   1.666558384788176e-002  0.00153   1.527817451618737e-003   2.068910597516357e-002   1.689873076897829e-001   5.047668189233831e+000   4.106805250955309e-002 1959.000 1017.000   10.000     0 C:\Users\akhodyre\Studies\hip\20121029\g074a006.fit
  1  0 2012 10 30  3 24  7      0  588.51079 1075.63909    0.07329    0.07848       22.3   0   1    9 0 1 0 0 1  1.40000   2.284505612018064e-001   9.352446953380236e-001   1.660898546854584e+001   2.084198414214572e+003   9.640642128701774e-002  0.00278   2.777313241466609e-003   3.216836391568078e-002   2.049736950558737e-001   3.657087300514994e+000   6.407171011004992e-002  588.000 1076.000   10.000     0 C:\Users\akhodyre\Studies\hip\20121029\g074a006.fit
  1  0 2012 10 30  3 24  7      0  568.74131 1375.18216    0.02669    0.02703       27.7   0   1   10 0 1 0 0 1  1.40000   2.087370520790462e-001   9.857986668780835e-001   3.122182562187797e+001   2.069488350860533e+003   1.268399560423049e-002  0.00086   8.560522622040021e-004   1.147556206515237e-002   1.284321324542639e-001   4.941130015578175e+000   2.278963807277713e-002  568.000 1375.000   10.000     0 C:\Users\akhodyre\Studies\hip\20121029\g074a006.fit
  1  0 2012 10 30  3 24  7      0  524.76390  435.77519    0.05991    0.06017       24.5   0   1   11 0 1 0 0 1  1.40000   2.163913814856351e-001   9.970332608958102e-001   1.960129665080175e+001   2.071803247600884e+003   2.566656525614549e-002  0.00205   2.049729416440413e-003   2.679545364609637e-002   1.874681129245008e-001   4.058846278694965e+000   5.324619045481992e-002  525.000  435.000   10.000     0 C:\Users\akhodyre\Studies\hip\20121029\g074a006.fit
  1  0 2012 10 30  3 24  7      0  384.84887  490.75212    0.04087    0.04312       24.5   0   1   12 0 1 0 0 1  1.40000   2.182665305947113e-001   9.485132430105163e-001   2.341715255779579e+001   2.069050363633668e+003   5.359456708492816e-002  0.00143   1.425270519580650e-003   1.756184300093763e-002   1.543259790684838e-001   4.277884654871225e+000   3.491320096020291e-002  385.000  491.000   10.000     0 C:\Users\akhodyre\Studies\hip\20121029\g074a006.fit
  1  0 2012 10 30  3 24  7      0  238.98133 1155.95086    0.07604    0.07660       24.3   0   1   13 0 1 0 0 1  1.40000   2.052449013218892e-001   9.928216227320698e-001   1.735224802492948e+001   2.073358853677914e+003  -5.701919775715268e-002  0.00237   2.366310217943172e-003   3.246308207887379e-002   2.003164299489622e-001   4.469326939240385e+000   6.451197810137159e-002  239.000 1157.000   10.000     0 C:\Users\akhodyre\Studies\hip\20121029\g074a006.fit
  1  0 2012 10 30  3 24  7      0   50.28372 1497.77173    0.03899    0.03831       25.2   0   1   14 0 1 0 0 1  1.40000   2.127871140038583e-001   1.014766610990000e+000   2.476590245579749e+001   2.074329031595128e+003  -1.003636861170493e-002  0.00129   1.288460414123379e-003   1.743697349828029e-002   1.514079768270213e-001   4.294067319708319e+000   3.464715186761548e-002   51.000 1498.000   10.000     0 C:\Users\akhodyre\Studies\hip\20121029\g074a006.fit
  1  0 2012 10 30  3 24  7      0  245.86425 2073.61944    0.03296    0.03371       29.8   0   1   15 0 1 0 0 1  1.40000   2.137743032196230e-001   9.847933482471648e-001   2.908061366734656e+001   2.074748275742546e+003   1.364647036753314e-002  0.00111   1.111587885635521e-003   1.453238394427876e-002   1.514270899567255e-001   4.812189390288477e+000   2.886866007090444e-002  246.000 2072.000   10.000     0 C:\Users\akhodyre\Studies\hip\20121029\g074a006.fit
