  1  0 2012 10 30  3 22 41      0 2337.12773 1855.56995    0.00851    0.00826      160.7   0   1    1 0 1 0 0 1  1.40000   1.859687726637827e-001   1.027147853330285e+000   1.349159491807829e+002   1.691573952955574e+003  -6.097448922072220e-002  0.00022   2.218083256082302e-004   3.477821892518431e-003   1.584428008236353e-001   3.402615953556470e+001   6.899301030302237e-003 2337.000 1856.000   10.000     0 C:\Users\akhodyre\Studies\hip\20121029\g074a003.fit
  1  0 2012 10 30  3 22 41      0 2480.94600 2331.02969    0.00830    0.00809      244.6   0   1    2 0 1 0 0 1  1.40000   1.824345831184878e-001   1.023405396201584e+000   1.685563754956401e+002   1.363561844256933e+003  -6.896009204492623e-002  0.00021   2.095690263518725e-004   3.337435549912700e-003   1.896163511994881e-001   5.344266792982060e+001   6.618673362605285e-003 2481.000 2331.000   10.000     0 C:\Users\akhodyre\Studies\hip\20121029\g074a003.fit
  1  0 2012 10 30  3 22 41      0 1658.63098 2570.87836    0.00664    0.00659      322.3   0   1    3 0 1 0 0 1  1.40000   1.945890883655498e-001   1.004446386383940e+000   2.148481649726445e+002   1.939955917957656e+003  -1.639952800123352e-002  0.00019   1.876664059219161e-004   2.751161005919091e-003   2.055615449854688e-001   6.423546239949998e+001   5.457705522499560e-003 1659.000 2571.000   10.000     0 C:\Users\akhodyre\Studies\hip\20121029\g074a003.fit
  1  0 2012 10 30  3 22 41      0 2696.82356 2308.96056    0.01204    0.01183       45.7   0   1    4 0 1 0 0 1  1.40000   1.813132114577056e-001   1.015399229966671e+000   6.040985700329880e+001   2.000598574192214e+003  -6.841736558713568e-002  0.00030   3.012645398914906e-004   4.789935289622990e-003   9.805582830535434e-002   1.017922929952418e+001   9.497947199427323e-003 2697.000 2309.000   10.000     0 C:\Users\akhodyre\Studies\hip\20121029\g074a003.fit
  1  0 2012 10 30  3 22 41      0 2626.73634 2996.07783    0.01123    0.01194       62.0   0   1    5 0 1 0 0 1  1.40000   1.678359701262855e-001   9.432405333497183e-001   7.195422608974467e+001   1.868253352180585e+003   6.150446452286933e-002  0.00025   2.507607716238574e-004   4.006113443409313e-003   1.015571446154753e-001   1.696751206039843e+001   7.923224370303787e-003 2627.000 2996.000   10.000     0 C:\Users\akhodyre\Studies\hip\20121029\g074a003.fit
  1  0 2012 10 30  3 22 41      0 2032.48872 1741.44346    0.08852    0.08899       24.6   0   1    6 0 1 0 0 1  1.40000   1.794692051965450e-001   9.953818714188752e-001   1.628373090480694e+001   2.069186233446123e+003  -1.698312379006609e-001  0.00218   2.184382328051350e-003   3.418515551466185e-002   1.923645137825542e-001   5.643022146029357e+000   6.812403005769319e-002 2033.000 1742.000   10.000     0 C:\Users\akhodyre\Studies\hip\20121029\g074a003.fit
  1  0 2012 10 30  3 22 41      0 2314.37717  775.39841    0.02395    0.02384       27.8   0   1    7 0 1 0 0 1  1.40000   1.872786375066598e-001   1.003964826170761e+000   3.328664389396099e+001   2.054310889682006e+003  -1.398404530676958e-002  0.00063   6.348282992194520e-004   9.669422151289036e-003   1.108196366455726e-001   5.817138923907002e+000   1.916488934835738e-002 2314.000  775.000   10.000     0 C:\Users\akhodyre\Studies\hip\20121029\g074a003.fit
  1  0 2012 10 30  3 22 41      0 1956.91291 1017.23853    0.04665    0.04756       23.3   0   1    8 0 1 0 0 1  1.40000   1.973808162419047e-001   9.875838267096686e-001   2.167060755997092e+001   2.068388815834000e+003  -7.672177485287478e-002  0.00136   1.364114011050589e-003   1.935421610656430e-002   1.479713964104490e-001   4.319532149487935e+000   3.844003802625554e-002 1957.000 1016.000   10.000     0 C:\Users\akhodyre\Studies\hip\20121029\g074a003.fit
  1  0 2012 10 30  3 22 41      0  587.39293 1075.95401    0.10103    0.10064       23.6   0   1    9 0 1 0 0 1  1.40000   1.815846785965024e-001   1.002305400567408e+000   1.494557668611243e+001   2.080838223663475e+003  -8.868138514732626e-002  0.00254   2.539215221348430e-003   3.975873001216394e-002   2.038279354492024e-001   5.287372815229844e+000   7.887929683225745e-002  587.000 1076.000   10.000     0 C:\Users\akhodyre\Studies\hip\20121029\g074a003.fit
  1  0 2012 10 30  3 22 41      0  567.74570 1375.46956    0.03176    0.03085       27.8   0   1   10 0 1 0 0 1  1.40000   1.867385927776278e-001   1.024959834499648e+000   2.904362219302331e+001   2.072351735759774e+003  -8.088890940296883e-002  0.00083   8.335659662813273e-004   1.297846115942268e-002   1.275520301281019e-001   5.749927271233081e+000   2.576532074569215e-002  567.000 1376.000   10.000     0 C:\Users\akhodyre\Studies\hip\20121029\g074a003.fit
  1  0 2012 10 30  3 22 41      0  523.44302  436.08282    0.06891    0.06816       23.6   0   1   11 0 1 0 0 1  1.40000   1.829141109323703e-001   1.008807916590875e+000   1.810308670872128e+001   2.065443026258095e+003   5.532177615354000e-002  0.00175   1.751808426402198e-003   2.743342620922576e-002   1.694704307166905e-001   5.143780801867020e+000   5.439900758479557e-002  523.000  437.000   10.000     0 C:\Users\akhodyre\Studies\hip\20121029\g074a003.fit
  1  0 2012 10 30  3 22 41      0  383.86507  491.19780    0.05100    0.04931       25.5   0   1   12 0 1 0 0 1  1.40000   1.914575505037800e-001   1.028915960770527e+000   2.198446441495988e+001   2.069593262687137e+003  -2.476586977518371e-002  0.00140   1.396716169616626e-003   2.131619056451943e-002   1.586569599657927e-001   5.012466143561319e+000   4.229564318769580e-002  383.000  492.000   10.000     0 C:\Users\akhodyre\Studies\hip\20121029\g074a003.fit
  1  0 2012 10 30  3 22 41      0  238.10221 1155.96517    0.08102    0.07910       23.3   0   1   13 0 1 0 0 1  1.40000   1.851300615959139e-001   1.019320884046607e+000   1.667381100441488e+001   2.069017903945961e+003  -3.321767650779145e-002  0.00210   2.097315711426748e-003   3.279928999876527e-002   1.850632262918048e-001   4.837833040988980e+000   6.504134244550867e-002  239.000 1157.000   10.000     0 C:\Users\akhodyre\Studies\hip\20121029\g074a003.fit
  1  0 2012 10 30  3 22 41      0   49.14630 1498.01811    0.04366    0.04352       25.2   0   1   14 0 1 0 0 1  1.40000   1.806096143426621e-001   1.002140075377048e+000   2.347775523762780e+001   2.053935649841449e+003  -7.802240813702768e-002  0.00109   1.087736988253591e-003   1.712955241215079e-002   1.377481103491742e-001   5.709824336143779e+000   3.396880244731137e-002   49.000 1498.000   10.000     0 C:\Users\akhodyre\Studies\hip\20121029\g074a003.fit
  1  0 2012 10 30  3 22 41      0  244.78176 2074.01377    0.03329    0.03290       25.1   0   1   15 0 1 0 0 1  1.40000   1.895220968010082e-001   1.008391675893783e+000   2.685680893141343e+001   2.073835179942323e+003  -3.768729279130045e-002  0.00090   8.991402277039598e-004   1.358412830379352e-002   1.254692257465417e-001   5.087484054050563e+000   2.695333193238205e-002  244.000 2075.000   10.000     0 C:\Users\akhodyre\Studies\hip\20121029\g074a003.fit
