  1  0 2012 10 30  3 23 38      0 2338.53563 1855.17514    0.00987    0.00967      224.4   0   1    1 0 1 0 0 1  1.40000   2.118042420449667e-001   1.019333033644436e+000   1.470865438187967e+002   1.825014263272376e+003   7.198167063443593e-002  0.00032   3.234206187461607e-004   4.411874116954484e-003   2.266650303424693e-001   3.841621023197281e+001   8.772257494029287e-003 2339.000 1855.000   10.000     0 C:\Users\akhodyre\Studies\hip\20121029\g074a005.fit
  1  0 2012 10 30  3 23 38      0 2482.32475 2330.65323    0.00989    0.00971      356.7   0   1    2 0 1 0 0 1  1.40000   2.152073236496041e-001   1.017881564063864e+000   1.850179998859174e+002   1.921519443325873e+003   8.126151056588141e-002  0.00033   3.334537526928441e-004   4.467993446896478e-003   2.902687542937646e-001   6.024774422613837e+001   8.890018942848302e-003 2482.000 2331.000   10.000     0 C:\Users\akhodyre\Studies\hip\20121029\g074a005.fit
  1  0 2012 10 30  3 23 38      0 1659.95575 2570.55093    0.00892    0.00877      512.2   0   1    3 0 1 0 0 1  1.40000   2.141184209394907e-001   1.017847401357123e+000   2.335253042643658e+002   1.991892535796380e+003   1.018052817431015e-001  0.00030   2.984995559329804e-004   4.016679161625254e-003   3.289162370683662e-001   8.575676817418929e+001   7.994720953934569e-003 1660.000 2570.000   10.000     0 C:\Users\akhodyre\Studies\hip\20121029\g074a005.fit
  1  0 2012 10 30  3 23 38      0 2698.18066 2308.58033    0.01385    0.01362       64.5   0   1    4 0 1 0 0 1  1.40000   2.133262991497655e-001   1.016479681325587e+000   6.645080217749442e+001   2.066391089633944e+003   9.442820535943051e-002  0.00046   4.597545593046063e-004   6.202916514066613e-003   1.447919662771658e-001   1.105866833252152e+001   1.234561089323419e-002 2698.000 2309.000   10.000     0 C:\Users\akhodyre\Studies\hip\20121029\g074a005.fit
  1  0 2012 10 30  3 23 38      0 2628.06779 2995.75744    0.01322    0.01456       89.1   0   1    5 0 1 0 0 1  1.40000   1.991764426181414e-001   9.158034599599966e-001   7.806495492635062e+001   1.982058898270105e+003   2.030305770155175e-001  0.00040   3.956344672968033e-004   5.103850301429854e-003   1.528988245545210e-001   1.845633612661990e+001   1.021584865888297e-002 2628.000 2996.000   10.000     0 C:\Users\akhodyre\Studies\hip\20121029\g074a005.fit
  1  0 2012 10 30  3 23 38      0 2034.03511 1741.19530    0.07508    0.06980       23.2   0   1    6 0 1 0 0 1  1.40000   2.163666250015889e-001   1.073297516029121e+000   1.733504941982389e+001   2.085677165305361e+003   2.800056041800103e-003  0.00254   2.542477175059974e-003   3.578535824529348e-002   2.071830677993226e-001   3.706863747639869e+000   7.113146330449326e-002 2034.000 1741.000   10.000     0 C:\Users\akhodyre\Studies\hip\20121029\g074a005.fit
  1  0 2012 10 30  3 23 38      0 2315.75498  775.00715    0.02326    0.02276       31.3   0   1    7 0 1 0 0 1  1.40000   2.088384368855300e-001   1.020942555940337e+000   3.581170254293899e+001   2.068524888282876e+003   8.103099407277122e-002  0.00074   7.432728313392342e-004   1.029697708146717e-002   1.283999830636053e-001   5.508343870672573e+000   2.047598145305300e-002 2316.000  775.000   10.000     0 C:\Users\akhodyre\Studies\hip\20121029\g074a005.fit
  1  0 2012 10 30  3 23 38      0 1958.27217 1016.94809    0.04132    0.03925       22.8   0   1    8 0 1 0 0 1  1.40000   2.103577435634217e-001   1.049382280869643e+000   2.307919508094705e+001   2.073536955231723e+003   6.415941969824500e-002  0.00133   1.332902862612894e-003   1.885352600999684e-002   1.477092930145353e-001   3.839884841728011e+000   3.748136086925723e-002 1959.000 1017.000   10.000     0 C:\Users\akhodyre\Studies\hip\20121029\g074a005.fit
  1  0 2012 10 30  3 23 38      0  588.80529 1075.64095    0.07270    0.06896       21.9   0   1    9 0 1 0 0 1  1.40000   2.188566345810229e-001   1.054665178055710e+000   1.705478401159162e+001   2.085897394601004e+003   1.011196391718756e-001  0.00252   2.521494246343424e-003   3.439592560024303e-002   1.996970384753123e-001   3.446923309266928e+000   6.847858666810990e-002  589.000 1075.000   10.000     0 C:\Users\akhodyre\Studies\hip\20121029\g074a005.fit
  1  0 2012 10 30  3 23 38      0  568.94807 1375.08758    0.02992    0.02844       30.8   0   1   10 0 1 0 0 1  1.40000   2.037345714689193e-001   1.054297062096373e+000   3.158227796287606e+001   2.070626905734558e+003   8.643176779551763e-002  0.00092   9.154344270981858e-004   1.342623118025218e-002   1.421986931724493e-001   5.234248452106278e+000   2.668902653256577e-002  569.000 1374.000   10.000     0 C:\Users\akhodyre\Studies\hip\20121029\g074a005.fit
  1  0 2012 10 30  3 23 38      0  524.95878  435.84787    0.05919    0.05814       23.5   0   1   11 0 1 0 0 1  1.40000   2.109606668971469e-001   1.014477268033400e+000   1.944814352792524e+001   2.072562438801077e+003   6.808976875684925e-002  0.00193   1.926762399692048e-003   2.626583806107266e-002   1.788211809151373e-001   4.010278141439329e+000   5.221877972595983e-002  526.000  436.000   10.000     0 C:\Users\akhodyre\Studies\hip\20121029\g074a005.fit
  1  0 2012 10 30  3 23 38      0  385.13597  490.64283    0.04138    0.04104       24.8   0   1   12 0 1 0 0 1  1.40000   2.116163310915073e-001   1.009570339735532e+000   2.383707024159694e+001   2.065872221715904e+003   7.167120576239031e-002  0.00136   1.358169106394059e-003   1.836658632438554e-002   1.541099828627988e-001   4.238818972320418e+000   3.651734732940781e-002  385.000  490.000   10.000     0 C:\Users\akhodyre\Studies\hip\20121029\g074a005.fit
  1  0 2012 10 30  3 23 38      0  239.37716 1155.84558    0.06886    0.06587       23.7   0   1   13 0 1 0 0 1  1.40000   2.217923311920418e-001   1.041101602154899e+000   1.821257752935296e+001   2.076565965687911e+003   5.129816554754930e-002  0.00245   2.453784496849947e-003   3.266095379102228e-002   2.038704637479791e-001   3.501998416782557e+000   6.494833131705938e-002  241.000 1155.000   10.000     0 C:\Users\akhodyre\Studies\hip\20121029\g074a005.fit
  1  0 2012 10 30  3 23 38      0   50.33780 1497.75623    0.03821    0.03640       25.2   0   1   14 0 1 0 0 1  1.40000   2.074679143459121e-001   1.046606080568643e+000   2.523930746522334e+001   2.066824082656342e+003   8.333234830577035e-002  0.00120   1.202801866070431e-003   1.719495722390190e-002   1.474538742368471e-001   4.363013113872257e+000   3.419534943042278e-002   51.000 1498.000   10.000     0 C:\Users\akhodyre\Studies\hip\20121029\g074a005.fit
  1  0 2012 10 30  3 23 38      0  246.07253 2073.58043    0.02947    0.02771       26.2   0   1   15 0 1 0 0 1  1.40000   2.102501409033423e-001   1.062786683463230e+000   2.939196926849055e+001   2.077262089886211e+003   8.446245750252245e-002  0.00095   9.500410030899191e-004   1.360829797302793e-002   1.342221214777675e-001   4.348771785007289e+000   2.706585103465839e-002  246.000 2073.000   10.000     0 C:\Users\akhodyre\Studies\hip\20121029\g074a005.fit
