  1  0 2012 10 30  3 22 12      0 2336.51417 1856.25503    0.01076    0.01072      240.9   0   1    1 0 1 0 0 1  1.40000   2.170516694491342e-001   1.003110267032337e+000   1.452940765708653e+002   1.970607371867869e+003   1.832798461176816e-002  0.00037   3.691574137609836e-004   4.840692760265488e-003   2.500798251758565e-001   4.019819422970302e+001   9.620084512363706e-003 2337.000 1856.000   10.000     0 C:\Users\akhodyre\Studies\hip\20121029\g074a002.fit
  1  0 2012 10 30  3 22 12      0 2480.32329 2331.68989    0.01034    0.01037      359.7   0   1    2 0 1 0 0 1  1.40000   2.136751805438411e-001   9.979546972263943e-001   1.810294889558214e+002   1.859883518062976e+003   1.492929854201652e-002  0.00035   3.458504059436473e-004   4.583969679592456e-003   2.950872799044268e-001   6.039371649879875e+001   9.106609863744179e-003 2481.000 2331.000   10.000     0 C:\Users\akhodyre\Studies\hip\20121029\g074a002.fit
  1  0 2012 10 30  3 22 12      0 1657.91815 2571.65740    0.00915    0.00925      510.3   0   1    3 0 1 0 0 1  1.40000   2.162987281132485e-001   9.884809629871653e-001   2.284253565127044e+002   2.154836411105510e+003   3.819903579225543e-002  0.00031   3.123130797995947e-004   4.048388619847409e-003   3.335598838929023e-001   8.776305093947617e+001   8.047338674883940e-003 1658.000 2572.000   10.000     0 C:\Users\akhodyre\Studies\hip\20121029\g074a002.fit
  1  0 2012 10 30  3 22 12      0 2696.15366 2309.65397    0.01337    0.01333       59.5   0   1    4 0 1 0 0 1  1.40000   2.079277415985971e-001   1.003863955744852e+000   6.485192556420235e+001   2.043287321368631e+003   2.405268830254764e-002  0.00043   4.257723268428796e-004   5.834258870176033e-003   1.332814224495942e-001   1.046335222436930e+001   1.158675564186030e-002 2696.000 2309.000   10.000     0 C:\Users\akhodyre\Studies\hip\20121029\g074a002.fit
  1  0 2012 10 30  3 22 12      0 2626.03994 2996.86613    0.01350    0.01476       85.6   0   1    5 0 1 0 0 1  1.40000   1.914994659327268e-001   9.199691619958471e-001   7.597177827256559e+001   1.952741842317748e+003   1.514009545853672e-001  0.00038   3.772929919622762e-004   5.115918860274431e-003   1.463570076485504e-001   1.889932599168544e+001   1.019148495227789e-002 2626.000 2997.000   10.000     0 C:\Users\akhodyre\Studies\hip\20121029\g074a002.fit
  1  0 2012 10 30  3 22 12      0 2031.82461 1742.30801    0.07179    0.07490       23.7   0   1    6 0 1 0 0 1  1.40000   2.168899003257582e-001   9.595119600863630e-001   1.743475733426177e+001   2.079571235181213e+003  -3.626528064283533e-003  0.00247   2.474013652254743e-003   3.106073556414868e-002   2.005432786786689e-001   4.101033639306579e+000   6.170797301427870e-002 2032.000 1742.000   10.000     0 C:\Users\akhodyre\Studies\hip\20121029\g074a002.fit
  1  0 2012 10 30  3 22 12      0 2313.72633  776.13924    0.02160    0.02170       29.3   0   1    7 0 1 0 0 1  1.40000   2.145116324167370e-001   9.949178868060862e-001   3.569112490737652e+001   2.069483986440816e+003   3.960060743119373e-002  0.00073   7.264367486283968e-004   9.557615351466060e-003   1.220554766989588e-001   5.038763074496600e+000   1.899446622124090e-002 2314.000  776.000   10.000     0 C:\Users\akhodyre\Studies\hip\20121029\g074a002.fit
  1  0 2012 10 30  3 22 12      0 1956.18735 1018.08223    0.04688    0.04609       25.3   0   1    8 0 1 0 0 1  1.40000   2.139783755605745e-001   1.016346904528263e+000   2.264121281718472e+001   2.079183695980794e+003   5.995223526467100e-002  0.00157   1.565371949352920e-003   2.108067981041820e-002   1.675032864974049e-001   4.306987070762213e+000   4.191448088385858e-002 1956.000 1018.000   10.000     0 C:\Users\akhodyre\Studies\hip\20121029\g074a002.fit
  1  0 2012 10 30  3 22 12      0  586.54712 1076.72850    0.07651    0.07606       22.1   0   1    9 0 1 0 0 1  1.40000   2.148585632786499e-001   1.006419153984621e+000   1.650868737300591e+001   2.084530489590641e+003  -3.607671435436849e-003  0.00258   2.581326324244601e-003   3.431310994483715e-002   2.001548522852036e-001   3.664420018505870e+000   6.817520344238756e-002  587.000 1076.000   10.000     0 C:\Users\akhodyre\Studies\hip\20121029\g074a002.fit
  1  0 2012 10 30  3 22 12      0  566.87617 1376.21436    0.02663    0.02625       27.2   0   1   10 0 1 0 0 1  1.40000   2.084038947176582e-001   1.013798363710859e+000   3.113699962856759e+001   2.073973800965923e+003   5.513991500420770e-002  0.00085   8.489759209002394e-004   1.171382671282359e-002   1.276328250425210e-001   4.808701310551278e+000   2.327671532716364e-002  567.000 1376.000   10.000     0 C:\Users\akhodyre\Studies\hip\20121029\g074a002.fit
  1  0 2012 10 30  3 22 12      0  522.62768  436.86179    0.05615    0.05504       22.8   0   1   11 0 1 0 0 1  1.40000   2.236705715876813e-001   1.018538021771982e+000   1.961502413730679e+001   2.075834184352836e+003   1.975106288293213e-002  0.00203   2.028416715697765e-003   2.619991388718945e-002   1.812116864876716e-001   3.633519799426450e+000   5.210123839124554e-002  523.000  437.000   10.000     0 C:\Users\akhodyre\Studies\hip\20121029\g074a002.fit
  1  0 2012 10 30  3 22 12      0  383.06491  491.72257    0.04520    0.04538       25.8   0   1   12 0 1 0 0 1  1.40000   2.078921973190699e-001   9.948787524499185e-001   2.315081302595820e+001   2.069196961018528e+003  -1.625927321060675e-002  0.00144   1.437047379813600e-003   1.951893474164512e-002   1.608026447763216e-001   4.679950930938982e+000   3.876657754934025e-002  383.000  492.000   10.000     0 C:\Users\akhodyre\Studies\hip\20121029\g074a002.fit
  1  0 2012 10 30  3 22 12      0  237.20179 1156.84238    0.07483    0.07495       24.9   0   1   13 0 1 0 0 1  1.40000   2.158779352841449e-001   9.946022611658283e-001   1.768879798785797e+001   2.079735650234363e+003  -5.101716029053639e-002  0.00254   2.543800463069168e-003   3.323558892454288e-002   2.102110349430416e-001   4.127198212232759e+000   6.606984150007403e-002  236.000 1157.000   10.000     0 C:\Users\akhodyre\Studies\hip\20121029\g074a002.fit
  1  0 2012 10 30  3 22 12      0   48.27148 1498.80619    0.03993    0.03962       26.1   0   1   14 0 1 0 0 1  1.40000   2.108168253191773e-001   1.008983184665467e+000   2.490158505652169e+001   2.068137695426872e+003   7.185548181508198e-003  0.00130   1.302498920706113e-003   1.769325794924666e-002   1.547644960838937e-001   4.448643860632934e+000   3.514354099501952e-002   48.000 1498.000   10.000     0 C:\Users\akhodyre\Studies\hip\20121029\g074a002.fit
  1  0 2012 10 30  3 22 12      0  243.93745 2074.61755    0.02986    0.03064       26.6   0   1   15 0 1 0 0 1  1.40000   2.147660328240670e-001   9.761800155389591e-001   2.878200017484936e+001   2.076996708597713e+003   1.181992163074296e-002  0.00101   1.010042442439030e-003   1.302891606198368e-002   1.363445943807389e-001   4.564207262284240e+000   2.588257432018660e-002  244.000 2074.000   10.000     0 C:\Users\akhodyre\Studies\hip\20121029\g074a002.fit
