  1  0 2012 10 30  3 23 10      0 2337.75929 1856.11697    0.00775    0.00797      182.1   0   1    1 0 1 0 0 1  1.40000   2.242027602851427e-001   9.726336213882507e-001   1.475986800539893e+002   1.996802336132554e+003   3.712911047625021e-002  0.00028   2.825687392172520e-004   3.476436896395689e-003   1.888951439320284e-001   2.988729102047169e+001   6.912632879293424e-003 2338.000 1856.000   10.000     0 C:\Users\akhodyre\Studies\hip\20121029\g074a004.fit
  1  0 2012 10 30  3 23 10      0 2481.60426 2331.51312    0.00718    0.00739      262.8   0   1    2 0 1 0 0 1  1.40000   2.212301122816583e-001   9.734678846044605e-001   1.842740156673347e+002   1.930448842176510e+003   2.182681911187826e-002  0.00026   2.561689363754186e-004   3.197933935546248e-003   2.159831347642228e-001   4.336709700833659e+001   6.356066132757240e-003 2482.000 2331.000   10.000     0 C:\Users\akhodyre\Studies\hip\20121029\g074a004.fit
  1  0 2012 10 30  3 23 10      0 1659.31128 2571.38541    0.00657    0.00686      388.3   0   1    3 0 1 0 0 1  1.40000   2.265207550503230e-001   9.581656815504720e-001   2.331996489990176e+002   2.343857281254120e+003   5.624963567721409e-002  0.00024   2.446087521688766e-004   2.932824089851112e-003   2.556528882304061e-001   6.298899170823232e+001   5.834010318034526e-003 1659.000 2571.000   10.000     0 C:\Users\akhodyre\Studies\hip\20121029\g074a004.fit
  1  0 2012 10 30  3 23 10      0 2697.43010 2309.48274    0.01077    0.01108       51.0   0   1    4 0 1 0 0 1  1.40000   2.200232304377541e-001   9.716435509744652e-001   6.629099589475275e+001   2.074082274486068e+003   3.395464081076069e-002  0.00038   3.797781887175697e-004   4.756949195108592e-003   1.158451060258599e-001   8.631023962799649e+000   9.457214579532448e-003 2697.000 2310.000   10.000     0 C:\Users\akhodyre\Studies\hip\20121029\g074a004.fit
  1  0 2012 10 30  3 23 10      0 2627.31248 2996.60550    0.01303    0.01485       86.6   0   1    5 0 1 0 0 1  1.40000   1.987649321078853e-001   8.876143359727240e-001   7.702838558935952e+001   1.969898334188948e+003   1.584987601072277e-001  0.00039   3.914302225663380e-004   4.927584213667857e-003   1.486114539400080e-001   1.792649496252038e+001   9.827903402465126e-003 2627.000 2996.000   10.000     0 C:\Users\akhodyre\Studies\hip\20121029\g074a004.fit
  1  0 2012 10 30  3 23 10      0 2033.17027 1742.13785    0.06927    0.07290       23.3   0   1    6 0 1 0 0 1  1.40000   2.217809324934678e-001   9.503606767610194e-001   1.756749193516133e+001   2.078589102052836e+003  -1.196366277111291e-001  0.00249   2.487002039270937e-003   3.011966793128999e-002   1.987321755119618e-001   3.829638880808757e+000   6.000086305359990e-002 2032.000 1742.000   10.000     0 C:\Users\akhodyre\Studies\hip\20121029\g074a004.fit
  1  0 2012 10 30  3 23 10      0 2315.04089  775.96728    0.02084    0.02172       29.7   0   1    7 0 1 0 0 1  1.40000   2.193964571154927e-001   9.602791375839801e-001   3.626137700725150e+001   2.064748580900656e+003   5.833467265320913e-002  0.00073   7.323394009928312e-004   9.087033618018764e-003   1.223800639986558e-001   5.103675224306792e+000   1.806928426976522e-002 2315.000  776.000   10.000     0 C:\Users\akhodyre\Studies\hip\20121029\g074a004.fit
  1  0 2012 10 30  3 23 10      0 1957.52829 1017.89639    0.04148    0.04423       24.7   0   1    8 0 1 0 0 1  1.40000   2.258068578302242e-001   9.388120577070098e-001   2.328885753622360e+001   2.073199495642585e+003   3.640132785661045e-002  0.00154   1.539944639714366e-003   1.815566695159440e-002   1.608545209727112e-001   4.070812383988712e+000   3.610574682034074e-002 1957.000 1019.000   10.000     0 C:\Users\akhodyre\Studies\hip\20121029\g074a004.fit
  1  0 2012 10 30  3 23 10      0  588.10273 1076.40259    0.08049    0.08160       24.1   0   1    9 0 1 0 0 1  1.40000   2.094936077813947e-001   9.889615579253177e-001   1.676126253033453e+001   2.077929654349159e+003   2.021168284254342e-001  0.00260   2.601771647376836e-003   3.449735003053134e-002   2.083842721228186e-001   4.141746923590179e+000   6.905723686574856e-002  587.000 1076.000   10.000     0 C:\Users\akhodyre\Studies\hip\20121029\g074a004.fit
  1  0 2012 10 30  3 23 10      0  568.24839 1376.01313    0.02498    0.02542       28.0   0   1   10 0 1 0 0 1  1.40000   2.239874845910935e-001   9.823134638853652e-001   3.229109372810085e+001   2.078958620157983e+003   4.940293232044630e-003  0.00091   9.085571059170180e-004   1.130377358974505e-002   1.331090842896887e-001   4.572120121946152e+000   2.247306202266664e-002  568.000 1376.000   10.000     0 C:\Users\akhodyre\Studies\hip\20121029\g074a004.fit
  1  0 2012 10 30  3 23 10      0  524.20026  436.74467    0.05469    0.05702       23.6   0   1   11 0 1 0 0 1  1.40000   2.420104828867756e-001   9.596666145045917e-001   1.993855546924744e+001   2.080035064869443e+003   8.344741957852335e-002  0.00230   2.300086705475774e-003   2.581613652551332e-002   1.936408728434149e-001   3.376146706629618e+000   5.143706653330066e-002  523.000  436.000   10.000     0 C:\Users\akhodyre\Studies\hip\20121029\g074a004.fit
  1  0 2012 10 30  3 23 10      0  384.44137  491.59497    0.03934    0.04069       24.8   0   1   12 0 1 0 0 1  1.40000   2.297697917537541e-001   9.671901241795761e-001   2.412624638990651e+001   2.071588605670705e+003   7.499496029815586e-002  0.00150   1.500501536633958e-003   1.788772123528005e-002   1.605275558572256e-001   3.954678602374740e+000   3.561196908170669e-002  384.000  492.000   10.000     0 C:\Users\akhodyre\Studies\hip\20121029\g074a004.fit
  1  0 2012 10 30  3 23 10      0  238.82835 1156.79021    0.06189    0.06449       22.3   0   1   13 0 1 0 0 1  1.40000   2.337517865471703e-001   9.605347865737157e-001   1.818620620889769e+001   2.081136236170643e+003  -8.215048621889740e-002  0.00244   2.436636152217072e-003   2.834499689477368e-002   1.935820687381581e-001   3.493294280553962e+000   5.645131737847815e-002  239.000 1157.000   10.000     0 C:\Users\akhodyre\Studies\hip\20121029\g074a004.fit
  1  0 2012 10 30  3 23 10      0   49.81092 1498.59441    0.03574    0.03686       25.4   0   1   14 0 1 0 0 1  1.40000   2.282109345838484e-001   9.711528768730124e-001   2.562821023368138e+001   2.073333967770266e+003   5.573386775380064e-002  0.00135   1.348105406972093e-003   1.626053283152369e-002   1.539591810941580e-001   4.011822245122309e+000   3.234773751107695e-002   50.000 1498.000   10.000     0 C:\Users\akhodyre\Studies\hip\20121029\g074a004.fit
  1  0 2012 10 30  3 23 10      0  245.38246 2074.43446    0.02996    0.03136       28.1   0   1   15 0 1 0 0 1  1.40000   2.297766492347990e-001   9.572506423680697e-001   2.933362221181963e+001   2.089033960279689e+003   9.294207332633216e-002  0.00115   1.145479139430354e-003   1.350468444426098e-002   1.487270099507027e-001   4.452677269176712e+000   2.689648977554233e-002  245.000 2074.000   10.000     0 C:\Users\akhodyre\Studies\hip\20121029\g074a004.fit
