  1  0 2012 10 30  3 24 36      0 2337.69181 1855.00414    0.01114    0.01076      252.9   0   1    1 0 1 0 0 1  1.40000   2.116483153819254e-001   1.035165756255665e+000   1.474170506053135e+002   1.835698139939205e+003   1.326068594853670e-001  0.00036   3.641393425643681e-004   5.033472727956796e-003   2.563149127476828e-001   4.305718982616843e+001   1.003017825259917e-002 2338.000 1855.000   10.000     0 C:\Users\akhodyre\Studies\hip\20121029\g074a007.fit
  1  0 2012 10 30  3 24 36      0 2481.53804 2330.42686    0.01211    0.01171      428.0   0   1    2 0 1 0 0 1  1.40000   2.084449751369203e-001   1.034573409451555e+000   1.841207090433624e+002   1.650007326169023e+003   1.185109365877492e-001  0.00039   3.854533472309935e-004   5.412342145765998e-003   3.427860280713954e-001   7.358388036601221e+001   1.077409120394918e-002 2482.000 2330.000   10.000     0 C:\Users\akhodyre\Studies\hip\20121029\g074a007.fit
  1  0 2012 10 30  3 24 36      0 1659.16532 2570.32261    0.01050    0.01022      594.1   0   1    3 0 1 0 0 1  1.40000   2.108907006954220e-001   1.028563600369275e+000   2.324354132152682e+002   1.874098424944920e+003   1.250678955193739e-001  0.00034   3.414139457476335e-004   4.708338012836027e-003   3.796947714528063e-001   1.015471387953324e+002   9.378934519426565e-003 1659.000 2570.000   10.000     0 C:\Users\akhodyre\Studies\hip\20121029\g074a007.fit
  1  0 2012 10 30  3 24 36      0 2697.40821 2308.37825    0.01486    0.01444       67.5   0   1    5 0 1 0 0 1  1.40000   2.088742641430885e-001   1.029228807903744e+000   6.591535268691028e+001   2.048603803897357e+003   1.176623202179963e-001  0.00048   4.750461863425588e-004   6.622262230543061e-003   1.508975238537446e-001   1.160024887566697e+001   1.318224423286015e-002 2698.000 2308.000   10.000     0 C:\Users\akhodyre\Studies\hip\20121029\g074a007.fit
  1  0 2012 10 30  3 24 36      0 2627.28804 2995.58113    0.01419    0.01533       92.2   0   1    6 0 1 0 0 1  1.40000   1.901618495455141e-001   9.354930118757947e-001   7.730514550133371e+001   1.916439642979384e+003   2.148859965228535e-001  0.00039   3.915962268465529e-004   5.402369378670186e-003   1.550368964826598e-001   1.953272920496752e+001   1.080436994584612e-002 2628.000 2995.000   10.000     0 C:\Users\akhodyre\Studies\hip\20121029\g074a007.fit
  1  0 2012 10 30  3 24 36      0 2033.19811 1740.88684    0.07362    0.07196       23.3   0   1    7 0 1 0 0 1  1.40000   2.084648786492457e-001   1.019934322860393e+000   1.738273289189166e+001   2.076281099001053e+003   5.224270982628539e-002  0.00234   2.344576233229723e-003   3.253768240275237e-002   1.966732522652067e-001   4.068103582975316e+000   6.465672850025526e-002 2034.000 1741.000   10.000     0 C:\Users\akhodyre\Studies\hip\20121029\g074a007.fit
  1  0 2012 10 30  3 24 36      0 2314.96181  774.79249    0.02383    0.02308       32.1   0   1    8 0 1 0 0 1  1.40000   2.095925212811974e-001   1.033105059194560e+000   3.591368336738395e+001   2.069759297887799e+003   1.563181132426509e-001  0.00077   7.654951715044020e-004   1.064697076151501e-002   1.323439640901990e-001   5.582884712549807e+000   2.124113499812256e-002 2315.000  775.000   10.000     0 C:\Users\akhodyre\Studies\hip\20121029\g074a007.fit
  1  0 2012 10 30  3 24 36      0 1957.45241 1016.78194    0.04820    0.04489       25.9   0   1    9 0 1 0 0 1  1.40000   1.969009121350440e-001   1.069942582067416e+000   2.293140717546131e+001   2.065734241532306e+003   9.330754621966349e-002  0.00138   1.379605351170440e-003   2.124837343538692e-002   1.607088857102915e-001   4.786127916810538e+000   4.223678554319728e-002 1957.000 1017.000   10.000     0 C:\Users\akhodyre\Studies\hip\20121029\g074a007.fit
  1  0 2012 10 30  3 24 36      0  587.84576 1075.33937    0.08228    0.08037       23.5   0   1   10 0 1 0 0 1  1.40000   2.143438724216284e-001   1.020066551286955e+000   1.649379200959374e+001   2.084215577500177e+003  -1.747559670936293e-002  0.00276   2.756202624070397e-003   3.722168197991643e-002   2.139598003547053e-001   3.834934456564430e+000   7.396578279361452e-002  589.000 1075.000   10.000     0 C:\Users\akhodyre\Studies\hip\20121029\g074a007.fit
  1  0 2012 10 30  3 24 36      0  568.07148 1374.82277    0.02765    0.02652       28.7   0   1   11 0 1 0 0 1  1.40000   2.036655500743503e-001   1.041058749239074e+000   3.162379337179879e+001   2.066417712357366e+003   9.800938794213701e-002  0.00084   8.430414584390930e-004   1.220612256896505e-002   1.315191492110055e-001   5.182350714394078e+000   2.427894639664878e-002  568.000 1375.000   10.000     0 C:\Users\akhodyre\Studies\hip\20121029\g074a007.fit
  1  0 2012 10 30  3 24 36      0  524.09063  435.61065    0.05958    0.05571       23.2   0   1   12 0 1 0 0 1  1.40000   2.113111492163081e-001   1.066239672827219e+000   1.947609339430183e+001   2.072879674749811e+003   9.737219104363168e-003  0.00193   1.933586269179161e-003   2.768684936373512e-002   1.805935493547562e-001   3.895585967134133e+000   5.502175468889440e-002  524.000  436.000   10.000     0 C:\Users\akhodyre\Studies\hip\20121029\g074a007.fit
  1  0 2012 10 30  3 24 36      0  384.19871  490.46228    0.04033    0.03959       23.7   0   1   13 0 1 0 0 1  1.40000   2.102252061907174e-001   1.018253387405633e+000   2.365198279249392e+001   2.067511461971986e+003   1.011832364571243e-001  0.00131   1.306117918963144e-003   1.791162432233289e-002   1.478348593815918e-001   4.031724243744759e+000   3.563327711596903e-002  385.000  490.000   10.000     0 C:\Users\akhodyre\Studies\hip\20121029\g074a007.fit
  1  0 2012 10 30  3 24 36      0  238.47099 1155.49622    0.06901    0.06798       22.9   0   1   14 0 1 0 0 1  1.40000   1.925832678899730e-001   1.016082368660274e+000   1.781305161424071e+001   2.062968051640879e+003   1.206041373777879e-001  0.00192   1.917566495780604e-003   2.863580707470846e-002   1.753656229301113e-001   4.487763301910720e+000   5.693176232458696e-002  239.000 1155.000   10.000     0 C:\Users\akhodyre\Studies\hip\20121029\g074a007.fit
  1  0 2012 10 30  3 24 36      0   49.58627 1497.45099    0.03870    0.03711       25.4   0   1   15 0 1 0 0 1  1.40000   1.982994018112038e-001   1.042771326607213e+000   2.518942074612821e+001   2.054396073822693e+003   1.209914471291050e-001  0.00113   1.127209634621153e-003   1.677541242765240e-002   1.428956192634621e-001   4.678853608258693e+000   3.337150851757677e-002   50.000 1497.000   10.000     0 C:\Users\akhodyre\Studies\hip\20121029\g074a007.fit
  1  0 2012 10 30  3 24 36      0  245.17802 2073.37856    0.03338    0.03230       28.9   0   1   16 0 1 0 0 1  1.40000   2.101392399019329e-001   1.033711754653755e+000   2.878697453999815e+001   2.079835064592808e+003   1.373471944778666e-001  0.00108   1.077205495836507e-003   1.497083917679722e-002   1.489633971876635e-001   4.995234325362669e+000   2.984333215878279e-002  245.000 2074.000   10.000     0 C:\Users\akhodyre\Studies\hip\20121029\g074a007.fit
