-0.0196881720247147 0.00214791713849308
0.0630305106310586 0.288434663779277
0.0051788689477347 -0.203385860994696
-0.140884359805024 -0.129953936304031
-0.0613961083491468 -0.0453166834931136
0.862794966316998 0.154481633002313
0.0706091567781375 0.0809779033201402
0.0681840240174309 -0.265370270950836
-0.122663214666894 0.312299879008531
-0.122868805966021 -0.228909465135262
0.225148983567345 -0.476245082615687
-0.399843087558212 0.0955268423538924
-0.135804239334645 0.245748557421715
0.0666965622908858 0.0179385078773823
0.192360943000772 0.404517347706593
