2337.44074125 1855.60603375 0.0096825 0.00953875
2481.26362 2331.03989125 0.0097525 0.0096225
1658.91546375 2570.9386875 0.0087725 0.00874875
2697.1048975 2308.99716375 0.01317125 0.01302
2626.9973075 2996.162425 0.0128825 0.01404375
2032.86702125 1741.57802875 0.0761525 0.07449625
2314.693605 775.46043875 0.02337 0.02309375
1957.2110625 1017.36259875 0.04617375 0.04541625
587.6897675 1076.006475 0.08161375 0.0808175
567.8972675 1375.501115 0.02803625 0.0272275
523.80414875 436.19319 0.0602975 0.05938875
384.03661375 491.106845 0.04339875 0.043255
238.29004 1156.1809475 0.07291 0.0727675
49.39603125 1498.1279925 0.039235 0.0386175
245.0053525 2073.99454 0.03132 0.031045
