  1  0 2009 12 20  0 20 17      0 2239.39319 1692.11559    0.01152    0.01142       55.0   0   1    1 0 1 0 0 1  1.40000   1.360706463040615e-001   1.001078975324908e+000   6.950198913900232e+001   2.403876785703041e+003   1.613272830097683e-002  0.00018   1.811622084311797e-004   3.802653529704551e-003   8.118973934686266e-002   2.140480007979279e+001   7.476921294255712e-003 2240.000 1692.000   10.000     0 C:\Studies\double_stars\hip\20091219\g074a004.fit
  1  0 2009 12 20  0 20 17      0 2383.23891 2167.92473    0.00948    0.00927       72.8   0   1    2 0 1 0 0 1  1.40000   1.372351126715862e-001   1.028750749603478e+000   8.848674063746955e+001   2.371756947340881e+003   9.123577773388229e-003  0.00015   1.508004229336679e-004   3.224693096448929e-003   8.583792751981491e-002   2.537458623211735e+001   6.345612117648117e-003 2383.000 2167.000   10.000     0 C:\Studies\double_stars\hip\20091219\g074a004.fit
  1  0 2009 12 20  0 20 17      0 1560.86525 2406.94289    0.00857    0.00824      102.1   0   1    3 0 1 0 0 1  1.40000   1.359254842856381e-001   1.030957257616118e+000   1.101641741966057e+002   2.431702739920715e+003   1.886074465258157e-003  0.00013   1.338259798672148e-004   2.896906770154096e-003   9.595768047703196e-002   3.946660899772969e+001   5.695487019596472e-003 1561.000 2407.000   10.000     0 C:\Studies\double_stars\hip\20091219\g074a004.fit
  1  0 2009 12 20  0 20 17      0 2598.89649 2145.51294    0.03767    0.03716       38.2   0   1    4 0 1 0 0 1  1.40000   1.358273006054082e-001   1.006763055201773e+000   3.197493068337329e+001   2.538634818467016e+003  -1.038375355750556e-002  0.00059   5.918598312065561e-004   1.251830688075954e-002   1.225987577971452e-001   1.532388682372331e+001   2.460961154124866e-002 2599.000 2146.000   10.000     0 C:\Studies\double_stars\hip\20091219\g074a004.fit
  1  0 2009 12 20  0 20 17      0 2528.69342 2832.79240    0.02563    0.02612       38.4   0   1    5 0 1 0 0 1  1.40000   1.294220788355892e-001   9.875199935693918e-001   3.917903650410503e+001   2.517816253303685e+003   8.909306511337857e-002  0.00038   3.753122770562200e-004   8.157783897980010e-003   9.630697726246142e-002   1.568444148652822e+001   1.610896525481270e-002 2528.000 2832.000   10.000     0 C:\Studies\double_stars\hip\20091219\g074a004.fit
  1  0 2009 12 20  0 20 17      0 1934.67794 1577.63512    0.59516    0.65978       31.9   0   1    6 0 1 0 0 1  1.40000   1.043417020155495e-001   9.936788326145132e-001   7.904797761551690e+000   2.567162728687155e+003  -9.172216090446222e-002  0.00626   6.260103169803731e-003   1.698723801806061e-001   3.399529466174370e-001   1.590439738940199e+001   3.365123219370350e-001 1935.000 1575.000   10.000     0 C:\Studies\double_stars\hip\20091219\g074a004.fit
  1  0 2009 12 20  0 20 17      0 2217.06547  611.94629    0.11709    0.10225       31.4   0   1    7 0 1 0 0 1  1.40000   1.285225642153030e-001   1.082449453694291e+000   1.728671517529292e+001   2.560245693133623e+003   1.253143984501289e-002  0.00160   1.595242385538727e-003   3.835751794483123e-002   1.838353852582066e-001   1.101665978816397e+001   7.551029009305370e-002 2219.000  612.000   10.000     0 C:\Studies\double_stars\hip\20091219\g074a004.fit
  1  0 2009 12 20  0 20 17      0 1859.71592  853.81685    0.26367    0.24093       31.2   0   1    8 0 1 0 0 1  1.40000   1.650833522897408e-001   1.079863457613952e+000   1.095655074838110e+001   2.575377296447194e+003  -8.775682921073241e-002  0.00555   5.549193532736894e-003   1.031053901910870e-001   3.509827818232141e-001   7.220038853860698e+000   2.042334210751512e-001 1861.000  855.000   10.000     0 C:\Studies\double_stars\hip\20091219\g074a004.fit
  1  0 2009 12 20  0 20 17      0  490.07970  911.95995    0.41708    0.41170       30.9   0   1    9 0 1 0 0 1  1.40000   1.639392119439157e-001   1.004576957564678e+000   8.500012881980259e+000   2.576113665194678e+003   3.721217289930129e-004  0.00881   8.805794966051141e-003   1.535491572897785e-001   4.314809932549373e-001   8.094196697078814e+000   3.034857521135447e-001  491.000  912.000   10.000     0 C:\Studies\double_stars\hip\20091219\g074a004.fit
  1  0 2009 12 20  0 20 17      0  470.31823 1211.33053    0.14107    0.13568       32.3   0   1   10 0 1 0 0 1  1.40000   1.480826186541495e-001   1.041886337261024e+000   1.518990723400296e+001   2.577990289810165e+003  -7.971598025937814e-002  0.00252   2.520322165779080e-003   5.043778340723468e-002   2.363671507656386e-001   9.511326043090437e+000   9.974171186783187e-002  470.000 1213.000   10.000     0 C:\Studies\double_stars\hip\20091219\g074a004.fit
  1  0 2009 12 20  0 20 17      0  426.47093  272.19033    0.41000    0.64992       28.7   0   1   11 0 1 0 0 1  1.40000   8.345202277375491e-002   9.782138143530764e-001   1.105888674253014e+001   2.512064341913194e+003   5.634109416508520e-001  0.00241   2.408776837591218e-003   7.639704640418472e-002   1.871728956610959e-001   1.804742703074135e+001   1.559401183466581e-001  425.000  278.000   10.000     0 C:\Studies\double_stars\hip\20091219\g074a004.fit
  1  0 2009 12 20  0 20 17      0  287.08719  326.42731    0.41813    0.36333       29.4   0   1   12 0 1 0 0 1  1.40000   1.198270945598513e-001   1.084625879607882e+000   1.123190728298208e+001   2.549428448010132e+003   1.760597660912519e-001  0.00365   3.650723072034649e-003   9.174924953564341e-002   2.512481508200146e-001   6.651917041507793e+000   2.022866985848690e-001  282.000  331.000   10.000     0 C:\Studies\double_stars\hip\20091219\g074a004.fit
  1  0 2009 12 20  0 20 17      0  140.72552  991.37795    0.45362    0.40074       30.7   0   1   13 0 1 0 0 1  1.40000   8.837063096006070e-002   1.130322986845069e+000   9.493142156262280e+000   2.537455211545849e+003   2.700581464729378e-001  0.00358   3.582074901601869e-003   1.306828518120175e-001   2.583281441634577e-001   2.140099860819976e+001   2.658445665963271e-001  140.000  990.000   10.000     0 C:\Studies\double_stars\hip\20091219\g074a004.fit
  1  0 2009 12 20  0 20 17      0  147.28411 1909.99918    0.17057    0.19285       33.5   0   1   14 0 1 0 0 1  1.40000   1.560552776498450e-001   9.169024120405058e-001   1.375197276544337e+001   2.567969386828970e+003   5.899282784332701e-002  0.00343   3.428103919768420e-003   5.723955714219705e-002   2.681785104649941e-001   8.399351369330406e+000   1.135947529256627e-001  146.000 1913.000   10.000     0 C:\Studies\double_stars\hip\20091219\g074a004.fit
