  1  0 2009 12 20  0 19 19      0 2239.79643 1693.19567    0.01244    0.01205       60.6   0   1    1 0 1 0 0 1  1.40000   1.483140407541271e-001   1.022442810183627e+000   6.986575144631490e+001   2.518948999367564e+003   2.933922319149952e-003  0.00022   2.223699911900139e-004   4.368329055089736e-003   9.575664464720671e-002   1.889868128994982e+001   8.613267050591931e-003 2239.000 1693.000   10.000     0 C:\Studies\double_stars\hip\20091219\g074a002.fit
  1  0 2009 12 20  0 19 19      0 2383.63760 2168.96458    0.01002    0.00971       79.6   0   1    2 0 1 0 0 1  1.40000   1.507699965830720e-001   1.033422053956139e+000   8.924588557133819e+001   2.469963072106390e+003   7.537701879399840e-003  0.00018   1.843843807723533e-004   3.600105773574746e-003   1.002114262223603e-001   2.253699062199186e+001   7.105237383365989e-003 2383.000 2168.000   10.000     0 C:\Studies\double_stars\hip\20091219\g074a002.fit
  1  0 2009 12 20  0 19 19      0 1561.30046 2407.85799    0.00888    0.00864      110.5   0   1    3 0 1 0 0 1  1.40000   1.481555725072754e-001   1.020953950593061e+000   1.112219423412653e+002   2.417661678414273e+003  -1.102504076388403e-002  0.00016   1.590782258128022e-004   3.123984029113008e-003   1.094158407239003e-001   3.592035385665874e+001   6.157725117066483e-003 1561.000 2408.000   10.000     0 C:\Studies\double_stars\hip\20091219\g074a002.fit
  1  0 2009 12 20  0 19 19      0 2599.20065 2146.70072    0.03742    0.03597       38.8   0   1    4 0 1 0 0 1  1.40000   1.457900570851709e-001   1.019728777525699e+000   3.239129069020374e+001   2.625229000530532e+003  -2.778222602644327e-005  0.00065   6.472626427123742e-004   1.290218954390705e-002   1.302099909424059e-001   1.229242774904996e+001   2.543355704654770e-002 2598.000 2147.000   10.000     0 C:\Studies\double_stars\hip\20091219\g074a002.fit
  1  0 2009 12 20  0 19 19      0 2529.13574 2833.81286    0.02460    0.02510       38.4   0   1    5 0 1 0 0 1  1.40000   1.403021861443504e-001   9.661980979296706e-001   3.946632078261026e+001   2.589561396876840e+003   6.896001953198720e-002  0.00041   4.064508127194837e-004   7.971852462332653e-003   1.006066324047713e-001   1.394103507803611e+001   1.571478350386648e-002 2528.000 2834.000   10.000     0 C:\Studies\double_stars\hip\20091219\g074a002.fit
  1  0 2009 12 20  0 19 19      0 1935.58033 1579.37668    0.39316    0.34810       31.1   0   1    6 0 1 0 0 1  1.40000   1.710706848192408e-001   1.148619549632719e+000   9.014964482699602e+000   2.670262042447571e+003   5.884639916339550e-001  0.00878   8.784961377556634e-003   1.567876493245767e-001   4.440600507384176e-001   6.045196189002618e+000   3.287226229829864e-001 1934.000 1579.000   10.000     0 C:\Studies\double_stars\hip\20091219\g074a002.fit
  1  0 2009 12 20  0 19 19      0 2217.55093  613.03603    0.10963    0.11378       34.9   0   1    7 0 1 0 0 1  1.40000   1.465752656748827e-001   9.780755164917366e-001   1.770467742293893e+001   2.647758982684791e+003  -1.200947954181591e-001  0.00196   1.959452682124291e-003   3.710168472428992e-002   2.118233565134864e-001   1.070197306992769e+001   7.362213816999579e-002 2217.000  615.000   10.000     0 C:\Studies\double_stars\hip\20091219\g074a002.fit
  1  0 2009 12 20  0 19 19      0 1860.38339  854.66445    0.24221    0.26883       30.8   0   1    8 0 1 0 0 1  1.40000   1.358379891523804e-001   9.361690156207064e-001   1.122383224440544e+001   2.648724830999162e+003  -8.474877981377049e-002  0.00390   3.902915249309298e-003   7.654788887993926e-002   2.741618759102805e-001   1.108747481650355e+001   1.512620380596910e-001 1860.000  857.000   10.000     0 C:\Studies\double_stars\hip\20091219\g074a002.fit
  1  0 2009 12 20  0 19 19      0  490.95327  912.19339    0.91830    1.30102       32.9   0   1    9 0 1 0 0 1  1.40000   1.217698667034822e-001   1.098780462321380e+000   7.803923532006543e+000   2.665331641955127e+003   3.139600185367309e-001  0.00907   9.069554586718280e-003   2.356636919873534e-001   4.293964380262244e-001   6.364020927240553e+000   4.564447700124460e-001  489.000  920.000   10.000     0 C:\Studies\double_stars\hip\20091219\g074a002.fit
  1  0 2009 12 20  0 19 19      0  470.48289 1212.51217    0.13959    0.13797       33.2   0   1   10 0 1 0 0 1  1.40000   1.495307280611965e-001   1.027922460519955e+000   1.543879402837849e+001   2.659456841874508e+003   1.051952059543529e-001  0.00255   2.551905629640573e-003   4.983200452989240e-002   2.394248185372655e-001   9.076198776771811e+000   9.848808015547800e-002  471.000 1211.000   10.000     0 C:\Studies\double_stars\hip\20091219\g074a002.fit
  1  0 2009 12 20  0 19 19      0  426.54497  273.36536    0.41990    0.44826       33.3   0   1   11 0 1 0 0 1  1.40000   1.601442738032614e-001   1.068878646844006e+000   9.416873510056410e+000   2.648938038242432e+003   9.530040389038259e-005  0.00871   8.713720281972513e-003   1.643615615144946e-001   4.283737895620970e-001   5.120274245554908e+000   3.323740181576031e-001  425.000  268.000   10.000     0 C:\Studies\double_stars\hip\20091219\g074a002.fit
  1  0 2009 12 20  0 19 19      0  286.84832  327.58264    0.21869    0.23263       32.3   0   1   12 0 1 0 0 1  1.40000   1.490038524315233e-001   9.439815963229593e-001   1.195069331523676e+001   2.635256458469613e+003   1.935405676874648e-002  0.00402   4.024886438332429e-003   7.264135216817838e-002   2.899842497898647e-001   1.043638857288326e+001   1.432500441057160e-001  286.000  329.000   10.000     0 C:\Studies\double_stars\hip\20091219\g074a002.fit
  1  0 2009 12 20  0 19 19      0  141.54183  993.33680    0.39697    0.45263       30.8   0   1   13 0 1 0 0 1  1.40000   2.026723177899911e-001   9.305676988935648e-001   8.665429630813678e+000   2.663821750338580e+003  -6.739823094064144e-002  0.01274   1.274022052521634e-002   1.656642947584565e-001   4.961535203156643e-001   4.142634807527089e+000   3.334886874950818e-001  139.000  989.000   10.000     0 C:\Studies\double_stars\hip\20091219\g074a002.fit
  1  0 2009 12 20  0 19 19      0  147.61988 1911.07498    0.16464    0.17827       34.0   0   1   14 0 1 0 0 1  1.40000   1.264803720124161e-001   9.124859983767416e-001   1.454374796971331e+001   2.626841187743797e+003   1.198673343308824e-001  0.00235   2.346557969880276e-003   4.817257211202083e-002   2.201219000999649e-001   1.540854727830388e+001   9.525320297514103e-002  149.000 1912.000   10.000     0 C:\Studies\double_stars\hip\20091219\g074a002.fit
