  1  0 2009 12 20  0 18 51      0 2239.60043 1694.46636    0.01246    0.01255       61.4   0   1    1 0 1 0 0 1  1.40000   1.585168647930995e-001   9.910685797781932e-001   6.909147995644976e+001   2.617587072281436e+003  -1.224247380895052e-001  0.00025   2.505651904105893e-004   4.442870897373153e-003   1.019981163851352e-001   1.791410358030813e+001   8.805584130649531e-003 2240.000 1695.000   10.000     0 C:\Studies\double_stars\hip\20091219\g074a001.fit
  1  0 2009 12 20  0 18 51      0 2383.38994 2170.29696    0.01138    0.01154       89.3   0   1    2 0 1 0 0 1  1.40000   1.543537051968817e-001   9.879379905557647e-001   8.732613570623121e+001   2.491934785758904e+003  -1.285249388179100e-001  0.00022   2.197022414328886e-004   3.988100910530556e-003   1.147260030327775e-001   2.706165505128326e+001   7.898487725640700e-003 2383.000 2170.000   10.000     0 C:\Studies\double_stars\hip\20091219\g074a001.fit
  1  0 2009 12 20  0 18 51      0 1561.02261 2409.25891    0.00994    0.01030      122.0   0   1    3 0 1 0 0 1  1.40000   1.542086663511346e-001   9.695784146739673e-001   1.086795825806546e+002   2.508036699007204e+003  -1.121785689272485e-001  0.00019   1.926476303893882e-004   3.438589057782784e-003   1.249348386654420e-001   3.808977797105437e+001   6.805675494452038e-003 1561.000 2409.000   10.000     0 C:\Studies\double_stars\hip\20091219\g074a001.fit
  1  0 2009 12 20  0 18 51      0 2598.96987 2147.90340    0.03742    0.03800       38.3   0   1    4 0 1 0 0 1  1.40000   1.504446172643587e-001   9.948429431356520e-001   3.168632028499885e+001   2.664542206340939e+003  -9.565306162486420e-002  0.00069   6.945641746851269e-004   1.305352119278557e-002   1.334399250590947e-001   1.159098275048155e+001   2.580594394152909e-002 2599.000 2147.000   10.000     0 C:\Studies\double_stars\hip\20091219\g074a001.fit
  1  0 2009 12 20  0 18 51      0 2528.87153 2835.15776    0.02602    0.02812       40.6   0   1    5 0 1 0 0 1  1.40000   1.418144875449333e-001   9.321141100687848e-001   3.879382854573053e+001   2.607568423336940e+003  -3.450014514403296e-002  0.00045   4.472209460603469e-004   8.382785508070329e-003   1.077704569071885e-001   1.589530547935297e+001   1.649314189226293e-002 2529.000 2835.000   10.000     0 C:\Studies\double_stars\hip\20091219\g074a001.fit
  1  0 2009 12 20  0 18 51      0 1935.30459 1580.45766    0.42072    0.50683       33.6   0   1    6 0 1 0 0 1  1.40000   1.409916715019575e-001   8.898920319531144e-001   8.745498454851134e+000   2.693827618048236e+003   2.796357036263418e-001  0.00733   7.325596347601609e-003   1.286935723180018e-001   3.854055558801532e-001   1.159808245560995e+001   2.589132467137272e-001 1935.000 1583.000   10.000     0 C:\Studies\double_stars\hip\20091219\g074a001.fit
  1  0 2009 12 20  0 18 51      0 2217.23402  614.12431    0.11531    0.11253       36.5   0   1    7 0 1 0 0 1  1.40000   1.626633314475993e-001   1.014944585774955e+000   1.766285502309068e+001   2.691387015676819e+003  -1.671738500792449e-001  0.00240   2.395471537899028e-003   4.223546641924724e-002   2.446719811338424e-001   9.256053026540519e+000   8.412495722418110e-002 2216.000  615.000   10.000     0 C:\Studies\double_stars\hip\20091219\g074a001.fit
  1  0 2009 12 20  0 18 51      0 1859.94897  855.40481    0.24231    0.26631       33.7   0   1    8 0 1 0 0 1  1.40000   1.827744744503168e-001   9.095676274353414e-001   1.129351819261063e+001   2.691354450422195e+003  -5.424518623214798e-002  0.00626   6.258979637795123e-003   8.848339746851627e-002   3.722040634644706e-001   7.916674868992196e+000   1.752861816150300e-001 1859.000  856.000   10.000     0 C:\Studies\double_stars\hip\20091219\g074a001.fit
  1  0 2009 12 20  0 18 51      0  490.10792  913.86746    0.50660    0.57064       31.1   0   1    9 0 1 0 0 1  1.40000   2.246105095771452e-001   9.043749698173859e-001   7.584790648309602e+000   2.703138170544873e+003  -3.334916810405499e-001  0.01916   1.916122848291493e-002   2.116807049041707e-001   6.124173515169262e-001   4.016354585743403e+000   4.299689740270059e-001  494.000  917.000   10.000     0 C:\Studies\double_stars\hip\20091219\g074a001.fit
  1  0 2009 12 20  0 18 51      0  470.48538 1213.73295    0.14554    0.13684       33.0   0   1   10 0 1 0 0 1  1.40000   1.316266335215538e-001   1.047009733947771e+000   1.535275735288713e+001   2.676458798636398e+003  -5.316639788776998e-002  0.00215   2.147373929696379e-003   4.874945612452789e-002   2.187972938276675e-001   1.332408320208363e+001   9.585820764886667e-002  471.000 1214.000   10.000     0 C:\Studies\double_stars\hip\20091219\g074a001.fit
  1  0 2009 12 20  0 18 51      0  426.56359  274.69535    0.36770    0.41343       33.0   0   1   11 0 1 0 0 1  1.40000   1.331382993070900e-001   9.887928883947038e-001   9.784963395166335e+000   2.666564885503734e+003  -1.266312892953727e-001  0.00567   5.674323129425144e-003   1.191073972138782e-001   3.378829756301655e-001   8.714186671503407e+000   2.386677831749913e-001  427.000  271.000   10.000     0 C:\Studies\double_stars\hip\20091219\g074a001.fit
  1  0 2009 12 20  0 18 51      0  286.99109  329.42157    0.28855    0.25692       33.8   0   1   12 0 1 0 0 1  1.40000   1.451072210148499e-001   1.015020454736882e+000   1.162826094438332e+001   2.663973963698467e+003   1.910184729958802e-001  0.00462   4.618721562064125e-003   9.088961538170755e-002   3.140271505226672e-001   7.681753979245285e+000   1.818958719208940e-001  291.000  330.000   10.000     0 C:\Studies\double_stars\hip\20091219\g074a001.fit
  1  0 2009 12 20  0 18 51      0  140.78452  993.87333    0.38934    0.50014       33.5   0   1   13 0 1 0 0 1  1.40000   1.623283088731077e-001   8.586705352870931e-001   8.889882262907422e+000   2.678805922869166e+003  -3.148800744146469e-001  0.00862   8.623518716297164e-003   1.253976540696648e-001   4.142681477902611e-001   7.967488709608734e+000   2.563598612323779e-001  141.000  991.000   10.000     0 C:\Studies\double_stars\hip\20091219\g074a001.fit
  1  0 2009 12 20  0 18 51      0  147.11156 1912.25463    0.18351    0.17567       32.7   0   1   14 0 1 0 0 1  1.40000   1.289164807115196e-001   9.981770551786072e-001   1.390875791960089e+001   2.662368660508997e+003   1.646418058675236e-001  0.00256   2.564585627703182e-003   5.625678159174499e-002   2.311735992667089e-001   1.165680371084604e+001   1.120054580240163e-001  145.000 1912.000   10.000     0 C:\Studies\double_stars\hip\20091219\g074a001.fit
