  1  0 2009 12 20  0 21 43      0 2240.45088 1692.20495    0.01049    0.01083       65.5   0   1    1 0 1 0 0 1  1.40000   1.435440502609620e-001   9.683311619076254e-001   7.821657616501562e+001   2.234632679461492e+003   1.930415875875551e-002  0.00018   1.812278689627981e-004   3.485319933149967e-003   8.817573967704075e-002   2.362467100288866e+001   6.862791138996297e-003 2240.000 1692.000   10.000     0 C:\Studies\double_stars\hip\20091219\g074a007.fit
  1  0 2009 12 20  0 21 43      0 2384.28158 2168.00332    0.00908    0.00935       91.8   0   1    2 0 1 0 0 1  1.40000   1.439526399823856e-001   9.709784295404524e-001   9.942821336644366e+001   2.079404929846114e+003   2.711395801715918e-002  0.00016   1.576713272253047e-004   3.031647547739907e-003   9.754049352544840e-002   3.338492744822203e+001   5.969696241445402e-003 2384.000 2168.000   10.000     0 C:\Studies\double_stars\hip\20091219\g074a007.fit
  1  0 2009 12 20  0 21 43      0 1561.86186 2406.95794    0.00813    0.00844      128.9   0   1    3 0 1 0 0 1  1.40000   1.446728217997635e-001   9.636479354424397e-001   1.242094120281235e+002   2.075076418943613e+003   3.451025511221259e-002  0.00014   1.426343335672689e-004   2.707876499070535e-003   1.097776226840273e-001   4.703566871406598e+001   5.332466197777091e-003 1562.000 2407.000   10.000     0 C:\Studies\double_stars\hip\20091219\g074a007.fit
  1  0 2009 12 20  0 21 43      0 2599.89796 2145.60505    0.03019    0.03080       38.8   0   1    4 0 1 0 0 1  1.40000   1.418031171083606e-001   9.665980247109653e-001   3.575268256129631e+001   2.436627354686809e+003   1.749319392971632e-002  0.00051   5.073472966581903e-004   9.859379101686392e-003   1.132158873723553e-001   1.388145482508140e+001   1.941051658393161e-002 2601.000 2146.000   10.000     0 C:\Studies\double_stars\hip\20091219\g074a007.fit
  1  0 2009 12 20  0 21 43      0 2529.73425 2832.76921    0.02030    0.02239       40.5   0   1    5 0 1 0 0 1  1.40000   1.353121547807767e-001   9.215079144814392e-001   4.424504645196203e+001   2.361680876978310e+003   8.488261470192551e-002  0.00032   3.249311581572860e-004   6.302265062377369e-003   9.052922172917124e-002   1.621889057815853e+001   1.244906782767488e-002 2529.000 2832.000   10.000     0 C:\Studies\double_stars\hip\20091219\g074a007.fit
  1  0 2009 12 20  0 21 43      0 1935.39804 1577.18313    0.28560    0.56856       27.4   0   1    6 0 1 0 0 1  1.40000   1.326111808315079e-001   7.107028473152134e-001   9.870533876850852e+000   2.474651984150821e+003   3.644909735620158e-001  0.00446   4.457251018401349e-003   6.372160509070085e-002   2.399562784908604e-001   1.085301710959857e+001   1.314259248397526e-001 1934.000 1582.000   10.000     0 C:\Studies\double_stars\hip\20091219\g074a007.fit
  1  0 2009 12 20  0 21 43      0 2218.20160  612.04936    0.07314    0.07292       29.9   0   1    7 0 1 0 0 1  1.40000   1.456232506750916e-001   1.001043938206562e+000   2.008556187916750e+001   2.468989870456039e+003   1.024973636472463e-001  0.00128   1.283019050946165e-003   2.507484790182635e-002   1.602492781444057e-001   1.021647589287206e+001   4.955031264193210e-002 2218.000  612.000   10.000     0 C:\Studies\double_stars\hip\20091219\g074a007.fit
  1  0 2009 12 20  0 21 43      0 1860.71156  853.82036    0.18483    0.19124       30.7   0   1    8 0 1 0 0 1  1.40000   1.392750596938366e-001   9.881617653841824e-001   1.289843164781449e+001   2.469839425322886e+003  -5.248040224278444e-002  0.00305   3.046775953733129e-003   6.156845661367084e-002   2.469677906014811e-001   1.018050350949025e+001   1.213422523353583e-001 1861.000  856.000   10.000     0 C:\Studies\double_stars\hip\20091219\g074a007.fit
  1  0 2009 12 20  0 21 43      0  491.75056  911.45694    0.31487    0.28798       30.7   0   1    9 0 1 0 0 1  1.40000   1.945598874034746e-001   1.088421723310115e+000   9.819080684560177e+000   2.492552308187047e+003  -1.292997711514343e-001  0.00881   8.805475960226360e-003   1.394010366375800e-001   4.436709332292432e-001   5.640127187524153e+000   2.774561190891345e-001  491.000  912.000   10.000     0 C:\Studies\double_stars\hip\20091219\g074a007.fit
  1  0 2009 12 20  0 21 43      0  471.29277 1211.49042    0.10959    0.10933       32.7   0   1   10 0 1 0 0 1  1.40000   1.605834452400479e-001   1.004713752340240e+000   1.703000171324122e+001   2.496942860379573e+003   1.251186020731694e-001  0.00225   2.248686039295070e-003   3.989174635281426e-002   2.238125137577195e-001   8.904062978131657e+000   7.912482514479580e-002  471.000 1211.000   10.000     0 C:\Studies\double_stars\hip\20091219\g074a007.fit
  1  0 2009 12 20  0 21 43      0  427.81573  272.72106    0.26084    0.25255       30.2   0   1   11 0 1 0 0 1  1.40000   1.803818244410913e-001   1.016222066462843e+000   1.063657439922672e+001   2.481380694747742e+003  -6.154109962888056e-002  0.00643   6.431475981850570e-003   1.028866048539573e-001   3.666796746252053e-001   6.176358330723001e+000   2.039988842095671e-001  426.000  273.000   10.000     0 C:\Studies\double_stars\hip\20091219\g074a007.fit
  1  0 2009 12 20  0 21 43      0  287.60714  327.29511    0.16828    0.16916       28.9   0   1   12 0 1 0 0 1  1.40000   1.358529565164013e-001   9.972343948580505e-001   1.335714595889249e+001   2.458741141225716e+003  -1.580385078848021e-001  0.00261   2.614284184532607e-003   5.436928656112030e-002   2.205121690573824e-001   9.392104258081506e+000   1.075344179990463e-001  286.000  326.000   10.000     0 C:\Studies\double_stars\hip\20091219\g074a007.fit
  1  0 2009 12 20  0 21 43      0  141.89254  992.74122    0.34207    0.37298       30.4   0   1   13 0 1 0 0 1  1.40000   1.174195113826782e-001   9.694542296299659e-001   9.701586075741881e+000   2.469281013014233e+003  -5.393331122295977e-002  0.00439   4.386083240767304e-003   1.033070072854211e-001   2.852499601848443e-001   1.410184702946948e+001   2.031478697215169e-001  142.000  991.000   10.000     0 C:\Studies\double_stars\hip\20091219\g074a007.fit
  1  0 2009 12 20  0 21 43      0  148.33774 1909.93015    0.11349    0.11449       28.4   0   1   14 0 1 0 0 1  1.40000   1.346033041967850e-001   9.902941834620233e-001   1.588111108744593e+001   2.465661112020417e+003  -3.528247287525937e-002  0.00177   1.766381586619086e-003   3.707032418218888e-002   1.814352619400266e-001   1.146124153109068e+001   7.291978703744063e-002  148.000 1911.000   10.000     0 C:\Studies\double_stars\hip\20091219\g074a007.fit
