  1  0 2009 12 20  0 21 15      0 2240.63795 1693.09548    0.01053    0.01008       63.9   0   1    1 0 1 0 0 1  1.40000   1.432599057147913e-001   1.033697943716342e+000   7.835974006307680e+001   2.270903289670261e+003   1.991915003408083e-002  0.00018   1.778203176836701e-004   3.658142065647683e-003   8.795153769121081e-002   2.142652150049380e+001   7.206809503987397e-003 2240.000 1693.000   10.000     0 C:\Studies\double_stars\hip\20091219\g074a006.fit
  1  0 2009 12 20  0 21 15      0 2384.49497 2168.87905    0.00979    0.00936       96.0   0   1    2 0 1 0 0 1  1.40000   1.455531084881542e-001   1.035379566990151e+000   9.937672718717514e+001   2.196399656904716e+003   2.637973374275457e-003  0.00017   1.695971850108309e-004   3.439163684953187e-003   1.055537111145264e-001   3.159553396773228e+001   6.776389128354004e-003 2385.000 2169.000   10.000     0 C:\Studies\double_stars\hip\20091219\g074a006.fit
  1  0 2009 12 20  0 21 15      0 1562.15346 2407.70867    0.00923    0.00893      142.9   0   1    3 0 1 0 0 1  1.40000   1.457439900232249e-001   1.034837003492999e+000   1.247416481272291e+002   2.181695571924349e+003   1.013505236320870e-002  0.00016   1.610546996751429e-004   3.259545363005665e-003   1.253444345052052e-001   4.494639582003596e+001   6.423301146663893e-003 1562.000 2407.000   10.000     0 C:\Studies\double_stars\hip\20091219\g074a006.fit
  1  0 2009 12 20  0 21 15      0 2600.11034 2146.50728    0.04867    0.04826       62.6   0   1    4 0 1 0 0 1  1.40000   1.531911501728419e-001   1.009485036231932e+000   3.556396663519067e+001   2.519228498231468e+003   4.924747670684834e-002  0.00092   9.241861234036917e-004   1.733622030612486e-002   1.982751242291085e-001   1.868438318287315e+001   3.422414979428298e-002 2600.000 2146.000   10.000     0 C:\Studies\double_stars\hip\20091219\g074a006.fit
  1  0 2009 12 20  0 21 15      0 2529.91672 2833.69352    0.02070    0.02102       40.3   0   1    5 0 1 0 0 1  1.40000   1.376203555732927e-001   9.832065306738878e-001   4.396756410202085e+001   2.431457672334382e+003   1.140509448826908e-001  0.00033   3.344147504601850e-004   6.793768256820664e-003   9.401277101127954e-002   1.608751584745611e+001   1.341392948742349e-002 2530.000 2834.000   10.000     0 C:\Studies\double_stars\hip\20091219\g074a006.fit
  1  0 2009 12 20  0 21 15      0 1935.98285 1578.82627    0.38022    0.36656       32.5   0   1    6 0 1 0 0 1  1.40000   1.643528171501238e-001   1.084329490749461e+000   9.431114052509395e+000   2.522192299958889e+003   1.340537165888014e-002  0.00825   8.253168308842887e-003   1.545644244637682e-001   4.280819975441987e-001   5.469427297083469e+000   3.077622011525672e-001 1935.000 1575.000   10.000     0 C:\Studies\double_stars\hip\20091219\g074a006.fit
  1  0 2009 12 20  0 21 15      0 2218.17173  612.74158    0.08114    0.08177       33.4   0   1    7 0 1 0 0 1  1.40000   1.589761458769577e-001   9.898743898516770e-001   1.995351745466061e+001   2.512340916425715e+003  -5.777466549568501e-002  0.00164   1.640109663830451e-003   2.904881473246639e-002   1.926073212172747e-001   9.782741082137729e+000   5.740272420249457e-002 2218.000  613.000   10.000     0 C:\Studies\double_stars\hip\20091219\g074a006.fit
  1  0 2009 12 20  0 21 15      0 1860.85375  854.55962    0.20690    0.17667       31.5   0   1    8 0 1 0 0 1  1.40000   1.458498873452849e-001   1.131379999906913e+000   1.281921617786715e+001   2.507522441624206e+003  -1.158965840768923e-001  0.00348   3.475913539294653e-003   7.663618871693846e-002   2.786759695622148e-001   7.963180469892770e+000   1.523723563077845e-001 1859.000  856.000   10.000     0 C:\Studies\double_stars\hip\20091219\g074a006.fit
  1  0 2009 12 20  0 21 15      0  491.05271  912.47921    0.33517    0.30491       31.2   0   1    9 0 1 0 0 1  1.40000   1.784017190385971e-001   1.089526704891704e+000   9.717568582028036e+000   2.521758286972571e+003  -2.492224674495950e-001  0.00806   8.055857407187046e-003   1.380267287422065e-001   4.236255799495753e-001   5.934912587383198e+000   2.758546299825289e-001  493.000  914.000   10.000     0 C:\Studies\double_stars\hip\20091219\g074a006.fit
  1  0 2009 12 20  0 21 15      0  471.46838 1212.04228    0.11015    0.10270       31.3   0   1   10 0 1 0 0 1  1.40000   1.509848361066611e-001   1.048415600204705e+000   1.705838550701533e+001   2.519647248233887e+003  -8.146884767828072e-003  0.00200   1.999590809365483e-003   3.954381394393507e-002   2.077171805534208e-001   8.665564547280763e+000   7.811836179659394e-002  470.000 1213.000   10.000     0 C:\Studies\double_stars\hip\20091219\g074a006.fit
  1  0 2009 12 20  0 21 15      0  427.10985  273.27287    0.28247    0.28824       29.1   0   1   11 0 1 0 0 1  1.40000   1.266972575750195e-001   1.022375399809100e+000   1.042384265761692e+001   2.492549598524714e+003  -2.151942859751509e-001  0.00400   3.998712029167110e-003   9.104773731788077e-002   2.734553100372149e-001   1.018138128788419e+001   1.816965490242937e-001  427.000  276.000   10.000     0 C:\Studies\double_stars\hip\20091219\g074a006.fit
  1  0 2009 12 20  0 21 15      0  288.03647  327.86840    0.19937    0.19433       30.0   0   1   12 0 1 0 0 1  1.40000   1.173273267743598e-001   9.872900629192986e-001   1.305747891555048e+001   2.473602049682046e+003   2.963992160848409e-002  0.00241   2.406305160402335e-003   5.776550372932242e-002   2.104853106855679e-001   1.286067337425592e+001   1.146556137443391e-001  286.000  327.000   10.000     0 C:\Studies\double_stars\hip\20091219\g074a006.fit
  1  0 2009 12 20  0 21 15      0  141.82060  992.29917    0.32731    0.29169       30.6   0   1   13 0 1 0 0 1  1.40000   1.671234516529220e-001   1.094615692578904e+000   9.808382693221265e+000   2.511622811470099e+003  -1.431173966977934e-002  0.00698   6.979816571562597e-003   1.300633709964019e-001   3.911433547048623e-001   6.650016409514380e+000   2.575137786071655e-001  140.000  993.000   10.000     0 C:\Studies\double_stars\hip\20091219\g074a006.fit
  1  0 2009 12 20  0 21 15      0  148.50182 1910.83949    0.11949    0.11569       30.9   0   1   14 0 1 0 0 1  1.40000   1.567279031756629e-001   1.012619330337052e+000   1.607026940200750e+001   2.505640219212117e+003  -4.810842524275655e-002  0.00232   2.324109653191307e-003   4.272480297382884e-002   2.209529610216353e-001   8.306852000636205e+000   8.444733617246696e-002  150.000 1911.000   10.000     0 C:\Studies\double_stars\hip\20091219\g074a006.fit
