0.0473857544481315 0.013703543371843
-0.0236336570746141 -0.027357895508688
-0.00669536155108053 0.0309499826492556
-0.0143580529255078 -0.0218131955618174
-0.0299505242276185 -0.0327800064455538
0.942599732637755 0.337608878791016
-0.0223981158649901 0.172128540792429
-0.227271804899189 -0.0907397560089841
0.0929421309555137 0.349902167172793
-0.0474406961793919 -0.312154994261325
0.153165092411457 -0.536234688798188
-0.473263384059724 -0.0176619227625049
-0.104410759773405 0.306917997951256
0.226493443047298 0.0462429155299829
