2240.02001375 1692.924215 0.01214125 0.01213875
2383.85902875 2168.7306725 0.01021625 0.0101275
1561.4763825 2407.6835375 0.00891875 0.0089175
2599.46582125 2146.3661975 0.03755 0.03731625
2529.2884125 2833.56249125 0.024495 0.0256975
1935.4997625 1578.58739125 0.40883375 0.47714
2217.70856875 612.73811 0.10203875 0.099965
1860.41132375 854.37822375 0.24895 0.2379025
490.53293875 912.51585875 0.4617825 0.556235
470.80747 1212.1081725 0.1336625 0.13096875
427.1044625 272.799595 0.362505 0.41182375
287.34174125 327.69850625 0.25373 0.243475
141.340175 992.4994475 0.38769375 0.41160875
147.8203475 1910.69326125 0.15526125 0.15558625
