  1  0 2009  2 25 19 25 37      0 2328.75187 1711.85432    0.00918    0.00897      161.7   0   1    1 0 1 0 0 1  1.40000   1.792283419543849e-001   1.020057590022455e+000   1.303183597759929e+002   1.812122209331496e+003  -3.757665710678228e-002  0.00023   2.250336232186340e-004   3.639475714476066e-003   1.594827729925545e-001   3.661943154655798e+001   7.210290607509200e-003 2329.000 1712.000   10.000     0 C:\Studies\double_stars\hip\20090225\g074a002.fit
  1  0 2009  2 25 19 25 37      0 2471.83677 2188.18986    0.00964    0.00958      278.1   0   1    2 0 1 0 0 1  1.40000   1.750176735498296e-001   1.005561589010238e+000   1.664580095896691e+002   1.488568676712974e+003  -6.593646990133617e-002  0.00023   2.277174689416067e-004   3.716297517254020e-003   2.092160006419799e-001   6.603043326471627e+001   7.362559977755533e-003 2472.000 2188.000   10.000     0 C:\Studies\double_stars\hip\20090225\g074a002.fit
  1  0 2009  2 25 19 25 37      0 1648.85323 2425.66030    0.00914    0.00900      426.8   0   1    3 0 1 0 0 1  1.40000   1.764439720721527e-001   1.016844106274387e+000   2.123510664314830e+002   1.674369503254239e+003  -4.402075310963560e-002  0.00022   2.187124257446711e-004   3.582001401251477e-003   2.547538138027913e-001   9.641633523779308e+001   7.094209197163880e-003 1649.000 2425.000   10.000     0 C:\Studies\double_stars\hip\20090225\g074a002.fit
  1  0 2009  2 25 19 25 37      0 2687.51251 2166.06245    0.01370    0.01361       51.4   0   1    4 0 1 0 0 1  1.40000   1.739027716889976e-001   1.010903239858453e+000   6.023614120806002e+001   1.977520790634146e+003  -5.450247780882560e-002  0.00032   3.209507941104142e-004   5.301180811866635e-003   1.067098194093331e-001   1.151383099634973e+001   1.050255054942483e-002 2688.000 2165.000   10.000     0 C:\Studies\double_stars\hip\20090225\g074a002.fit
  1  0 2009  2 25 19 25 37      0 2616.22816 2853.42243    0.01247    0.01333       69.5   0   1    5 0 1 0 0 1  1.40000   1.599989183877457e-001   9.422213510789812e-001   7.255839453353637e+001   1.839658304689169e+003   7.564612697189439e-002  0.00026   2.581543719156899e-004   4.321774786710819e-003   1.085794242299247e-001   2.051015248713628e+001   8.545375588282647e-003 2616.000 2853.000   10.000     0 C:\Studies\double_stars\hip\20090225\g074a002.fit
  1  0 2009  2 25 19 25 37      0 2024.19672 1596.76071    0.08129    0.08058       20.9   0   1    6 0 1 0 0 1  1.40000   1.651473359773648e-001   1.008408964776552e+000   1.585001494725733e+001   2.022806292667125e+003  -7.371080586771528e-002  0.00174   1.742896364550805e-003   3.023917362516683e-002   1.580835745978930e-001   5.189165728603110e+000   5.990536265643714e-002 2025.000 1596.000   10.000     0 C:\Studies\double_stars\hip\20090225\g074a002.fit
  1  0 2009  2 25 19 25 37      0 2308.10691  631.39397    0.02537    0.02565       29.3   0   1    7 0 1 0 0 1  1.40000   1.810033271887342e-001   9.901276100245896e-001   3.311426508589961e+001   2.016827974622257e+003  -4.996188073187576e-002  0.00064   6.363373147944581e-004   9.888237061595922e-003   1.131952373509750e-001   6.595571996572631e+000   1.959221621783440e-002 2308.000  631.000   10.000     0 C:\Studies\double_stars\hip\20090225\g074a002.fit
  1  0 2009  2 25 19 25 37      0 1950.24700  872.45392    0.05337    0.05138       23.7   0   1    8 0 1 0 0 1  1.40000   1.763865286983403e-001   1.030311082866520e+000   2.084974455963540e+001   2.030850103437412e+003  -4.683973487028405e-002  0.00127   1.268592097895471e-003   2.105759396061854e-002   1.448513675400666e-001   5.116790836583714e+000   4.170692603368750e-002 1949.000  872.000   10.000     0 C:\Studies\double_stars\hip\20090225\g074a002.fit
  1  0 2009  2 25 19 25 37      0  580.06642  928.30262    0.09490    0.10088       22.3   0   1    9 0 1 0 0 1  1.40000   1.709537476350757e-001   9.446918506381598e-001   1.484345496155810e+001   2.027267035653043e+003   3.072812863060482e-002  0.00218   2.184348941998122e-003   3.433179978548437e-002   1.802089551446864e-001   5.854975893277771e+000   6.788968070983233e-002  580.000  928.000   10.000     0 C:\Studies\double_stars\hip\20090225\g074a002.fit
  1  0 2009  2 25 19 25 37      0  559.93173 1227.88862    0.03200    0.03174       28.2   0   1   10 0 1 0 0 1  1.40000   1.787702132501789e-001   1.006232900721301e+000   2.903345238568102e+001   2.025041904377625e+003  -5.943944336219595e-002  0.00078   7.827566150621142e-004   1.251378653804578e-002   1.236173971606965e-001   6.494862335365556e+000   2.479897345350780e-002  560.000 1228.000   10.000     0 C:\Studies\double_stars\hip\20090225\g074a002.fit
  1  0 2009  2 25 19 25 37      0  517.65047  287.99804    0.06467    0.06611       21.4   0   1   11 0 1 0 0 1  1.40000   1.769299141239040e-001   9.833631300946503e-001   1.773970660077244e+001   2.018318583203419e+003  -4.636931553400601e-002  0.00157   1.566738928178866e-003   2.474307099301347e-002   1.509304904634101e-001   4.776297854815300e+000   4.899411718155546e-002  517.000  287.000   10.000     0 C:\Studies\double_stars\hip\20090225\g074a002.fit
  1  0 2009  2 25 19 25 37      0  377.70061  343.15804    0.04742    0.04697       23.2   0   1   12 0 1 0 0 1  1.40000   1.803175874831862e-001   1.013865487657100e+000   2.174838411819243e+001   2.019519747952563e+003  -6.025003772755369e-002  0.00118   1.180918228328205e-003   1.885650513944228e-002   1.379579395244689e-001   4.832735319142682e+000   3.736694205622725e-002  377.000  342.000   10.000     0 C:\Studies\double_stars\hip\20090225\g074a002.fit
  1  0 2009  2 25 19 25 37      0  230.66541 1008.01471    0.08271    0.08160       22.9   0   1   13 0 1 0 0 1  1.40000   1.859934346072380e-001   1.017643343173116e+000   1.631435476990993e+001   2.030720421265955e+003  -9.409949644479089e-002  0.00217   2.169488263096457e-003   3.365600540327792e-002   1.862663970229680e-001   4.604664729025388e+000   6.683477651429094e-002  231.000 1007.000   10.000     0 C:\Studies\double_stars\hip\20090225\g074a002.fit
  1  0 2009  2 25 19 25 37      0   41.25656 1349.36525    0.04106    0.04166       23.3   0   1   14 0 1 0 0 1  1.40000   1.825947277498253e-001   9.841798184357444e-001   2.315785237721420e+001   2.016444642387290e+003  -4.559460386650569e-002  0.00104   1.044743248584647e-003   1.599507398259544e-002   1.291845052004896e-001   5.267905322079120e+000   3.170285790704242e-002   41.000 1350.000   10.000     0 C:\Studies\double_stars\hip\20090225\g074a002.fit
  1  0 2009  2 25 19 25 37      0  235.73916 1926.24975    0.03495    0.03459       25.9   0   1   15 0 1 0 0 1  1.40000   1.826781783432960e-001   1.015357746253777e+000   2.672220522041902e+001   2.031170693282042e+003  -6.866911261487241e-002  0.00089   8.903014187033126e-004   1.404721782404262e-002   1.264869634631456e-001   5.217979005552158e+000   2.784863255034287e-002  235.000 1925.000   10.000     0 C:\Studies\double_stars\hip\20090225\g074a002.fit
