  1  0 2009  2 25 19 25  8      0 2328.17876 1711.77741    0.00799    0.00779      131.5   0   1    1 0 1 0 0 1  1.40000   1.763405801480638e-001   1.021852416185347e+000   1.261436880461222e+002   1.949129563775374e+003  -5.499877533581220e-002  0.00019   1.903719652370114e-004   3.134159019404574e-003   1.322074607980506e-001   3.064652010531362e+001   6.209142952383467e-003 2328.000 1712.000   10.000     0 C:\Studies\double_stars\hip\20090225\g074a001.fit
  1  0 2009  2 25 19 25  8      0 2471.20698 2188.08777    0.00654    0.00645      175.9   0   1    2 0 1 0 0 1  1.40000   1.728032262157927e-001   1.011429005897542e+000   1.611643754416785e+002   1.758763114240334e+003  -5.024177303982968e-002  0.00015   1.508861522990537e-004   2.510050116075679e-003   1.355947278136340e-001   4.266205391926366e+001   4.969138334861564e-003 2471.000 2188.000   10.000     0 C:\Studies\double_stars\hip\20090225\g074a001.fit
  1  0 2009  2 25 19 25  8      0 1648.22920 2425.49075    0.00729    0.00717      320.3   0   1    3 0 1 0 0 1  1.40000   1.759827093889260e-001   1.015636788943328e+000   2.059633066710559e+002   2.173434912301489e+003  -4.370761603487806e-002  0.00017   1.735431112318389e-004   2.846434387781986e-003   1.965461968108481e-001   7.350159024933635e+001   5.636346638573623e-003 1648.000 2425.000   10.000     0 C:\Studies\double_stars\hip\20090225\g074a001.fit
  1  0 2009  2 25 19 25  8      0 2686.86921 2165.92899    0.01223    0.01207       43.1   0   1    4 0 1 0 0 1  1.40000   1.732019655277871e-001   1.010900933167084e+000   5.827304034659369e+001   2.026912445541530e+003  -6.292589676901642e-002  0.00028   2.833938487130151e-004   4.699208774723868e-003   9.195775582716341e-002   1.045838797350220e+001   9.307377575824147e-003 2687.000 2166.000   10.000     0 C:\Studies\double_stars\hip\20090225\g074a001.fit
  1  0 2009  2 25 19 25  8      0 2615.65435 2853.28023    0.01107    0.01167       57.8   0   1    5 0 1 0 0 1  1.40000   1.568760302118903e-001   9.528528913445288e-001   7.053076535184661e+001   1.881214973583482e+003   6.240159045055341e-002  0.00022   2.212312989498248e-004   3.822805202834839e-003   9.181431452536988e-002   1.766111074459970e+001   7.548671977507132e-003 2616.000 2853.000   10.000     0 C:\Studies\double_stars\hip\20090225\g074a001.fit
  1  0 2009  2 25 19 25  8      0 2023.65863 1596.76548    0.09200    0.08456       22.1   0   1    6 0 1 0 0 1  1.40000   1.692300769628498e-001   1.071292757174686e+000   1.555244188365707e+001   2.028662164216424e+003   7.842779767498112e-002  0.00202   2.018977202258149e-003   3.630900927492856e-002   1.781965594521755e-001   5.011783121501216e+000   7.193303483109632e-002 2025.000 1597.000   10.000     0 C:\Studies\double_stars\hip\20090225\g074a001.fit
  1  0 2009  2 25 19 25  8      0 2307.51755  631.41460    0.02545    0.02552       27.3   0   1    7 0 1 0 0 1  1.40000   1.819679148730499e-001   9.967407631426637e-001   3.200632334116762e+001   2.038635614331565e+003  -1.426829748387950e-002  0.00064   6.430405589142526e-004   1.001096870263627e-002   1.101438307488445e-001   6.008117659208304e+000   1.982937242876275e-002 2307.000  631.000   10.000     0 C:\Studies\double_stars\hip\20090225\g074a001.fit
  1  0 2009  2 25 19 25  8      0 1949.54662  872.53153    0.05241    0.05168       23.2   0   1    8 0 1 0 0 1  1.40000   1.770094778133774e-001   1.013844240807637e+000   2.066373295994851e+001   2.026464235451754e+003  -7.208311618176251e-002  0.00126   1.260778339935898e-003   2.050439177948862e-002   1.425153260577256e-001   5.233150571696726e+000   4.064849251613204e-002 1950.000  872.000   10.000     0 C:\Studies\double_stars\hip\20090225\g074a001.fit
  1  0 2009  2 25 19 25  8      0  579.70349  928.51935    0.09104    0.09237       22.0   0   1    9 0 1 0 0 1  1.40000   1.867093275316909e-001   9.809752282245779e-001   1.514902195759928e+001   2.031200644985341e+003  -2.899331501588911e-002  0.00241   2.406476510333759e-003   3.592004396740535e-002   1.902010250072709e-001   4.474460028862286e+000   7.122387445283106e-002  581.000  928.000   10.000     0 C:\Studies\double_stars\hip\20090225\g074a001.fit
  1  0 2009  2 25 19 25  8      0  559.29500 1227.83735    0.03236    0.03134       26.8   0   1   10 0 1 0 0 1  1.40000   1.726222253937181e-001   1.025595761379158e+000   2.840639518743039e+001   2.021408071727069e+003  -3.012803971090855e-002  0.00074   7.424624135020233e-004   1.254207285717692e-002   1.178109052969980e-001   6.359413165286767e+000   2.482685580234775e-002  560.000 1228.000   10.000     0 C:\Studies\double_stars\hip\20090225\g074a001.fit
  1  0 2009  2 25 19 25  8      0  517.12157  288.27903    0.06671    0.06613       21.4   0   1   11 0 1 0 0 1  1.40000   1.843038391762469e-001   1.008240927305908e+000   1.752819968315553e+001   2.023563346117395e+003  -5.934491952769465e-002  0.00172   1.719401758566142e-003   2.670734058280090e-002   1.601579755915280e-001   4.626229227393067e+000   5.295395914935018e-002  517.000  288.000   10.000     0 C:\Studies\double_stars\hip\20090225\g074a001.fit
  1  0 2009  2 25 19 25  8      0  377.13541  343.18560    0.05032    0.04891       22.3   0   1   12 0 1 0 0 1  1.40000   1.628660944512108e-001   1.025738370078686e+000   2.084789688159653e+001   2.009489278626673e+003  -5.749337031546912e-002  0.00105   1.050436418684302e-003   1.881393175894947e-002   1.274730675349169e-001   5.938505757328565e+000   3.720319770295518e-002  377.000  343.000   10.000     0 C:\Studies\double_stars\hip\20090225\g074a001.fit
  1  0 2009  2 25 19 25  8      0  229.84060 1007.74275    0.08252    0.08437       23.0   0   1   13 0 1 0 0 1  1.40000   1.887452073478847e-001   9.777074191514964e-001   1.618134606635102e+001   2.027828927171712e+003  -6.851150989581326e-002  0.00222   2.224444960341178e-003   3.269826152074861e-002   1.873539246209161e-001   4.957840878522657e+000   6.487807000864861e-002  230.000 1008.000   10.000     0 C:\Studies\double_stars\hip\20090225\g074a001.fit
  1  0 2009  2 25 19 25  8      0   40.52219 1349.27858    0.04225    0.03968       21.8   0   1   14 0 1 0 0 1  1.40000   1.772677609958712e-001   1.059149289815797e+000   2.250820186730557e+001   2.020603535070794e+003  -8.822812362190259e-002  0.00101   1.009547774973182e-003   1.711732800128518e-002   1.250451955085286e-001   4.804566598597526e+000   3.395651173963472e-002   41.000 1350.000   10.000     0 C:\Studies\double_stars\hip\20090225\g074a001.fit
  1  0 2009  2 25 19 25  8      0  235.11593 1926.26109    0.03850    0.03778       26.4   0   1   15 0 1 0 0 1  1.40000   1.696894876733776e-001   1.012936153119834e+000   2.580564240093275e+001   2.019436352036458e+003  -3.673786648641690e-002  0.00086   8.605297168721757e-004   1.460667057112979e-002   1.251037375560064e-001   6.373557109101190e+000   2.890872103358339e-002  236.000 1926.000   10.000     0 C:\Studies\double_stars\hip\20090225\g074a001.fit
