  1  0 2009  2 25 19 28  2      0 2323.77439 1710.95477    0.01081    0.01106      176.5   0   1    1 0 1 0 0 1  1.40000   1.653090684843762e-001   9.760233748172262e-001   1.248686486282221e+002   1.533803682403777e+003   2.429133526458328e-002  0.00023   2.334827345544284e-004   3.922245451752639e-003   1.667954952758920e-001   4.833640969836144e+001   7.751457306498528e-003 2324.000 1711.000   10.000     0 C:\Studies\double_stars\hip\20090225\g074a007.fit
  1  0 2009  2 25 19 28  2      0 2466.86164 2187.22569    0.01066    0.01095      290.5   0   1    2 0 1 0 0 1  1.40000   1.652301821416311e-001   9.746080427723135e-001   1.612469597204324e+002   1.200405572593697e+003   7.487788778409499e-003  0.00023   2.304248980351385e-004   3.867718670654205e-003   2.124505639235421e-001   7.905869769397570e+001   7.642461880268924e-003 2467.000 2187.000   10.000     0 C:\Studies\double_stars\hip\20090225\g074a007.fit
  1  0 2009  2 25 19 28  2      0 1643.92558 2424.69179    0.01014    0.01043      451.3   0   1    3 0 1 0 0 1  1.40000   1.697472964029241e-001   9.713919863424972e-001   2.054199616313792e+002   1.470525446820260e+003   8.977189602719768e-003  0.00023   2.291220410258709e-004   3.729829274803358e-003   2.643909073689876e-001   1.187701011725258e+002   7.375153912993784e-003 1644.000 2425.000   10.000     0 C:\Studies\double_stars\hip\20090225\g074a007.fit
  1  0 2009  2 25 19 28  2      0 2682.51746 2165.09293    0.01514    0.01554       53.8   0   1    4 0 1 0 0 1  1.40000   1.672935803850935e-001   9.733336293201025e-001   5.818316945828420e+001   1.972666067704425e+003   1.136688356174765e-002  0.00033   3.336202268226135e-004   5.521754784964875e-003   1.099954365744567e-001   1.421995343856076e+001   1.091835957403983e-002 2683.000 2166.000   10.000     0 C:\Studies\double_stars\hip\20090225\g074a007.fit
  1  0 2009  2 25 19 28  2      0 2611.20988 2852.35345    0.01281    0.01402       67.9   0   1    5 0 1 0 0 1  1.40000   1.531409180262824e-001   9.235838063825150e-001   7.074623007881880e+001   1.808781999186072e+003   1.077392708502946e-001  0.00025   2.487367004208282e-004   4.260475150649722e-003   1.043475297673840e-001   2.240187996154171e+001   8.428974256073434e-003 2611.000 2852.000   10.000     0 C:\Studies\double_stars\hip\20090225\g074a007.fit
  1  0 2009  2 25 19 28  2      0 2019.24825 1596.14334    0.09599    0.09398       22.6   0   1    6 0 1 0 0 1  1.40000   1.707451156984385e-001   1.012671769225940e+000   1.514552073192222e+001   2.034060333544433e+003   1.232999069897372e-001  0.00216   2.163642566653040e-003   3.635729584982726e-002   1.833309632864606e-001   5.300766303110485e+000   7.215019519852396e-002 2018.000 1597.000   10.000     0 C:\Studies\double_stars\hip\20090225\g074a007.fit
  1  0 2009  2 25 19 28  2      0 2303.18793  630.59247    0.02778    0.02811       29.2   0   1    7 0 1 0 0 1  1.40000   1.663894859897439e-001   9.824310711728885e-001   3.180193347912690e+001   2.009017703920335e+003   2.268948631932293e-002  0.00060   6.041655659809412e-004   1.014784087257885e-002   1.093747713886968e-001   7.694575854002496e+000   2.006341745732294e-002 2304.000  631.000   10.000     0 C:\Studies\double_stars\hip\20090225\g074a007.fit
  1  0 2009  2 25 19 28  2      0 1945.24175  871.65175    0.05312    0.05464       23.0   0   1    8 0 1 0 0 1  1.40000   1.687218139073682e-001   9.688723101077181e-001   2.040430267270895e+001   2.018483633299256e+003   6.070989410456276e-002  0.00119   1.186189248936218e-003   1.935722076844571e-002   1.353514873553013e-001   5.576802419335378e+000   3.835574100336361e-002 1944.000  871.000   10.000     0 C:\Studies\double_stars\hip\20090225\g074a007.fit
  1  0 2009  2 25 19 28  2      0  575.24296  927.45472    0.10061    0.11111       23.0   0   1    9 0 1 0 0 1  1.40000   1.719342189308524e-001   9.102675560516840e-001   1.448959619375965e+001   2.029117968474297e+003   9.133717498258244e-002  0.00235   2.354854208474189e-003   3.538764707036066e-002   1.878973687370321e-001   6.242719590518916e+000   7.009265436336079e-002  575.000  928.000   10.000     0 C:\Studies\double_stars\hip\20090225\g074a007.fit
  1  0 2009  2 25 19 28  2      0  555.03995 1227.03727    0.03488    0.03560       27.9   0   1   10 0 1 0 0 1  1.40000   1.584465645400684e-001   9.794128613274831e-001   2.772955456086078e+001   2.001572054393402e+003   3.071292330983914e-002  0.00070   7.032917401802787e-004   1.237460947692545e-002   1.147777910908746e-001   8.257983670761115e+000   2.443281416486687e-002  555.000 1227.000   10.000     0 C:\Studies\double_stars\hip\20090225\g074a007.fit
  1  0 2009  2 25 19 28  2      0  512.62146  287.46703    0.07235    0.07349       22.3   0   1   11 0 1 0 0 1  1.40000   1.632969508482519e-001   9.812104212082948e-001   1.722340226819480e+001   2.013180363102308e+003   8.843915318984283e-002  0.00153   1.528307252212479e-003   2.608070230520770e-002   1.517788405546980e-001   6.155465725807196e+000   5.162839764126397e-002  512.000  288.000   10.000     0 C:\Studies\double_stars\hip\20090225\g074a007.fit
  1  0 2009  2 25 19 28  2      0  372.82158  342.36233    0.05206    0.05232       23.9   0   1   12 0 1 0 0 1  1.40000   1.656776204604947e-001   9.883316330314422e-001   2.109327602069150e+001   2.009152005537221e+003   5.958754824479478e-002  0.00112   1.121950759356342e-003   1.902556518236601e-002   1.346721332847999e-001   6.022107240323432e+000   3.762863023268529e-002  374.000  342.000   10.000     0 C:\Studies\double_stars\hip\20090225\g074a007.fit
  1  0 2009  2 25 19 28  2      0  225.73615 1007.20177    0.09069    0.08903       21.8   0   1   13 0 1 0 0 1  1.40000   1.503393791846330e-001   1.003405259231626e+000   1.548616580845308e+001   2.016390851711243e+003  -1.843606435566465e-002  0.00166   1.656071731650802e-003   3.148243871229491e-002   1.556438301752320e-001   6.463594342303380e+000   6.213568099772593e-002  227.000 1007.000   10.000     0 C:\Studies\double_stars\hip\20090225\g074a007.fit
  1  0 2009  2 25 19 28  2      0   36.28265 1348.48543    0.04654    0.04917       24.8   0   1   14 0 1 0 0 1  1.40000   1.762153928862522e-001   9.484528763782237e-001   2.233297913201404e+001   2.015029131812845e+003   6.462034857826804e-003  0.00112   1.124374434327627e-003   1.720974402521343e-002   1.364359849072573e-001   5.944298956425595e+000   3.405325727636106e-002   37.000 1348.000   10.000     0 C:\Studies\double_stars\hip\20090225\g074a007.fit
  1  0 2009  2 25 19 28  2      0  230.79084 1925.34644    0.03973    0.04097       26.9   0   1   15 0 1 0 0 1  1.40000   1.648521825282936e-001   9.801147954943084e-001   2.555691693279735e+001   2.013229749010001e+003  -2.253472175359529e-003  0.00086   8.579542760245347e-004   1.451165787671763e-002   1.244218782856129e-001   6.538105499069350e+000   2.870537738126396e-002  230.000 1924.000   10.000     0 C:\Studies\double_stars\hip\20090225\g074a007.fit
