  1  0 2009  2 25 19 27 33      0 2325.08565 1711.90381    0.01009    0.00981      172.1   0   1    1 0 1 0 0 1  1.40000   1.785080899365777e-001   1.024866774762150e+000   1.284618526925219e+002   1.892873977486463e+003   2.463926140171976e-004  0.00025   2.452871435463924e-004   4.003398135956389e-003   1.719941405506924e-001   3.912975298278161e+001   7.928147695799760e-003 2325.000 1712.000   10.000     0 C:\Studies\double_stars\hip\20090225\g074a006.fit
  1  0 2009  2 25 19 27 33      0 2468.20408 2188.14960    0.00898    0.00885      253.6   0   1    2 0 1 0 0 1  1.40000   1.752307411150865e-001   1.012140201170164e+000   1.649419713606881e+002   1.627288554538760e+003  -1.192222194342491e-002  0.00021   2.122608082349033e-004   3.486047561973420e-003   1.932803393316863e-001   5.980835867899667e+001   6.900044407496382e-003 2468.000 2188.000   10.000     0 C:\Studies\double_stars\hip\20090225\g074a006.fit
  1  0 2009  2 25 19 27 33      0 1645.29319 2425.64659    0.00865    0.00862      399.2   0   1    3 0 1 0 0 1  1.40000   1.785983608442570e-001   1.000683817875377e+000   2.101215295497366e+002   1.995956648995932e+003  -6.688722549843746e-003  0.00021   2.112753077923770e-004   3.365101358800447e-003   2.414899085448341e-001   9.274058138414085e+001   6.663708972903545e-003 1645.000 2426.000   10.000     0 C:\Studies\double_stars\hip\20090225\g074a006.fit
  1  0 2009  2 25 19 27 33      0 2683.85782 2166.01754    0.01347    0.01314       49.2   0   1    4 0 1 0 0 1  1.40000   1.741529331624402e-001   1.021736500499781e+000   5.947535028513992e+001   2.007120333634003e+003   1.912421547567037e-003  0.00031   3.144868312005670e-004   5.246695690738047e-003   1.038889744406331e-001   1.168667762151778e+001   1.038409815836667e-002 2684.000 2166.000   10.000     0 C:\Studies\double_stars\hip\20090225\g074a006.fit
  1  0 2009  2 25 19 27 33      0 2612.58743 2853.39468    0.01147    0.01227       62.7   0   1    5 0 1 0 0 1  1.40000   1.589088872997274e-001   9.412958996714319e-001   7.193782994828504e+001   1.843981204849780e+003   9.000647624049575e-002  0.00023   2.348336222694820e-004   3.952220066942512e-003   9.828855164273245e-002   1.875054242956162e+001   7.813494952778879e-003 2613.000 2853.000   10.000     0 C:\Studies\double_stars\hip\20090225\g074a006.fit
  1  0 2009  2 25 19 27 33      0 2020.81709 1596.96441    0.08196    0.07866       21.2   0   1    6 0 1 0 0 1  1.40000   1.684956517187195e-001   1.034777971188667e+000   1.594984124960307e+001   2.024592498911956e+003  -4.928654527765668e-002  0.00180   1.803333578297724e-003   3.147942504840067e-002   1.633775430363577e-001   5.101423980815165e+000   6.234674964727750e-002 2020.000 1598.000   10.000     0 C:\Studies\double_stars\hip\20090225\g074a006.fit
  1  0 2009  2 25 19 27 33      0 2304.49059  631.51030    0.02466    0.02431       26.9   0   1    7 0 1 0 0 1  1.40000   1.747921111404878e-001   1.013351453339656e+000   3.249501437153694e+001   2.015878140727847e+003  -1.851210293183856e-002  0.00058   5.805991377897617e-004   9.570498935942955e-003   1.041534475106785e-001   6.218908848357820e+000   1.894537096492927e-002 2305.000  631.000   10.000     0 C:\Studies\double_stars\hip\20090225\g074a006.fit
  1  0 2009  2 25 19 27 33      0 1946.63233  872.58012    0.05558    0.05234       24.1   0   1    8 0 1 0 0 1  1.40000   1.690489624948312e-001   1.053445210514580e+000   2.071018533407972e+001   2.023821185570640e+003   5.343561991465184e-002  0.00123   1.225441239753025e-003   2.170908756930381e-002   1.444612722562642e-001   5.813342620227650e+000   4.297625644285739e-002 1946.000  873.000   10.000     0 C:\Studies\double_stars\hip\20090225\g074a006.fit
  1  0 2009  2 25 19 27 33      0  576.77453  928.30760    0.09112    0.09020       21.7   0   1    9 0 1 0 0 1  1.40000   1.865439290682878e-001   1.002448990409692e+000   1.510777531742815e+001   2.034292676780594e+003   3.454366197519205e-002  0.00239   2.392553244862992e-003   3.651715819894068e-002   1.896223706949130e-001   4.451607718247161e+000   7.242109040034939e-002  578.000  929.000   10.000     0 C:\Studies\double_stars\hip\20090225\g074a006.fit
  1  0 2009  2 25 19 27 33      0  556.42982 1228.09093    0.03083    0.03108       26.5   0   1   10 0 1 0 0 1  1.40000   1.741302486698488e-001   9.903888665458411e-001   2.862767150008902e+001   2.014518733011672e+003  -3.535816437787975e-002  0.00072   7.236349442415587e-004   1.170044385648961e-002   1.145039365108798e-001   6.422537372731956e+000   2.315744265938626e-002  556.000 1228.000   10.000     0 C:\Studies\double_stars\hip\20090225\g074a006.fit
  1  0 2009  2 25 19 27 33      0  514.08678  288.31602    0.07307    0.07093       22.5   0   1   11 0 1 0 0 1  1.40000   1.710959561622144e-001   1.019894072059181e+000   1.735231343902192e+001   2.020368278851027e+003   2.062679382160410e-002  0.00165   1.650426707036270e-003   2.797491849108390e-002   1.605046497668511e-001   5.323279728214970e+000   5.536975717703054e-002  513.000  289.000   10.000     0 C:\Studies\double_stars\hip\20090225\g074a006.fit
  1  0 2009  2 25 19 27 33      0  374.19983  343.23006    0.04638    0.04597       22.2   0   1   12 0 1 0 0 1  1.40000   1.806991734942888e-001   1.007631395913530e+000   2.140469020242032e+001   2.022900890417802e+003  -9.622204850542273e-003  0.00116   1.155688335604842e-003   1.831787822206592e-002   1.334237891018615e-001   4.961458525751026e+000   3.627997907335622e-002  374.000  343.000   10.000     0 C:\Studies\double_stars\hip\20090225\g074a006.fit
  1  0 2009  2 25 19 27 33      0  227.06368 1007.96547    0.08632    0.08575       23.6   0   1   13 0 1 0 0 1  1.40000   1.774851805347203e-001   1.001590646173689e+000   1.620318932137999e+001   2.024232754355822e+003   9.172973241645770e-002  0.00208   2.084371200812819e-003   3.336955175989353e-002   1.840470980995064e-001   5.363692930604030e+000   6.617346478237805e-002  228.000 1008.000   10.000     0 C:\Studies\double_stars\hip\20090225\g074a006.fit
  1  0 2009  2 25 19 27 33      0   37.67706 1349.61103    0.04188    0.04218       23.5   0   1   14 0 1 0 0 1  1.40000   1.822063371617046e-001   9.942678544936756e-001   2.309515036300773e+001   2.017869724804589e+003  -1.304071273694910e-002  0.00106   1.062191110718781e-003   1.647371264711806e-002   1.310610072241896e-001   5.127927787238536e+000   3.263225230072609e-002   38.000 1349.000   10.000     0 C:\Studies\double_stars\hip\20090225\g074a006.fit
  1  0 2009  2 25 19 27 33      0  232.23550 1926.29589    0.03202    0.03174       22.4   0   1   15 0 1 0 0 1  1.40000   1.655240721235854e-001   1.005339083914030e+000   2.600905496487447e+001   2.011278883459675e+003  -3.138541112234106e-002  0.00069   6.887527113410937e-004   1.189903045165252e-002   1.028739345044762e-001   5.932024420664786e+000   2.353096833092582e-002  232.000 1927.000   10.000     0 C:\Studies\double_stars\hip\20090225\g074a006.fit
