0.0162761888529055 0.0276435953680404
-0.0394633400592789 -0.12623029146967
-0.020853147583089 0.104167326106984
0.00464396303220117 0.0261955001248059
-0.0488382101319199 -0.0642388478697935
0.949314172627978 0.448523714741131
0.0290637263739618 0.157463674340836
-0.0302374114827307 -0.0725225299146705
-0.0592592216189756 0.377424492583127
-0.107612203047041 -0.255111203802685
0.220292318380702 -0.339928953222204
-0.423556989960263 -0.127432702921721
-0.0137278524722138 0.197411122618532
0.0504622627882024 0.0538745032753343
0.217987008159254 0.0210405472997092
