2326.464955 1711.3795875 0.0094975 0.0092725
2469.5419775 2187.64928375 0.0088775 0.00874875
1646.60330125 2425.11878125 0.0087925 0.00872625
2685.19379875 2165.491065 0.01364375 0.01341625
2613.9201225 2852.81096625 0.01207 0.01277625
2022.03218875 1596.4127475 0.08938625 0.086485
2305.8269225 630.93223375 0.02601375 0.0257175
1947.9185675 872.0018575 0.052835 0.05147
578.01976 927.86683375 0.09517125 0.0963525
557.71003625 1227.46681625 0.03276625 0.032005
515.4019675 287.7264425 0.0713075 0.07045625
375.5388525 342.71199625 0.0501325 0.0489975
228.38349625 1007.42542875 0.08524 0.0832975
38.96971 1348.95000125 0.044765 0.04440625
233.46776875 1925.7605875 0.03667375 0.0361775
