  1  0 2012 12 17 23 57 42      0 2286.24923 1808.58510    0.01899    0.01970       60.1   0   1    1 0 1 0 0 1  1.40000   8.660778289490836e-002   9.856887429608515e-001   6.305221378851717e+001   2.122215700775688e+003   1.332988992685860e-001  0.00016   1.594170248605767e-004   5.194656414992434e-003   7.304918528107024e-002   7.106535394779311e+001   1.021080020516006e-002 2286.000 1808.000   10.000     0 C:\Users\akhodyre\Studies\hip\20121217\g074a006.fit
  1  0 2012 12 17 23 57 42      0 2430.02595 2283.88337    0.01584    0.01557       78.6   0   1    2 0 1 0 0 1  1.40000   8.766756072893216e-002   9.786609869622848e-001   7.990186269787689e+001   2.212184075908815e+003   1.098361880146293e-001  0.00013   1.308451089837899e-004   4.186416494857465e-003   7.564674538025734e-002   9.013208619783759e+001   8.188557861833146e-003 2429.000 2284.000   10.000     0 C:\Users\akhodyre\Studies\hip\20121217\g074a006.fit
  1  0 2012 12 17 23 57 42      0 1607.94627 2523.98706    0.01445    0.01507      113.0   0   1    3 0 1 0 0 1  1.40000   8.556798574883436e-002   9.762758143436575e-001   1.013054768006585e+002   2.234032107020748e+003   1.289210318745212e-001  0.00012   1.156588099455886e-004   3.773639360342010e-003   8.403189750189610e-002   1.190992035631466e+002   7.550770701145095e-003 1607.000 2523.000   10.000     0 C:\Users\akhodyre\Studies\hip\20121217\g074a006.fit
  1  0 2012 12 17 23 57 42      0 2645.84497 2261.81517    0.04965    0.04817       31.0   0   1    4 0 1 0 0 1  1.40000   8.638403547196111e-002   1.017963108321299e+000   2.880070329034023e+001   2.100520043719802e+003   1.061207137532887e-001  0.00039   3.907519822155374e-004   1.318802733902954e-002   8.248879526150808e-002   3.174590196120390e+001   2.571842910698651e-002 2647.000 2261.000   10.000     0 C:\Users\akhodyre\Studies\hip\20121217\g074a006.fit
  1  0 2012 12 17 23 57 42      0 2575.95707 2948.85677    0.03811    0.03998       37.7   0   1    5 0 1 0 0 1  1.40000   8.445235852148432e-002   9.612707887154275e-001   3.526877126020464e+001   2.118222969468335e+003   1.615115026847204e-001  0.00032   3.173340727399002e-004   1.033385946462847e-002   8.064917648342505e-002   5.512304530103408e+001   2.031934291351772e-002 2576.000 2949.000   10.000     0 C:\Users\akhodyre\Studies\hip\20121217\g074a006.fit
  1  0 2012 12 17 23 57 42      0 1981.74961 1693.47206    0.31288    0.29563       23.6   0   1    6 0 1 0 0 1  1.40000   3.793366484167793e-001   1.184282082252966e+000   8.490442415264029e+000   2.100117128588176e+003   1.064395173250647e+000  0.03078   3.078096472870492e-002   2.169549437193935e-001   7.293321758026711e-001   2.043497262913575e+000   4.881718526645028e-001 1981.000 1694.000   10.000     0 C:\Users\akhodyre\Studies\hip\20121217\g074a006.fit
  1  0 2012 12 17 23 57 42      0 2263.29237  728.65477    0.14551    0.13751       25.3   0   1    7 0 1 0 0 1  1.40000   1.051526628478970e-001   1.013709963857938e+000   1.421384799385140e+001   2.119775899757486e+003   1.817059131675600e-001  0.00151   1.513845651331238e-003   4.149251440651341e-002   1.529974308144881e-001   1.641310641082507e+001   8.198078451708635e-002 2262.000  729.000   10.000     0 C:\Users\akhodyre\Studies\hip\20121217\g074a006.fit
  1  0 2012 12 17 23 57 42      0 1906.88171  970.45070    0.32533    0.29209       23.9   0   1    8 0 1 0 0 1  1.40000   1.108272291886780e-001   1.111107405101281e+000   9.218668093955145e+000   2.089368479708537e+003   1.014432056296823e-001  0.00361   3.611365618582405e-003   1.035796625362687e-001   2.380116052832858e-001   1.035115445131596e+001   2.049521209183792e-001 1906.000  969.000   10.000     0 C:\Users\akhodyre\Studies\hip\20121217\g074a006.fit
  1  0 2012 12 17 23 57 42      0  535.50168 1030.43655    1.36997    1.60297       23.2   0   1    9 0 1 0 0 1  1.40000   4.672095194676681e-002   1.101839508994136e+000   8.713676575947977e+000   2.040089403763618e+003   2.760705802434459e-001  0.00225   2.245889219114218e-003   1.529898260984150e-001   1.522774158122724e-001   5.653652204328644e+001   3.562672391076186e-001  539.000 1026.000   10.000     0 C:\Users\akhodyre\Studies\hip\20121217\g074a006.fit
  1  0 2012 12 17 23 57 42      0  516.79584 1328.91068    0.20296    0.22481       23.0   0   1   10 0 1 0 0 1  1.40000   8.549641601120642e-002   9.268738297161934e-001   1.334040756393267e+001   2.078177521838615e+003   6.887192472246546e-002  0.00136   1.364560424104625e-003   4.201152023594476e-002   1.233180373056564e-001   1.755774484429412e+001   8.988275641087468e-002  514.000 1332.000   10.000     0 C:\Users\akhodyre\Studies\hip\20121217\g074a006.fit
  1  0 2012 12 17 23 57 42      0  472.43324  390.44964    0.41863    0.32743       21.2   0   1   11 0 1 0 0 1  1.40000   9.360452424526515e-002   1.107664188125644e+000   8.471863943593231e+000   2.066820395424015e+003  -7.786667990656357e-002  0.00324   3.239208223971032e-003   1.096441100133735e-001   2.037850921151794e-001   1.382632393330791e+001   2.156002063602055e-001  470.000  391.000   10.000     0 C:\Users\akhodyre\Studies\hip\20121217\g074a006.fit
  1  0 2012 12 17 23 57 42      0  332.67107  445.16538    0.29587    0.32152       23.0   0   1   12 0 1 0 0 1  1.40000   9.083771687011452e-002   9.264458064492667e-001   1.004799295566029e+001   2.062728133666542e+003   1.983690663850762e-001  0.00252   2.518226746461162e-003   7.289118883894090e-002   1.740390121287856e-001   1.852776612579720e+001   1.507916818713146e-001  331.000  444.000   10.000     0 C:\Users\akhodyre\Studies\hip\20121217\g074a006.fit
  1  0 2012 12 17 23 57 42      0  187.28301 1109.96511    0.44581    0.58875       22.5   0   1   13 0 1 0 0 1  1.40000   1.366160973612030e-001   8.116675109402720e-001   6.843303065823324e+000   2.079810467869384e+003  -4.429492995965392e-001  0.00761   7.610896734143340e-003   1.207432402126003e-001   3.095125811078270e-001   9.405340188719917e+000   2.512301626136050e-001  186.000 1110.000   10.000     0 C:\Users\akhodyre\Studies\hip\20121217\g074a006.fit
  1  0 2012 12 17 23 57 42      0  194.03704 2027.43259    0.22911    0.28468       22.5   0   1   14 0 1 0 0 1  1.40000   7.443741931832357e-002   8.615290666490401e-001   1.335643493718148e+001   2.036209137269442e+003   2.291021130837979e-001  0.00126   1.257359356896103e-003   4.117151128188683e-002   1.104058729771701e-001   2.964523187214779e+001   8.539383484348850e-002  191.000 2030.000   10.000     0 C:\Users\akhodyre\Studies\hip\20121217\g074a006.fit
