  1  0 2012 12 17 23 56 45      0 2287.28320 1811.29415    0.01472    0.01380       74.4   0   1    1 0 1 0 0 1  1.40000   9.240545189112608e-002   1.029023148777315e+000   7.891023780020541e+001   1.683512711339850e+003   5.292519273350137e-002  0.00013   1.298541980191662e-004   4.154833406222433e-003   7.578333829307753e-002   7.220413780362942e+001   8.087589397198796e-003 2288.000 1812.000   10.000     0 C:\Users\akhodyre\Studies\hip\20121217\g074a004.fit
  1  0 2012 12 17 23 56 45      0 2431.12565 2286.61785    0.01185    0.01107       96.8   0   1    2 0 1 0 0 1  1.40000   9.209619849302903e-002   1.041708367161170e+000   9.966007370586340e+001   1.551714900471406e+003   6.189986716823447e-002  0.00011   1.053586558717707e-004   3.427137559966855e-003   7.835293669854437e-002   9.880570650942018e+001   6.657506041283845e-003 2431.000 2287.000   10.000     0 C:\Users\akhodyre\Studies\hip\20121217\g074a004.fit
  1  0 2012 12 17 23 56 45      0 1609.05167 2526.79505    0.01104    0.01049      143.3   0   1    3 0 1 0 0 1  1.40000   9.499599196822769e-002   1.031107040976120e+000   1.241488651369418e+002   1.813966203566967e+003   8.180986058160333e-002  0.00010   1.029623371777032e-004   3.208172343869727e-003   9.449875078934736e-002   1.359227027800198e+002   6.250358181470853e-003 1609.000 2527.000   10.000     0 C:\Users\akhodyre\Studies\hip\20121217\g074a004.fit
  1  0 2012 12 17 23 56 45      0 2647.10936 2264.54686    0.03306    0.03027       34.9   0   1    4 0 1 0 0 1  1.40000   9.430336860189270e-002   1.059533542841455e+000   3.567675326213259e+001   2.040479839615725e+003   6.225563861587479e-002  0.00030   3.010865605828195e-004   9.729745652625592e-003   8.044119563951745e-002   3.244093361347243e+001   1.891278847546721e-002 2647.000 2265.000   10.000     0 C:\Users\akhodyre\Studies\hip\20121217\g074a004.fit
  1  0 2012 12 17 23 56 45      0 2577.07966 2951.65148    0.02648    0.02522       39.7   0   1    5 0 1 0 0 1  1.40000   9.057908884530370e-002   1.023629350804485e+000   4.376840950016729e+001   2.010047618640493e+003   1.137433279425013e-001  0.00022   2.230661261403613e-004   7.218544664649117e-003   7.155525467847709e-002   3.509391979538593e+001   1.430894141426437e-002 2576.000 2951.000   10.000     0 C:\Users\akhodyre\Studies\hip\20121217\g074a004.fit
  1  0 2012 12 17 23 56 45      0 1982.72585 1698.04075    0.41279    0.37043       21.6   0   1    6 0 1 0 0 1  1.40000   8.796693433304287e-002   9.220019588462528e-001   9.859198639046179e+000   2.055114733178968e+003   2.836078004189013e-001  0.00242   2.423605951795762e-003   7.254386543023821e-002   1.591982153932947e-001   1.234675047291973e+001   1.538779997322822e-001 1987.000 1700.000   10.000     0 C:\Users\akhodyre\Studies\hip\20121217\g074a004.fit
  1  0 2012 12 17 23 56 45      0 2264.28165  731.29922    0.08346    0.07989       26.1   0   1    7 0 1 0 0 1  1.40000   1.131322143993876e-001   1.014076836217920e+000   1.868710898798533e+001   2.098365274259565e+003   1.630387442236287e-001  0.00097   9.706835451760149e-004   2.473355688124920e-002   1.259847166532815e-001   1.361957738209617e+001   4.915399675866193e-002 2263.000  731.000   10.000     0 C:\Users\akhodyre\Studies\hip\20121217\g074a004.fit
  1  0 2012 12 17 23 56 45      0 1907.41376  973.29085    0.18480    0.19049       24.3   0   1    8 0 1 0 0 1  1.40000   9.488139050595770e-002   9.803471861963021e-001   1.288930043254949e+001   2.053318465807614e+003   1.447713521219832e-001  0.00165   1.646255571564172e-003   4.839300334138921e-002   1.498064166307796e-001   1.825363901635711e+001   9.545335559359194e-002 1909.000  972.000   10.000     0 C:\Users\akhodyre\Studies\hip\20121217\g074a004.fit
  1  0 2012 12 17 23 56 45      0  537.55108 1031.74646    0.32266    0.32220       21.2   0   1    9 0 1 0 0 1  1.40000   9.662925817622659e-002   1.043942641052326e+000   9.604466970788730e+000   2.057725860977673e+003   2.488442343869251e-001  0.00265   2.650459688654429e-003   8.034617130206760e-002   1.773804243156834e-001   1.084105862560844e+001   1.640049910824470e-001  540.000 1029.000   10.000     0 C:\Users\akhodyre\Studies\hip\20121217\g074a004.fit
  1  0 2012 12 17 23 56 45      0  517.81886 1331.77340    0.12766    0.11775       26.9   0   1   10 0 1 0 0 1  1.40000   8.635480710266065e-002   1.061805133911760e+000   1.740309553893262e+001   2.044499276402776e+003   7.988354446481868e-003  0.00093   9.273823986981716e-004   3.266727608536355e-002   1.181513872486907e-001   1.965950789413311e+001   6.632593744338705e-002  516.000 1330.000   10.000     0 C:\Users\akhodyre\Studies\hip\20121217\g074a004.fit
  1  0 2012 12 17 23 56 45      0  473.49366  392.54869    0.21873    0.19821       21.7   0   1   11 0 1 0 0 1  1.40000   9.413866805944510e-002   1.082848565025631e+000   1.105928260657820e+001   2.049577155918815e+003   8.055220624767966e-002  0.00195   1.949558644823546e-003   6.449213739446011e-002   1.620845235086921e-001   1.769942477171941e+001   1.253955766956198e-001  474.000  392.000   10.000     0 C:\Users\akhodyre\Studies\hip\20121217\g074a004.fit
  1  0 2012 12 17 23 56 45      0  333.95365  447.66501    0.13539    0.14227       21.7   0   1   12 0 1 0 0 1  1.40000   1.113348561922832e-001   9.594202517941360e-001   1.303931034132888e+001   2.060260082011735e+003   2.022601287771457e-001  0.00163   1.625215573775913e-003   3.968698303481618e-002   1.464994663550182e-001   1.472424861647537e+001   7.891436096531869e-002  334.000  448.000   10.000     0 C:\Users\akhodyre\Studies\hip\20121217\g074a004.fit
  1  0 2012 12 17 23 56 45      0  188.64012 1112.48706    0.29832    0.32343       22.7   0   1   16 0 1 0 0 1  1.40000   8.669527437217862e-002   9.865286898025888e-001   9.861785153240920e+000   2.053414562340216e+003  -2.838400737211648e-002  0.00246   2.459367185557700e-003   8.030270735753961e-002   1.747019731564490e-001   2.249699843767941e+001   1.568829215477414e-001  189.000 1111.000   10.000     0 C:\Users\akhodyre\Studies\hip\20121217\g074a004.fit
  1  0 2012 12 17 23 56 45      0  195.05811 2030.49090    0.12014    0.13041       24.6   0   1   17 0 1 0 0 1  1.40000   8.080070234491996e-002   9.999672178808974e-001   1.676854817615734e+001   2.013093089553848e+003   1.241231166809660e-001  0.00089   8.856024787416423e-004   3.149926099892919e-002   1.073276076476541e-001   2.739759854282920e+001   6.133893306520261e-002  195.000 2033.000   10.000     0 C:\Users\akhodyre\Studies\hip\20121217\g074a004.fit
