  1  0 2012 12 17 23 57 13      0 2286.81846 1809.95847    0.01326    0.01384       68.8   0   1    1 0 1 0 0 1  1.40000   9.758710199112065e-002   9.894461190900905e-001   7.767636019538161e+001   1.914985569907608e+003  -6.050105126719422e-003  0.00013   1.299218339675274e-004   3.777062600530433e-003   7.243362878568188e-002   5.563399334483504e+001   7.360079417547699e-003 2287.000 1809.000   10.000     0 C:\Users\akhodyre\Studies\hip\20121217\g074a005.fit
  1  0 2012 12 17 23 57 13      0 2430.72756 2285.30090    0.01111    0.01126       94.5   0   1    2 0 1 0 0 1  1.40000   9.593591049870971e-002   9.896831740700428e-001   9.966101710837909e+001   1.632353344996750e+003   1.100905407871315e-002  0.00011   1.067494775241585e-004   3.161046768199823e-003   7.703478841672162e-002   8.873250506092298e+001   6.143686076265437e-003 2431.000 2285.000   10.000     0 C:\Users\akhodyre\Studies\hip\20121217\g074a005.fit
  1  0 2012 12 17 23 57 13      0 1608.65830 2525.45483    0.01035    0.01038      134.1   0   1    3 0 1 0 0 1  1.40000   9.517166435819505e-002   1.000507677267291e+000   1.237376781048155e+002   1.772689327398547e+003   6.197409515598236e-003  0.00010   9.761697963381611e-005   2.946106683173127e-003   8.785820339512081e-002   1.233711048619332e+002   5.727940058783311e-003 1609.000 2525.000   10.000     0 C:\Users\akhodyre\Studies\hip\20121217\g074a005.fit
  1  0 2012 12 17 23 57 13      0 2646.54932 2263.21178    0.03016    0.02987       32.7   0   1    4 0 1 0 0 1  1.40000   9.429448086744610e-002   9.984302497176119e-001   3.601338442708593e+001   2.011851889045442e+003  -1.793413197123489e-002  0.00028   2.796407127461995e-004   8.501552218073746e-003   7.333085105076066e-002   3.150926736048403e+001   1.651918845995873e-002 2646.000 2263.000   10.000     0 C:\Users\akhodyre\Studies\hip\20121217\g074a005.fit
  1  0 2012 12 17 23 57 13      0 2576.69493 2950.25521    0.02495    0.02632       42.3   0   1    5 0 1 0 0 1  1.40000   8.990872592278555e-002   9.592377774357361e-001   4.523325580696088e+001   1.903533552990442e+003   3.600054932371252e-002  0.00022   2.233903564452437e-004   6.846585172544103e-003   7.265488821654872e-002   5.012872784310694e+001   1.327646345971690e-002 2577.000 2950.000   10.000     0 C:\Users\akhodyre\Studies\hip\20121217\g074a005.fit
  1  0 2012 12 17 23 57 13      0 1981.78546 1695.77716    0.56352    0.39874       20.2   0   1    6 0 1 0 0 1  1.40000   7.417120780235531e-002   1.136695903153451e+000   9.856358474244459e+000   2.051124824384292e+003  -5.939910059616530e-001  0.00190   1.898372108999751e-003   7.865695020799232e-002   1.447581019291648e-001   1.582560506943584e+001   1.579639068527605e-001 1987.000 1697.000   10.000     0 C:\Users\akhodyre\Studies\hip\20121217\g074a005.fit
  1  0 2012 12 17 23 57 13      0 2263.73485  730.01436    0.08161    0.08857       24.1   0   1    7 0 1 0 0 1  1.40000   8.358579818665794e-002   1.008580640871153e+000   1.994631151630341e+001   2.021990416276945e+003   3.591913352883426e-002  0.00062   6.236096406911000e-004   2.162207855238814e-002   9.005404353305029e-002   2.304985484201709e+001   4.211553021298490e-002 2264.000  728.000   10.000     0 C:\Users\akhodyre\Studies\hip\20121217\g074a005.fit
  1  0 2012 12 17 23 57 13      0 1877.52185  999.47474    0.01806    0.02237       21.7   0   1    8 0 1 0 0 1  1.40000   2.748672112871696e+000   8.880757804938902e-001   4.563426439498137e+001   2.068098189005692e+003  -1.005552870967517e-001  0.05023   5.022953403763911e-002   1.433941743096855e-001   1.767460484463593e+001   1.297865297924054e+000   7.119973789354062e-002 1878.000 1000.000   10.000     0 C:\Users\akhodyre\Studies\hip\20121217\g074a005.fit
  1  0 2012 12 17 23 57 13      0  536.41787 1030.91694    0.38649    0.38389       22.0   0   1    9 0 1 0 0 1  1.40000   8.477744198571539e-002   9.199065051525062e-001   9.141182243425877e+000   2.057216648998548e+003  -1.283630634227534e-001  0.00279   2.790290062535682e-003   8.679185373045223e-002   1.759523012838512e-001   2.249316319863941e+001   1.690530816529502e-001  534.000 1031.000   10.000     0 C:\Users\akhodyre\Studies\hip\20121217\g074a005.fit
  1  0 2012 12 17 23 57 13      0  517.34770 1330.44516    0.11423    0.10353       24.2   0   1   10 0 1 0 0 1  1.40000   9.477917130554221e-002   9.977441600201924e-001   1.712509844699822e+001   2.055577601398150e+003   1.388378290583895e-001  0.00093   9.293200628843860e-004   2.781295204397254e-002   1.121662919446276e-001   1.637544242252943e+001   5.483612054219871e-002  520.000 1330.000   10.000     0 C:\Users\akhodyre\Studies\hip\20121217\g074a005.fit
  1  0 2012 12 17 23 57 13      0  472.84226  391.15436    0.28134    0.27267       23.3   0   1   11 0 1 0 0 1  1.40000   9.667145039437604e-002   1.108036018140784e+000   1.037518218201304e+001   2.063300390991915e+003  -8.722241560443234e-002  0.00250   2.500082854713682e-003   8.265387182630375e-002   1.871455601982368e-001   1.077071345876234e+001   1.610270060330072e-001  473.000  395.000   10.000     0 C:\Users\akhodyre\Studies\hip\20121217\g074a005.fit
  1  0 2012 12 17 23 57 13      0  333.26738  446.22878    0.17468    0.18050       22.3   0   1   12 0 1 0 0 1  1.40000   8.544314193385220e-002   9.681597403620079e-001   1.264817133506692e+001   2.047636326356222e+003   7.106137830527244e-002  0.00146   1.460552031544682e-003   4.757891360516744e-002   1.337768189262124e-001   3.097483182131123e+001   9.216035208001361e-002  333.000  447.000   10.000     0 C:\Users\akhodyre\Studies\hip\20121217\g074a005.fit
  1  0 2012 12 17 23 57 13      0  187.44972 1110.98344    0.36709    0.80504       21.7   0   1   13 0 1 0 0 1  1.40000   1.165043783872901e-001   8.567899845718742e-001   9.731643219564926e+000   2.061329748711271e+003   2.057200571111293e-001  0.00334   3.340886187009149e-003   7.076308997433090e-002   2.024698350558501e-001   6.368648450537204e+000   1.370359355115716e-001  189.000 1104.000   10.000     0 C:\Users\akhodyre\Studies\hip\20121217\g074a005.fit
  1  0 2012 12 17 23 57 13      0  194.72041 2028.70110    0.12615    0.11552       23.7   0   1   14 0 1 0 0 1  1.40000   9.365564239440125e-002   1.007011300746041e+000   1.560158319865564e+001   2.054080418939194e+003  -8.787148731833833e-002  0.00108   1.075256002431417e-003   3.307658467065024e-002   1.212420932432707e-001   1.950844208991128e+001   6.463287243591719e-002  193.000 2029.000   10.000     0 C:\Users\akhodyre\Studies\hip\20121217\g074a005.fit
