  1  0 2012 12 17 23 55 47      0 2285.54610 1811.23207    0.01381    0.01366       67.5   0   1    1 0 1 0 0 1  1.40000   9.504258372650086e-002   9.940562446717839e-001   7.611477289737034e+001   1.915710658798892e+003   1.992521656904921e-002  0.00013   1.296997090940917e-004   3.895716720453427e-003   7.173477743365837e-002   6.511016232314861e+001   7.564691095458958e-003 2285.000 1812.000   10.000     0 C:\Users\akhodyre\Studies\hip\20121217\g074a002.fit
  1  0 2012 12 17 23 55 47      0 2429.48265 2286.61139    0.01037    0.01065       82.7   0   1    2 0 1 0 0 1  1.40000   9.558118482614592e-002   9.853121664351413e-001   9.700778773193915e+001   1.842143266332581e+003   3.430959628704818e-002  0.00010   9.854136766388911e-005   2.913572998638932e-003   6.888302503894789e-002   7.436925136772095e+001   5.670004720325985e-003 2430.000 2286.000   10.000     0 C:\Users\akhodyre\Studies\hip\20121217\g074a002.fit
  1  0 2012 12 17 23 55 47      0 1607.30537 2526.71095    0.00957    0.00961      115.1   0   1    3 0 1 0 0 1  1.40000   9.485823048342371e-002   1.001482283401380e+000   1.202567230848459e+002   2.116247745786051e+003   3.214418359418168e-002  0.00009   8.869516943183204e-005   2.686071634992833e-003   7.732453439736377e-002   9.983377338850266e+001   5.232904793531949e-003 1608.000 2526.000   10.000     0 C:\Users\akhodyre\Studies\hip\20121217\g074a002.fit
  1  0 2012 12 17 23 55 47      0 2645.35900 2264.53864    0.03221    0.03234       34.5   0   1    4 0 1 0 0 1  1.40000   9.579819330358060e-002   9.836158402330807e-001   3.534489448176333e+001   2.034354498466436e+003   2.140732398454380e-002  0.00031   3.093240240424190e-004   9.119681293752756e-003   7.912106792836471e-002   3.409556410118869e+001   1.770916897152546e-002 2645.000 2265.000   10.000     0 C:\Users\akhodyre\Studies\hip\20121217\g074a002.fit
  1  0 2012 12 17 23 55 47      0 2575.49780 2951.68107    0.02528    0.02616       40.4   0   1    5 0 1 0 0 1  1.40000   9.297681946147059e-002   9.593433282900746e-001   4.353251672894209e+001   2.000556560246652e+003   8.834411206693785e-002  0.00024   2.353778310451922e-004   6.964194042723433e-003   7.351440303056993e-002   4.426096193118697e+001   1.356546405592203e-002 2576.000 2952.000   10.000     0 C:\Users\akhodyre\Studies\hip\20121217\g074a002.fit
  1  0 2012 12 17 23 55 47      0 1980.81556 1697.62019    0.26941    0.32033       21.5   0   1    6 0 1 0 0 1  1.40000   9.835350693240573e-002   8.488633663274249e-001   9.550394638776320e+000   2.057053026822759e+003   1.557232368571758e-001  0.00277   2.773202398557617e-003   6.863118701813896e-002   1.775494828706523e-001   2.025902595690706e+001   1.343986180762719e-001 1982.000 1698.000   10.000     0 C:\Users\akhodyre\Studies\hip\20121217\g074a002.fit
  1  0 2012 12 17 23 55 47      0 2262.44913  731.10878    0.08958    0.08533       26.0   0   1    7 0 1 0 0 1  1.40000   7.867163748404456e-002   9.752742135774499e-001   2.071310615320987e+001   1.980062429227980e+003   1.135124912815990e-002  0.00061   6.095239363398901e-004   2.171875200993439e-002   9.056537589225400e-002   3.666576713802934e+001   4.219290720160739e-002 2264.000  731.000   10.000     0 C:\Users\akhodyre\Studies\hip\20121217\g074a002.fit
  1  0 2012 12 17 23 55 47      0 1905.65325  973.08375    0.23023    0.23740       22.4   0   1    8 0 1 0 0 1  1.40000   9.214043821067926e-002   1.053277874442679e+000   1.172675152891207e+001   2.065793971298650e+003   1.895659711176800e-001  0.00181   1.806586822216488e-003   5.884358969741885e-002   1.501999839402604e-001   1.238141131418562e+001   1.172179931443679e-001 1904.000  977.000   10.000     0 C:\Users\akhodyre\Studies\hip\20121217\g074a002.fit
  1  0 2012 12 17 23 55 47      0  536.11341 1032.62623    0.38326    0.40321       21.8   0   1    9 0 1 0 0 1  1.40000   1.396194937360950e-001   9.682257680242677e-001   7.810184704358539e+000   2.083881154990493e+003   4.091090884919257e-001  0.00610   6.104895999965211e-003   1.153950505046616e-001   2.843299816825151e-001   6.112908919473604e+000   2.336136382596165e-001  539.000 1031.000   10.000     0 C:\Users\akhodyre\Studies\hip\20121217\g074a002.fit
  1  0 2012 12 17 23 55 47      0  515.89034 1331.41379    0.10069    0.10847       23.2   0   1   10 0 1 0 0 1  1.40000   9.594654445956562e-002   9.713594000190402e-001   1.665308782470624e+001   2.061225689260757e+003  -4.005485716006269e-002  0.00095   9.484667085487156e-004   2.747730761488873e-002   1.116593106143710e-001   1.782951761622594e+001   5.392845659194774e-002  515.000 1330.000   10.000     0 C:\Users\akhodyre\Studies\hip\20121217\g074a002.fit
  1  0 2012 12 17 23 55 47      0  471.70238  392.62456    0.34323    0.37519       24.0   0   1   11 0 1 0 0 1  1.40000   8.551962937669660e-002   1.062210617495865e+000   1.014379621489966e+001   2.053679648835347e+003  -1.022564737125340e-001  0.00244   2.436761973059946e-003   8.750545673341204e-002   1.786096758253843e-001   1.487889799870186e+001   1.709031448595194e-001  471.000  389.000   10.000     0 C:\Users\akhodyre\Studies\hip\20121217\g074a002.fit
  1  0 2012 12 17 23 55 47      0  332.15978  447.46746    0.17865    0.21569       21.6   0   1   12 0 1 0 0 1  1.40000   9.627886713086692e-002   9.414571246488445e-001   1.206682848769641e+001   2.059844672748385e+003   5.920191948315634e-002  0.00170   1.701848355460421e-003   4.748183900859532e-002   1.410962013862316e-001   1.490052160181220e+001   9.353729763967804e-002  332.000  445.000   10.000     0 C:\Users\akhodyre\Studies\hip\20121217\g074a002.fit
  1  0 2012 12 17 23 55 47      0  186.08209 1111.78749    0.32286    0.32855       22.6   0   1   13 0 1 0 0 1  1.40000   9.169603086440908e-002   1.009496970237514e+000   9.217914481030858e+000   2.059160708845074e+003   1.851284823895181e-001  0.00289   2.891924565372392e-003   9.075289300205072e-002   1.944913410303233e-001   2.114589774312172e+001   1.796844016161288e-001  186.000 1111.000   10.000     0 C:\Users\akhodyre\Studies\hip\20121217\g074a002.fit
  1  0 2012 12 17 23 55 47      0  193.33176 2029.96919    0.13568    0.12752       23.5   0   1   14 0 1 0 0 1  1.40000   1.037979610046855e-001   1.018046688830233e+000   1.428835860898049e+001   2.081014315847660e+003   1.569342373988923e-003  0.00138   1.376964514876274e-003   3.868477802897683e-002   1.405925809159720e-001   1.528558820996751e+001   7.570594532548912e-002  192.000 2031.000   10.000     0 C:\Users\akhodyre\Studies\hip\20121217\g074a002.fit
