  1  0 2012 12 17 23 56 16      0 2285.25212 1809.56355    0.01824    0.01800       60.2   0   1    1 0 1 0 0 1  1.40000   7.820302072048317e-002   9.560800393015823e-001   6.899076741530885e+001   1.660982238143205e+003  -4.058744711859771e-003  0.00013   1.280081251397803e-004   4.506709943898812e-003   6.292527057055673e-002   9.622020427110829e+001   8.704717383887218e-003 2284.000 1810.000   10.000     0 C:\Users\akhodyre\Studies\hip\20121217\g074a003.fit
  1  0 2012 12 17 23 56 16      0 2429.27319 2285.10053    0.01330    0.01406       76.7   0   1    2 0 1 0 0 1  1.40000   8.014789739363672e-002   9.550215577814465e-001   8.718335696244367e+001   1.611890507720758e+003   1.498061930130817e-002  0.00010   1.033606577473620e-004   3.547152950308106e-003   6.467964627427882e-002   1.311642091942206e+002   6.850101025373952e-003 2429.000 2285.000   10.000     0 C:\Users\akhodyre\Studies\hip\20121217\g074a003.fit
  1  0 2012 12 17 23 56 16      0 1606.98196 2525.13466    0.01162    0.01235      102.8   0   1    3 0 1 0 0 1  1.40000   7.877334011976707e-002   9.552372977692527e-001   1.085436969773084e+002   1.546433275709630e+003  -1.039217329564634e-002  0.00009   8.873705053488405e-005   3.100154029902167e-003   6.906491793956128e-002   1.864511022831334e+002   5.980227406643951e-003 1607.000 2525.000   10.000     0 C:\Users\akhodyre\Studies\hip\20121217\g074a003.fit
  1  0 2012 12 17 23 56 16      0 2645.27598 2262.98524    0.04384    0.04523       33.0   0   1    5 0 1 0 0 1  1.40000   7.531166065493318e-002   9.611695805585377e-001   3.285143765138673e+001   1.930452219589891e+003   2.756299071221556e-003  0.00031   3.053479338988849e-004   1.123836453028602e-002   7.158221271831705e-002   6.248081496711783e+001   2.169955031156727e-002 2646.000 2264.000   10.000     0 C:\Users\akhodyre\Studies\hip\20121217\g074a003.fit
  1  0 2012 12 17 23 56 16      0 2575.28930 2950.08553    0.03689    0.03765       39.7   0   1    6 0 1 0 0 1  1.40000   8.001447476779816e-002   9.397479134651698e-001   3.894560341780191e+001   1.996272878564746e+003   5.651150229667214e-002  0.00027   2.686256723235368e-004   9.076520101042500e-003   7.385755340741018e-002   5.835247651626176e+001   1.767813611689666e-002 2574.000 2950.000   10.000     0 C:\Users\akhodyre\Studies\hip\20121217\g074a003.fit
  1  0 2012 12 17 23 56 16      0 1980.92717 1694.89892    0.47104    0.76657       22.5   0   1    7 0 1 0 0 1  1.40000   8.839559488153327e-002   7.875211412536507e-001   8.635792846596640e+000   2.058664470080244e+003   1.592730672519845e-001  0.00332   3.321320124817295e-003   8.318984393591816e-002   1.806393285231864e-001   1.752812031786452e+001   1.821239820552425e-001 1978.000 1699.000   10.000     0 C:\Users\akhodyre\Studies\hip\20121217\g074a003.fit
  1  0 2012 12 17 23 56 16      0 2262.33533  729.61875    0.12131    0.12354       24.9   0   1    8 0 1 0 0 1  1.40000   8.695205373735142e-002   9.588433146946316e-001   1.646499412001240e+001   2.071362514092703e+003  -3.970262039821294e-002  0.00098   9.762570112472546e-004   3.090794917692202e-002   1.144020265759577e-001   2.628005061384688e+001   6.086046621380493e-002 2261.000  731.000   10.000     0 C:\Users\akhodyre\Studies\hip\20121217\g074a003.fit
  1  0 2012 12 17 23 56 16      0 1904.64655  971.26795    0.30802    0.34085       23.7   0   1    9 0 1 0 0 1  1.40000   1.145216114754819e-001   9.133068915290503e-001   9.427175400893157e+000   2.089252022442652e+003   6.506106800904524e-002  0.00361   3.614247511567415e-003   8.198404050712585e-002   2.187448027896179e-001   9.660250005262686e+000   1.683982804249442e-001 1907.000  974.000   10.000     0 C:\Users\akhodyre\Studies\hip\20121217\g074a003.fit
  1  0 2012 12 17 23 56 16      0  534.68827 1035.82477    1.04997    5.27978       23.7   0   1   10 0 1 0 0 1  1.40000   7.363213837732023e-002   6.340932626776532e-001   8.868334727727076e+000   2.049585492754302e+003  -9.607380019771381e-002  0.00269   2.693527730408255e-003   8.186390970309394e-002   2.033255483036681e-001   2.569206148455698e+001   1.212781382558068e-001  534.000 1026.000   10.000     0 C:\Users\akhodyre\Studies\hip\20121217\g074a003.fit
  1  0 2012 12 17 23 56 16      0  515.69246 1330.42996    0.20484    0.19421       23.5   0   1   11 0 1 0 0 1  1.40000   6.890344612607109e-002   1.040975781455761e+000   1.557433726318650e+001   2.032188310683426e+003  -3.659531157695229e-002  0.00088   8.793326567586768e-004   3.799890426577336e-002   9.841544772545956e-002   2.441386098127814e+001   8.636561440721888e-002  513.000 1334.000   10.000     0 C:\Users\akhodyre\Studies\hip\20121217\g074a003.fit
  1  0 2012 12 17 23 56 16      0  471.50375  391.77625    0.44464    0.55278       22.2   0   1   12 0 1 0 0 1  1.40000   1.340208089286143e-001   8.886965920396729e-001   7.055987448066214e+000   2.087425693556674e+003   8.208735553250678e-002  0.00713   7.126060100162963e-003   1.341181061557148e-001   3.041627514866112e-001   7.401856419062595e+000   2.673427281432106e-001  471.000  389.000   10.000     0 C:\Users\akhodyre\Studies\hip\20121217\g074a003.fit
  1  0 2012 12 17 23 56 16      0  331.08802  446.33162    0.24267    0.30760       22.5   0   1   13 0 1 0 0 1  1.40000   1.156990860881736e-001   8.858865092639513e-001   9.923272617848072e+000   2.082458748633143e+003   1.856701075103726e-001  0.00309   3.088985948614176e-003   6.672892237994878e-002   1.968048722974434e-001   1.110681962602403e+001   1.323168459022405e-001  332.000  444.000   10.000     0 C:\Users\akhodyre\Studies\hip\20121217\g074a003.fit
  1  0 2012 12 17 23 56 16      0  185.58699 1111.23559    0.62979    0.95334       24.5   0   1   15 0 1 0 0 1  1.40000   8.611821935814086e-002   9.036689879965967e-001   8.011240208156835e+000   2.061585139200919e+003   2.803497611909268e-001  0.00401   4.014949537793099e-003   1.165189426129817e-001   2.176683786264768e-001   1.783088055959356e+001   2.434908051762670e-001  188.000 1107.000   10.000     0 C:\Users\akhodyre\Studies\hip\20121217\g074a003.fit
  1  0 2012 12 17 23 56 16      0  192.94908 2028.51114    0.21127    0.22178       22.9   0   1   16 0 1 0 0 1  1.40000   7.350568005186188e-002   1.041524844275428e+000   1.333560433589205e+001   2.054644637265454e+003  -1.391760070569140e-001  0.00123   1.225678456406187e-003   5.036589817466289e-002   1.184213304602527e-001   2.335131165059608e+001   1.028240477307551e-001  192.000 2032.000   10.000     0 C:\Users\akhodyre\Studies\hip\20121217\g074a003.fit
