  1  0 2012 12 17 23 58 11      0 2286.54019 1808.14496    0.01852    0.01826       69.9   0   1    1 0 1 0 0 1  1.40000   8.601275970494395e-002   9.987461418732420e-001   6.936565293266141e+001   1.963676754102980e+003   5.739752672400770e-002  0.00015   1.518785634931660e-004   5.069551927266359e-003   7.733189133676602e-002   8.713313937374724e+001   9.857176910402353e-003 2286.000 1808.000   10.000     0 C:\Users\akhodyre\Studies\hip\20121217\g074a007.fit
  1  0 2012 12 17 23 58 11      0 2430.42181 2283.47534    0.01386    0.01380       84.6   0   1    2 0 1 0 0 1  1.40000   8.783175397165803e-002   1.005868955819782e+000   8.753995566875757e+001   2.090070691512523e+003   5.586464921212402e-002  0.00012   1.167342444427547e-004   3.841353111924682e-003   7.507652449119530e-002   9.483362715262950e+001   7.481147758882487e-003 2430.000 2283.000   10.000     0 C:\Users\akhodyre\Studies\hip\20121217\g074a007.fit
  1  0 2012 12 17 23 58 11      0 1608.31183 2523.66637    0.01209    0.01218      119.0   0   1    3 0 1 0 0 1  1.40000   8.743705351453311e-002   9.816167092547076e-001   1.104291823696851e+002   2.145211669893526e+003   7.110081691202301e-002  0.00010   1.033358242738603e-004   3.333532432535456e-003   8.319768842785474e-002   1.534844484513888e+002   6.471037588202977e-003 1608.000 2524.000   10.000     0 C:\Users\akhodyre\Studies\hip\20121217\g074a007.fit
  1  0 2012 12 17 23 58 11      0 2646.14932 2261.35179    0.04017    0.04028       32.3   0   1    4 0 1 0 0 1  1.40000   8.789592674538445e-002   9.832377205839181e-001   3.195808627857245e+001   2.061569795671896e+003   3.006951431189275e-002  0.00034   3.359928426328998e-004   1.079464296610787e-002   7.791535012086047e-002   3.664168747996133e+001   2.096464100346291e-002 2647.000 2261.000   10.000     0 C:\Users\akhodyre\Studies\hip\20121217\g074a007.fit
  1  0 2012 12 17 23 58 11      0 2576.25251 2948.47284    0.03327    0.03898       38.3   0   1    5 0 1 0 0 1  1.40000   8.199734047151450e-002   9.762383017611642e-001   3.995763973050681e+001   2.002760842828834e+003   9.019862126282298e-002  0.00025   2.457547809111781e-004   8.383107524746818e-003   6.951591131047714e-002   3.730848403084394e+001   1.653469339717142e-002 2576.000 2946.000   10.000     0 C:\Users\akhodyre\Studies\hip\20121217\g074a007.fit
  1  0 2012 12 17 23 58 11      0 1982.30010 1693.87103    0.66031    0.45773       22.3   0   1    6 0 1 0 0 1  1.40000   9.485427694638056e-002   1.317020703876294e+000   7.392090409683359e+000   2.081504008288402e+003   6.500069569464527e-001  0.00459   4.586850158647822e-003   1.730230786403975e-001   2.573067228840744e-001   9.968591543766451e+000   3.509124566207211e-001 1979.000 1696.000   10.000     0 C:\Users\akhodyre\Studies\hip\20121217\g074a007.fit
  1  0 2012 12 17 23 58 11      0 2263.28546  727.78442    0.11742    0.09988       24.2   0   1    7 0 1 0 0 1  1.40000   7.990909978518010e-002   1.025005698685572e+000   1.808425361014839e+001   2.035170801446845e+003   1.621619130441213e-001  0.00074   7.406412911234795e-004   2.712188147311066e-002   9.759806362310262e-002   2.668919245875823e+001   5.338118750975203e-002 2261.000  728.000   10.000     0 C:\Users\akhodyre\Studies\hip\20121217\g074a007.fit
  1  0 2012 12 17 23 58 11      0 1906.01375  969.86029    0.26173    0.24619       23.9   0   1    8 0 1 0 0 1  1.40000   8.473122561174667e-002   1.056375269580675e+000   1.085297210513173e+001   2.064767613781789e+003   3.623673496527160e-001  0.00209   2.088114435653197e-003   7.311994402665087e-002   1.695043504771409e-001   2.796500425778686e+001   1.518715358973816e-001 1906.000  970.000   10.000     0 C:\Users\akhodyre\Studies\hip\20121217\g074a007.fit
  1  0 2012 12 17 23 58 11      0  536.68434 1029.82263    0.48460    0.54282       20.9   0   1    9 0 1 0 0 1  1.40000   4.158486935406067e-002   9.796305712533807e-001   1.214951479064434e+001   1.978667974564517e+003   4.831034741816390e-002  0.00138   1.381310604780083e-003   9.397813893880154e-002   9.678072749765480e-002   1.871516175068814e+002   1.924326778742819e-001  538.000 1028.000   10.000     0 C:\Users\akhodyre\Studies\hip\20121217\g074a007.fit
  1  0 2012 12 17 23 58 11      0  516.97876 1328.67585    0.15599    0.15990       26.1   0   1   10 0 1 0 0 1  1.40000   9.059680834793533e-002   9.903460041215839e-001   1.426422885413438e+001   2.087666305419918e+003   2.884929418710467e-002  0.00139   1.386756044139695e-003   4.357645747434983e-002   1.440012439661406e-001   2.766158987621518e+001   8.449440232612991e-002  517.000 1330.000   10.000     0 C:\Users\akhodyre\Studies\hip\20121217\g074a007.fit
  1  0 2012 12 17 23 58 11      0  471.44178  389.86665    0.48939    0.43713       23.3   0   1   11 0 1 0 0 1  1.40000   9.262200364698116e-002   1.061375472954927e+000   9.094971014109433e+000   2.062978763672439e+003  -4.412111923709809e-001  0.00324   3.235182381252745e-003   1.008006936047594e-001   1.968667414277697e-001   8.462308169988834e+000   2.475595588510036e-001  468.000  394.000   10.000     0 C:\Users\akhodyre\Studies\hip\20121217\g074a007.fit
  1  0 2012 12 17 23 58 11      0  332.29703  444.39778    0.28189    0.25165       22.6   0   1   12 0 1 0 0 1  1.40000   9.842093201787754e-002   1.131036680132228e+000   1.000942834777442e+001   2.079776417585594e+003   2.041285087975873e-001  0.00260   2.598057292553233e-003   8.532533060862771e-002   1.924133201934134e-001   1.137441930930333e+001   1.710403441692617e-001  333.000  447.000   10.000     0 C:\Users\akhodyre\Studies\hip\20121217\g074a007.fit
  1  0 2012 12 17 23 58 11      0  187.75950 1107.68328    0.93576    0.72600       21.1   0   1   13 0 1 0 0 1  1.40000   8.062317030262575e-002   1.285294110477208e+000   7.978454472961606e+000   2.065183004404176e+003  -2.364009112438969e-001  0.00328   3.284243339146574e-003   1.447824361297413e-001   2.062145689049724e-001   7.750233424104973e+000   3.418883825363432e-001  183.000 1103.000   10.000     0 C:\Users\akhodyre\Studies\hip\20121217\g074a007.fit
  1  0 2012 12 17 23 58 11      0  194.04440 2026.82687    0.18677    0.15802       24.6   0   1   14 0 1 0 0 1  1.40000   6.933301759278314e-002   1.029146447021875e+000   1.533654854135121e+001   2.013775193722169e+003   1.542260530951855e-001  0.00099   9.862473674508371e-004   4.189597734826873e-002   1.096332903803284e-001   4.414184718462268e+001   8.167803928035788e-002  196.000 2027.000   10.000     0 C:\Users\akhodyre\Studies\hip\20121217\g074a007.fit
