-0.171189005353663 0.0875026821224942
0.0665904137507577 0.272394902770909
0.0285689097879768 -0.151123984872388
-0.208275833749954 -0.196145806157353
0.0120301932617799 -0.151804496793331
0.683586811157685 0.585086886157157
-0.306040543878063 0.283445337561424
3.10913057250533 -3.39935123567919
-0.0680609129587266 -0.105817166134631
-0.257694112768676 0.0912063688924837
-0.0122457204964207 -0.333025861313767
-0.645143981301708 0.412877388044025
-0.405758567982333 0.991708058107534
0.231876210012716 0.769207246471352
