2286.1852425 1809.90764875 0.01670125 0.01686875
2430.06432 2285.27707125 0.01317625 0.01313375
1607.93762375 2525.4124425 0.0113925 0.0115825
2645.933295 2263.19545 0.04146 0.0402075
2576.03196375 2950.28193625 0.03149375 0.033125
1981.628805 1695.69153875 0.46353125 0.461895
2263.13764875 729.88984625 0.11884625 0.12209
1902.41485375 975.235405 0.244935 0.25124375
536.1108925 1031.7414325 0.62201375 1.18151125
516.65636875 1330.44107 0.1496175 0.14813875
472.212815 391.53364625 0.36788 0.36950625
332.50088625 446.32192875 0.22851375 0.23954375
187.1259425 1110.88587125 0.512905 0.5824575
193.9807125 2028.87822375 0.190665 0.22154
