  1  0 2011  2 14 20 19 45      0 2294.00858 1687.19229    0.00877    0.00944      154.7   0   1    1 0 1 0 0 1  1.40000   1.912295421987569e-001   9.317997214037230e-001   1.272557133178379e+002   2.407308374214711e+003   2.642296560119531e-002  0.00024   2.437925842563983e-004   3.374995526115629e-003   1.588644952632271e-001   3.371660883496018e+001   6.688931985667067e-003 2294.000 1687.000   10.000     0 C:\Studies\double_stars\hip\20110214\g074a008.fit
  1  0 2011  2 14 20 19 45      0 2437.57367 2162.86134    0.00833    0.00892      235.9   0   1    2 0 1 0 0 1  1.40000   1.937515065203521e-001   9.348712755432098e-001   1.612659614110687e+002   2.566028837084943e+003   3.805016015868341e-002  0.00024   2.366015566397492e-004   3.242167277851643e-003   1.935715700578846e-001   5.023539778223228e+001   6.428786283206566e-003 2438.000 2163.000   10.000     0 C:\Studies\double_stars\hip\20110214\g074a008.fit
  1  0 2011  2 14 20 19 45      0 1615.25798 2402.00626    0.00827    0.00894      365.8   0   1    3 0 1 0 0 1  1.40000   1.915133962312000e-001   9.269665043900981e-001   2.012027855665215e+002   2.999114797389148e+003   2.841032159953116e-002  0.00023   2.307427250592793e-004   3.172971333026746e-003   2.373734600187345e-001   8.010857512030714e+001   6.288812070905350e-003 1615.000 2402.000   10.000     0 C:\Studies\double_stars\hip\20110214\g074a008.fit
  1  0 2011  2 14 20 19 45      0 2653.30496 2140.65476    0.01325    0.01442       49.1   0   1    4 0 1 0 0 1  1.40000   1.926729504060862e-001   9.244912337209312e-001   5.818467011460714e+001   2.364525105636533e+003   5.069794266519006e-002  0.00037   3.744225836528066e-004   5.101279015450961e-003   1.105794338277120e-001   1.036395702463407e+001   1.011668815270746e-002 2653.000 2140.000   10.000     0 C:\Studies\double_stars\hip\20110214\g074a008.fit
  1  0 2011  2 14 20 19 45      0 2582.99801 2827.81395    0.01274    0.01474       67.9   0   1    5 0 1 0 0 1  1.40000   1.749012215490172e-001   8.811668685562986e-001   6.936580785988161e+001   2.295956657919413e+003   1.373341005413347e-001  0.00031   3.102803455297138e-004   4.422443876299266e-003   1.159688898575455e-001   1.750232905351344e+001   8.785863171170173e-003 2583.000 2827.000   10.000     0 C:\Studies\double_stars\hip\20110214\g074a008.fit
  1  0 2011  2 14 20 19 45      0 1989.48829 1572.86483    0.11390    0.12006       27.4   0   1    6 0 1 0 0 1  1.40000   1.971305513636097e-001   9.432438195806953e-001   1.494523031395238e+001   2.342740283330821e+003  -5.140697475950878e-002  0.00332   3.321848513037586e-003   4.511192770110268e-002   2.475357186893390e-001   5.306881583394911e+000   8.951118314928579e-002 1988.000 1573.000   10.000     0 C:\Studies\double_stars\hip\20110214\g074a008.fit
  1  0 2011  2 14 20 19 45      0 2271.66967  607.10568    0.03019    0.03204       31.7   0   1    7 0 1 0 0 1  1.40000   1.819267940724802e-001   9.425139518785820e-001   3.123166426881601e+001   2.327713474133474e+003  -1.852257743162417e-002  0.00077   7.693988832299170e-004   1.133092413667224e-002   1.277220289393210e-001   7.362443532205489e+000   2.243415053671271e-002 2271.000  607.000   10.000     0 C:\Studies\double_stars\hip\20110214\g074a008.fit
  1  0 2011  2 14 20 19 45      0 1914.34055  848.68307    0.06657    0.07063       29.3   0   1    8 0 1 0 0 1  1.40000   1.799320585192502e-001   9.435050870075523e-001   2.022607978923881e+001   2.321052935876069e+003   5.664592133876438e-002  0.00167   1.665729293720112e-003   2.481143843983673e-002   1.807917984674443e-001   7.076781696675946e+000   4.915074130892969e-002 1914.000  849.000   10.000     0 C:\Studies\double_stars\hip\20110214\g074a008.fit
  1  0 2011  2 14 20 19 45      0  544.83915  906.80395    0.13966    0.13041       29.1   0   1    9 0 1 0 0 1  1.40000   1.674013295461460e-001   1.060241287926101e+000   1.439571170918657e+001   2.335687235269510e+003   6.846765289222510e-002  0.00302   3.022999456925227e-003   5.441726626280930e-002   2.493814801270712e-001   7.005843521987083e+000   1.077520112609821e-001  544.000  907.000   10.000     0 C:\Studies\double_stars\hip\20110214\g074a008.fit
  1  0 2011  2 14 20 19 45      0  524.84642 1206.22686    0.03880    0.04026       31.5   0   1   10 0 1 0 0 1  1.40000   1.799508467865451e-001   9.652978872730618e-001   2.761599460809382e+001   2.328783345030409e+003   3.962022243032451e-002  0.00097   9.677406802330948e-004   1.475203560600914e-002   1.437702790885741e-001   7.391021100718060e+000   2.921446139276307e-002  525.000 1206.000   10.000     0 C:\Studies\double_stars\hip\20110214\g074a008.fit
  1  0 2011  2 14 20 19 45      0  481.26823  266.82172    0.08649    0.08896       26.3   0   1   11 0 1 0 0 1  1.40000   1.844512261082906e-001   9.717421096316511e-001   1.691604791562783e+001   2.318472396257291e+003  -4.930656764867041e-002  0.00224   2.244144840789187e-003   3.357868224121106e-002   2.008671795585743e-001   5.932282735396757e+000   6.655461355353425e-002  481.000  267.000   10.000     0 C:\Studies\double_stars\hip\20110214\g074a008.fit
  1  0 2011  2 14 20 19 45      0  341.47189  321.79213    0.06374    0.06546       28.7   0   1   12 0 1 0 0 1  1.40000   2.076614573993962e-001   9.757917999277531e-001   2.050666542758208e+001   2.340110535506758e+003   2.930213342530324e-002  0.00203   2.033616230512370e-003   2.712185412377505e-002   2.007282086544791e-001   5.107910770978781e+000   5.385290029468096e-002  342.000  321.000   10.000     0 C:\Studies\double_stars\hip\20110214\g074a008.fit
  1  0 2011  2 14 20 19 45      0  195.39553  986.78652    0.09875    0.11778       27.5   0   1   13 0 1 0 0 1  1.40000   1.941347324603471e-001   8.444135026688563e-001   1.569223513251712e+001   2.320505843249468e+003  -2.674050208571514e-002  0.00287   2.872601579333317e-003   3.552667425143457e-002   2.233031019383983e-001   5.756700011898143e+000   7.036806402126342e-002  194.000  986.000   10.000     0 C:\Studies\double_stars\hip\20110214\g074a008.fit
  1  0 2011  2 14 20 19 45      0    6.09052 1328.57274    0.05632    0.06023       31.1   0   1    1 0 1 0 0 1  1.40000   1.917383215827939e-001   9.148668028895591e-001   2.278133516125053e+001   2.340251380030361e+003  -2.241605189969344e-002  0.00158   1.579662763909461e-003   2.161564145055364e-002   1.792256459487140e-001   6.749571490510982e+000   4.213247127795386e-002    7.000 1328.000   10.000    24 C:\Studies\double_stars\hip\20110214\g074a008.fit
  1  0 2011  2 14 20 19 45      0  201.76984 1904.59143    0.04628    0.05156       32.4   0   1    2 0 1 0 0 1  1.40000   1.947089753284468e-001   8.988875656530270e-001   2.514153265226288e+001   2.337940520511903e+003   4.310457951165685e-002  0.00133   1.333803441478044e-003   1.748904944975339e-002   1.684885435120989e-001   6.971658056392928e+000   3.467379495593879e-002  201.000 1905.000   10.000     0 C:\Studies\double_stars\hip\20110214\g074a008.fit
  