  1  0 2011  2 14 20 19 17      0 2294.81089 1687.00950    0.01054    0.01108      190.7   0   1    1 0 1 0 0 1  1.40000   1.960751553878827e-001   9.540261237704215e-001   1.293571011130822e+002   2.469223017320601e+003   1.015505078562965e-001  0.00030   3.048266195785416e-004   4.200962411749415e-003   1.986750691828580e-001   3.918813024112421e+001   8.348879634336020e-003 2295.000 1687.000   10.000     0 C:\Studies\double_stars\hip\20110214\g074a007.fit
  1  0 2011  2 14 20 19 17      0 2438.45000 2162.71207    0.00998    0.01043      285.2   0   1    2 0 1 0 0 1  1.40000   1.933214975620624e-001   9.575663205851656e-001   1.629215296135145e+002   2.484377987100007e+003   1.031506359141173e-001  0.00028   2.813518225201291e-004   3.947339908922612e-003   2.335011739388045e-001   5.957221074861840e+001   7.844039274000209e-003 2439.000 2163.000   10.000     0 C:\Studies\double_stars\hip\20110214\g074a007.fit
  1  0 2011  2 14 20 19 17      0 1616.05460 2401.82898    0.00967    0.01026      438.7   0   1    3 0 1 0 0 1  1.40000   1.973819355019719e-001   9.443426087948619e-001   2.043485678891283e+002   3.162795322377558e+003   1.147827685219598e-001  0.00028   2.830713415314112e-004   3.832525762071592e-003   2.896866505325215e-001   9.024456898141079e+001   7.622598394274927e-003 1616.000 2402.000   10.000     0 C:\Studies\double_stars\hip\20110214\g074a007.fit
  1  0 2011  2 14 20 19 17      0 2654.19065 2140.51523    0.01352    0.01423       50.4   0   1    4 0 1 0 0 1  1.40000   1.919438918850761e-001   9.545341619483282e-001   5.883442071001994e+001   2.355106465102116e+003   1.131128095696480e-001  0.00038   3.773851937102796e-004   5.313306874082067e-003   1.135342032006022e-001   1.053103058945174e+001   1.056239876370161e-002 2654.000 2140.000   10.000     0 C:\Studies\double_stars\hip\20110214\g074a007.fit
  1  0 2011  2 14 20 19 17      0 2583.86220 2827.73302    0.01330    0.01521       72.7   0   1    5 0 1 0 0 1  1.40000   1.797860331063826e-001   8.858676926077217e-001   7.011548839832520e+001   2.316554826956823e+003   2.036928153017442e-001  0.00034   3.375121577678431e-004   4.669295592111430e-003   1.256560418470166e-001   1.850437566466741e+001   9.335801140415092e-003 2584.000 2828.000   10.000     0 C:\Studies\double_stars\hip\20110214\g074a007.fit
  1  0 2011  2 14 20 19 17      0 1990.12827 1572.94845    0.10658    0.11653       28.1   0   1    6 0 1 0 0 1  1.40000   1.884386321613948e-001   9.142840575419649e-001   1.555443943353265e+001   2.332456209473422e+003   3.836718907295746e-002  0.00290   2.896763797222982e-003   3.992366141388228e-002   2.317699284270406e-001   6.097306125723232e+000   7.912703655868579e-002 1989.000 1574.000   10.000     0 C:\Studies\double_stars\hip\20110214\g074a007.fit
  1  0 2011  2 14 20 19 17      0 2272.53611  606.82108    0.02922    0.03055       31.7   0   1    7 0 1 0 0 1  1.40000   1.945405381748867e-001   9.630024438359595e-001   3.177916961292787e+001   2.347557934215407e+003   1.311636017177691e-001  0.00083   8.347755852305721e-004   1.168391376704037e-002   1.341248389032495e-001   6.294864455028997e+000   2.324086862089011e-002 2273.000  606.000   10.000     0 C:\Studies\double_stars\hip\20110214\g074a007.fit
  1  0 2011  2 14 20 19 17      0 1915.03971  848.35318    0.07180    0.07591       30.8   0   1    8 0 1 0 0 1  1.40000   1.961636298654479e-001   9.541585623536762e-001   1.992930315910572e+001   2.342282597401833e+003   1.572225647769011e-001  0.00208   2.084874175958474e-003   2.860145254086431e-002   2.085025346158387e-001   6.079620499473019e+000   5.704112857873265e-002 1915.000  850.000   10.000     0 C:\Studies\double_stars\hip\20110214\g074a007.fit
  1  0 2011  2 14 20 19 17      0  545.74588  906.56201    0.10601    0.11017       25.2   0   1    9 0 1 0 0 1  1.40000   2.061585314796068e-001   9.633272318046304e-001   1.484382516348124e+001   2.342555699019170e+003   6.013983083634369e-002  0.00334   3.341950779677900e-003   4.429302682173476e-002   2.399321495168696e-001   4.581070115466309e+000   8.800184433069340e-002  545.000  906.000   10.000     0 C:\Studies\double_stars\hip\20110214\g074a007.fit
  1  0 2011  2 14 20 19 17      0  525.64363 1206.03336    0.03857    0.04077       32.0   0   1   10 0 1 0 0 1  1.40000   1.880794389014379e-001   9.542436826339044e-001   2.780082370968366e+001   2.340995481327823e+003   1.381731617256939e-001  0.00104   1.042758621618437e-003   1.495445980792501e-002   1.498763262547728e-001   6.587308460055116e+000   2.978152681706081e-002  525.000 1205.000   10.000     0 C:\Studies\double_stars\hip\20110214\g074a007.fit
  1  0 2011  2 14 20 19 17      0  482.07789  266.40717    0.08450    0.09050       26.8   0   1   11 0 1 0 0 1  1.40000   2.015010241020362e-001   9.408229097973262e-001   1.711207850544208e+001   2.327468074555687e+003  -2.310550811268170e-002  0.00258   2.582315914563630e-003   3.423565097981716e-002   2.157585605448839e-001   4.854168888016284e+000   6.796238586177997e-002  483.000  265.000   10.000     0 C:\Studies\double_stars\hip\20110214\g074a007.fit
  1  0 2011  2 14 20 19 17      0  342.21222  321.68958    0.06384    0.06530       28.5   0   1   12 0 1 0 0 1  1.40000   1.890853203653868e-001   9.905183456161051e-001   2.058749979353752e+001   2.326997271639990e+003   1.454788775526265e-001  0.00174   1.739792152927471e-003   2.575278101345226e-002   1.841295758528156e-001   5.357333585502285e+000   5.121803771088309e-002  343.000  320.000   10.000     0 C:\Studies\double_stars\hip\20110214\g074a007.fit
  1  0 2011  2 14 20 19 17      0  195.97491  986.47770    0.10725    0.11084       27.6   0   1    1 0 1 0 0 1  1.40000   2.025351714059710e-001   9.688939535733112e-001   1.551561400730227e+001   2.331836193181325e+003   8.444218522839030e-002  0.00328   3.277605529172871e-003   4.442266963363777e-002   2.490804219749574e-001   5.057840669150042e+000   8.831461168150277e-002  195.000  988.000   10.000     0 C:\Studies\double_stars\hip\20110214\g074a007.fit
  1  0 2011  2 14 20 19 17      0    6.77081 1328.35397    0.05531    0.05757       30.5   0   1    2 0 1 0 0 1  1.40000   1.881913814531170e-001   9.479355286884604e-001   2.281755806883617e+001   2.335755001064616e+003   4.072888568231099e-002  0.00150   1.500524734275114e-003   2.166540618599061e-002   1.749919712213030e-001   7.058324268390787e+000   4.221839413660503e-002    7.000 1328.000   10.000    24 C:\Studies\double_stars\hip\20110214\g074a007.fit
  1  0 2011  2 14 20 19 17      0  202.43231 1904.52130    0.04280    0.04562       30.5   0   1    1 0 1 0 0 1  1.40000   1.902525347021810e-001   9.422102939605358e-001   2.568195902732279e+001   2.328789994929060e+003   8.918651782037451e-002  0.00118   1.178860100081594e-003   1.655271962892195e-002   1.554864631786803e-001   6.494324017192920e+000   3.284964460659176e-002  203.000 1904.000   10.000     0 C:\Studies\double_stars\hip\20110214\g074a007.fit
  