  1  0 2011  2 14 20 16 25      0 2291.95981 1689.66219    0.01080    0.01083      151.7   0   1    1 0 1 0 0 1  1.40000   1.645768022750077e-001   9.999747922250037e-001   1.165546470809141e+002   2.299784675612214e+003  -1.245315049964467e-002  0.00023   2.309878502009114e-004   3.993591096104651e-003   1.546727450263380e-001   3.946040294391413e+001   7.892689210459840e-003 2292.000 1689.000   10.000     0 C:\Studies\double_stars\hip\20110214\g074a001.fit
  1  0 2011  2 14 20 16 25      0 2435.62196 2165.39156    0.00941    0.00940      209.1   0   1    2 0 1 0 0 1  1.40000   1.644330179724440e-001   1.000830249344737e+000   1.466500187260974e+002   2.363432618798383e+003  -2.024422101568521e-002  0.00020   2.006632255084817e-004   3.475188572921387e-003   1.693494080489138e-001   5.513424269279289e+001   6.868986902491495e-003 2436.000 2165.000   10.000     0 C:\Studies\double_stars\hip\20110214\g074a001.fit
  1  0 2011  2 14 20 16 25      0 1613.19898 2404.51897    0.00998    0.01002      345.8   0   1    3 0 1 0 0 1  1.40000   1.667532883305362e-001   9.934658283584137e-001   1.824917652890918e+002   3.066842808679323e+003  -1.118187546191134e-002  0.00022   2.178641175906607e-004   3.692682558277791e-003   2.268384049392736e-001   9.192438814018264e+001   7.300652833686349e-003 1613.000 2405.000   10.000     0 C:\Studies\double_stars\hip\20110214\g074a001.fit
  1  0 2011  2 14 20 16 25      0 2651.35955 2143.18357    0.01613    0.01610       46.4   0   1    4 0 1 0 0 1  1.40000   1.626558251126070e-001   1.000113986459846e+000   5.281090026079527e+001   2.339249218345384e+003  -4.367835668443201e-003  0.00034   3.377203123631262e-004   5.909945328324331e-003   1.034680291372724e-001   1.265513405150981e+001   1.167603514669833e-002 2651.000 2143.000   10.000     0 C:\Studies\double_stars\hip\20110214\g074a001.fit
  1  0 2011  2 14 20 16 25      0 2580.98420 2830.34082    0.01372    0.01509       59.2   0   1    5 0 1 0 0 1  1.40000   1.519978778758185e-001   9.349387732341824e-001   6.415643823549505e+001   2.252663968395616e+003   1.001402468058658e-001  0.00026   2.637243347255659e-004   4.607352005311633e-003   1.001803705970389e-001   1.784776345326740e+001   9.114220026416976e-003 2581.000 2829.000   10.000     0 C:\Studies\double_stars\hip\20110214\g074a001.fit
  1  0 2011  2 14 20 16 25      0 1987.26987 1575.38599    0.13761    0.13558       27.3   0   1    6 0 1 0 0 1  1.40000   1.652230102407571e-001   1.011012222139900e+000   1.389383758483712e+001   2.328333605504952e+003  -4.184175838845116e-002  0.00295   2.946542521497587e-003   5.128065482844734e-002   2.349014495630392e-001   6.943979052568229e+000   1.014414028609373e-001 1988.000 1575.000   10.000     0 C:\Studies\double_stars\hip\20110214\g074a001.fit
  1  0 2011  2 14 20 16 25      0 2269.83333  609.52532    0.03729    0.03712       31.8   0   1    7 0 1 0 0 1  1.40000   1.575217998384003e-001   1.005868030752212e+000   2.885740824793531e+001   2.317540821360889e+003  -3.153862160755478e-002  0.00074   7.412547833057314e-004   1.347351260414264e-002   1.266917787404859e-001   9.007667636585273e+000   2.660725516978099e-002 2270.000  609.000   10.000     0 C:\Studies\double_stars\hip\20110214\g074a001.fit
  1  0 2011  2 14 20 16 25      0 1912.15408  851.08966    0.08804    0.08539       30.4   0   1    8 0 1 0 0 1  1.40000   1.633818533047228e-001   1.028555827092239e+000   1.850870678742919e+001   2.326244362860456e+003   1.682413348085184e-003  0.00185   1.846453660463445e-003   3.307480053775806e-002   1.966775698867328e-001   7.190212353034234e+000   6.544289255306571e-002 1911.000  850.000   10.000     0 C:\Studies\double_stars\hip\20110214\g074a001.fit
  1  0 2011  2 14 20 16 25      0  542.64296  909.16951    0.14859    0.13438       26.3   0   1    9 0 1 0 0 1  1.40000   1.462975780736510e-001   1.054796216089458e+000   1.373097694466104e+001   2.319356744445174e+003  -6.092841403522690e-002  0.00252   2.516855567302101e-003   5.164166125123186e-002   2.118837762550286e-001   6.912636009781241e+000   1.022251438878549e-001  545.000  909.000   10.000     0 C:\Studies\double_stars\hip\20110214\g074a001.fit
  1  0 2011  2 14 20 16 25      0  522.70076 1208.76425    0.04669    0.04558       29.3   0   1   10 0 1 0 0 1  1.40000   1.645762900024651e-001   1.023573849304102e+000   2.483402020947111e+001   2.348282477327804e+003  -1.179635954483763e-002  0.00099   9.927495644070873e-004   1.756840028384598e-002   1.418386190603872e-001   7.270839138621616e+000   3.473207485164720e-002  522.000 1208.000   10.000     0 C:\Studies\double_stars\hip\20110214\g074a001.fit
  1  0 2011  2 14 20 16 25      0  479.11437  269.29900    0.12065    0.11911       28.9   0   1   11 0 1 0 0 1  1.40000   1.614486162745168e-001   1.037906434098010e+000   1.543419215503312e+001   2.316160691697338e+003  -1.732113394187521e-002  0.00252   2.515449103113303e-003   4.598855306308573e-002   2.229998233528080e-001   6.256666002824153e+000   9.098252649712652e-002  479.000  267.000   10.000     0 C:\Studies\double_stars\hip\20110214\g074a001.fit
  1  0 2011  2 14 20 16 25      0  339.32906  324.38808    0.07929    0.08177       28.7   0   1   12 0 1 0 0 1  1.40000   1.628692149997051e-001   9.712757852544591e-001   1.863478587691412e+001   2.314301354669672e+003   9.975399694861716e-002  0.00167   1.673993320750816e-003   2.833792192111000e-002   1.795034197247955e-001   7.858241003735667e+000   5.608571053717502e-002  340.000  324.000   10.000     0 C:\Studies\double_stars\hip\20110214\g074a001.fit
  1  0 2011  2 14 20 16 25      0  193.18572  989.17383    0.12548    0.12940       26.3   0   1   13 0 1 0 0 1  1.40000   1.612774061353338e-001   9.781077096340547e-001   1.424987751717931e+001   2.317393757051887e+003   2.926552412172448e-002  0.00261   2.611002075195243e-003   4.505424437447891e-002   2.144105274356432e-001   6.782010508162702e+000   8.904947830894158e-002  194.000  988.000   10.000     0 C:\Studies\double_stars\hip\20110214\g074a001.fit
  1  0 2011  2 14 20 16 25      0    3.99609 1330.97314    0.07794    0.07592       31.9   0   1   14 0 1 0 0 1  1.40000   1.770953657012368e-001   9.008521194860631e-001   2.104569707448749e+001   2.335492089487058e+003  -3.059274818328292e-002  0.00180   1.800477796774917e-003   2.624691967118318e-002   1.868916631935220e-001   7.924263638893566e+000   5.191509895077204e-002    5.000 1330.000   10.000    57 C:\Studies\double_stars\hip\20110214\g074a001.fit
  1  0 2011  2 14 20 16 25      0  199.63505 1907.18700    0.05459    0.05493       30.4   0   1   15 0 1 0 0 1  1.40000   1.629256706588278e-001   1.003335318140753e+000   2.326260859096922e+001   2.325257373418296e+003  -7.417691407735692e-002  0.00115   1.151248379237175e-003   2.014534709531833e-002   1.542357587026750e-001   7.590760441422851e+000   3.988635620963805e-002  200.000 1906.000   10.000     0 C:\Studies\double_stars\hip\20110214\g074a001.fit
