  1  0 2011  2 14 20 18 48      0 2295.13934 1688.04627    0.00907    0.00915      144.6   0   1    1 0 1 0 0 1  1.40000   1.769939032737884e-001   9.894540847864237e-001   1.232253904959386e+002   2.350147055682524e+003  -1.040964272259176e-002  0.00022   2.187641637682609e-004   3.477057224373814e-003   1.473461351917934e-001   3.437623958256796e+001   6.882766726410869e-003 2295.000 1688.000   10.000     0 C:\Studies\double_stars\hip\20110214\g074a006.fit
  1  0 2011  2 14 20 18 48      0 2438.74627 2163.72778    0.00822    0.00829      207.2   0   1    2 0 1 0 0 1  1.40000   1.748884305022962e-001   9.950462284188926e-001   1.553225974587475e+002   2.303083255669927e+003  -9.460954457049550e-004  0.00019   1.947060667769689e-004   3.150073762328190e-003   1.663718075449956e-001   4.824625684496245e+001   6.234079650076657e-003 2439.000 2163.000   10.000     0 C:\Studies\double_stars\hip\20110214\g074a006.fit
  1  0 2011  2 14 20 18 48      0 1616.36944 2402.85247    0.00744    0.00763      299.9   0   1    3 0 1 0 0 1  1.40000   1.782856358769434e-001   9.748110515667309e-001   1.951287275726127e+002   2.855436479522643e+003  -1.154831867593217e-002  0.00018   1.822289375675936e-004   2.832640686603320e-003   1.929451278777825e-001   7.135809763325537e+001   5.607641560760384e-003 1616.000 2403.000   10.000     0 C:\Studies\double_stars\hip\20110214\g074a006.fit
  1  0 2011  2 14 20 18 48      0 2654.49393 2141.58886    0.01441    0.01451       47.4   0   1    4 0 1 0 0 1  1.40000   1.796027519450897e-001   9.901385336487139e-001   5.593064590183727e+001   2.384977181688736e+003  -2.115155347473474e-002  0.00036   3.559863939777397e-004   5.577987746721904e-003   1.076626953666616e-001   1.093447232482927e+001   1.104756036973872e-002 2655.000 2142.000   10.000     0 C:\Studies\double_stars\hip\20110214\g074a006.fit
  1  0 2011  2 14 20 18 48      0 2584.17360 2828.73934    0.01341    0.01447       63.7   0   1    5 0 1 0 0 1  1.40000   1.600698910421435e-001   9.268106391074035e-001   6.691326105179890e+001   2.268163010552483e+003   1.006830044415161e-001  0.00028   2.776469182414561e-004   4.564507761202166e-003   1.072853958092284e-001   1.901387458049355e+001   9.031169616460617e-003 2585.000 2829.000   10.000     0 C:\Studies\double_stars\hip\20110214\g074a006.fit
  1  0 2011  2 14 20 18 48      0 1990.68672 1573.73163    0.12329    0.12147       26.8   0   1    6 0 1 0 0 1  1.40000   1.707766380128377e-001   1.012370268111104e+000   1.452318444074774e+001   2.334466742218776e+003  -5.433593564018419e-002  0.00279   2.790234900185268e-003   4.699771454056589e-002   2.272233850741298e-001   6.389852883966420e+000   9.312368679783194e-002 1990.000 1575.000   10.000     0 C:\Studies\double_stars\hip\20110214\g074a006.fit
  1  0 2011  2 14 20 18 48      0 2272.87855  607.95259    0.03474    0.03646       34.2   0   1    7 0 1 0 0 1  1.40000   1.727734011417250e-001   9.550981980002034e-001   3.039135877778836e+001   2.326616961145617e+003  -8.871657863342455e-003  0.00081   8.113662260461873e-004   1.275584003274244e-002   1.363038498275263e-001   8.684544444977774e+000   2.523488330426242e-002 2273.000  609.000   10.000     0 C:\Studies\double_stars\hip\20110214\g074a006.fit
  1  0 2011  2 14 20 18 48      0 1915.25727  849.47574    0.07358    0.07181       28.8   0   1    8 0 1 0 0 1  1.40000   1.752992275379557e-001   1.021349086649872e+000   1.948706096620251e+001   2.331162562796815e+003   3.537815376443661e-002  0.00174   1.736917798028976e-003   2.876647438909720e-002   1.865239465013117e-001   6.514682046882461e+000   5.695143721975010e-002 1916.000  849.000   10.000     0 C:\Studies\double_stars\hip\20110214\g074a006.fit
  1  0 2011  2 14 20 18 48      0  545.70354  907.47259    0.13216    0.14112       28.9   0   1    9 0 1 0 0 1  1.40000   1.823520806835116e-001   9.393937482496084e-001   1.425000113804653e+001   2.334988654818134e+003  -5.927554553636553e-002  0.00339   3.387885392429338e-003   4.956759091812704e-002   2.556444831844700e-001   6.601411214658508e+000   9.819354959412220e-002  545.000  907.000   10.000     0 C:\Studies\double_stars\hip\20110214\g074a006.fit
  1  0 2011  2 14 20 18 48      0  525.87162 1206.97767    0.04139    0.04304       30.8   0   1   10 0 1 0 0 1  1.40000   1.714081037353032e-001   9.700834252652808e-001   2.657670232884470e+001   2.334114979205938e+003  -3.004236479214468e-002  0.00095   9.544546918278937e-004   1.536019536743041e-002   1.407534250999838e-001   7.470783046849392e+000   3.038936696534923e-002  526.000 1206.000   10.000     0 C:\Studies\double_stars\hip\20110214\g074a006.fit
  1  0 2011  2 14 20 18 48      0  482.27175  267.70336    0.10089    0.10303       28.9   0   1   11 0 1 0 0 1  1.40000   1.944887490884654e-001   9.707796455707138e-001   1.646357900912283e+001   2.329808641880019e+003   1.065992277889506e-001  0.00286   2.860212278406233e-003   4.042762342271837e-002   2.375048298271670e-001   5.497706795952609e+000   8.035467644963057e-002  484.000  268.000   10.000     0 C:\Studies\double_stars\hip\20110214\g074a006.fit
  1  0 2011  2 14 20 18 48      0  342.42664  322.66144    0.06757    0.06722       27.3   0   1   12 0 1 0 0 1  1.40000   1.770377662289052e-001   1.004982554912791e+000   1.969693012460792e+001   2.327174639719391e+003   4.013122347787916e-003  0.00163   1.628395845669165e-003   2.627372271360135e-002   1.752279542810952e-001   6.195589612771836e+000   5.204492125232899e-002  342.000  324.000   10.000     0 C:\Studies\double_stars\hip\20110214\g074a006.fit
  1  0 2011  2 14 20 18 48      0  196.39043  987.73730    0.11122    0.11571       26.4   0   1   13 0 1 0 0 1  1.40000   1.650085259503160e-001   9.632004490769824e-001   1.501468083356184e+001   2.321018291825588e+003  -1.479491170960519e-001  0.00240   2.403968067565806e-003   3.969806096432425e-002   2.060957118713133e-001   7.328406352748106e+000   7.886983719378507e-002  196.000  988.000   10.000     0 C:\Studies\double_stars\hip\20110214\g074a006.fit
  1  0 2011  2 14 20 18 48      0    6.96143 1329.17016    0.06668    0.06701       31.3   0   1   14 0 1 0 0 1  1.40000   1.695250223145079e-001   9.761543395281335e-001   2.134364289205754e+001   2.339435932163382e+003  -7.204930296835052e-002  0.00151   1.508714715740330e-003   2.495647333808396e-002   1.779249968316311e-001   8.652397349720946e+000   4.842620086862426e-002    7.000 1330.000   10.000    24 C:\Studies\double_stars\hip\20110214\g074a006.fit
  1  0 2011  2 14 20 18 48      0  202.61639 1905.42301    0.05490    0.05802       34.4   0   1   15 0 1 0 0 1  1.40000   1.763512784349840e-001   9.492748555491852e-001   2.421245889953737e+001   2.331962501994262e+003   6.619749276606499e-003  0.00133   1.328522783311914e-003   2.033676688369018e-002   1.749493976146984e-001   8.381507479372326e+000   4.023766230540731e-002  203.000 1905.000   10.000     0 C:\Studies\double_stars\hip\20110214\g074a006.fit
