-0.0694640554920625 0.00510646543739313
-0.0497095409095891 0.066110305736629
-0.155866632142306 -0.125613266777691
-0.151144512803967 -0.0852121209420602
-0.191162462307148 -0.121786348383921
0.860645803309126 0.224142329884216
0.0235894048973933 0.169416470104636
-0.0600507812541764 -0.0703147793012704
-0.156788746209259 0.266467020914206
-0.159122445213256 -0.299387388073001
0.194415306885617 -0.370524775398792
-0.466626081845675 -0.0293558971037839
-0.051705857353852 0.219676741263243
0.338645181526488 -0.00716960034560543
0.0943454187715815 0.158444843147663
