0.00336370952606346 0.00508707029721071
0.0518405910889277 0.0939885902876884
-0.0495961636263343 -0.0462835853560563
-0.048517770962637 -0.0679415455669826
-0.0500617075464022 -0.0525911031093961
0.923641492051666 0.228720844121884
0.0345000702262786 0.0933339386101919
-0.0392297808887521 -0.114220535291432
-0.147526596109772 0.284004823024395
-0.132976647567293 -0.259668482020685
0.166446528290395 -0.39594227886154
-0.492968961050068 -0.0450016398710683
-0.0416753840743817 0.257537808345829
0.366137161577983 0.0629731924257761
0.156860601096071 0.261467897740762
