2293.46534375 1688.68196625 0.01022875 0.0105025
2437.1054275 2164.37106 0.00958125 0.0098125
1614.744375 2403.48961125 0.0092425 0.00955125
2652.83984375 2142.18311625 0.01506125 0.01547375
2582.51602875 2829.35904 0.01336125 0.01484625
1988.92194375 1574.430615 0.12326875 0.12493875
2271.2525875 608.550965 0.03423 0.03493
1913.75643125 850.123395 0.07356 0.07422
544.20845 908.24408125 0.13515375 0.13385625
524.2709825 1207.7211725 0.042765 0.0437025
480.64111 268.31063375 0.10289625 0.10327875
340.89233625 323.37175875 0.07117625 0.07346625
194.67532875 988.1971175 0.11658375 0.1220625
5.437215 1330.0030925 0.06784375 0.066415
201.1172975 1906.13857875 0.0506425 0.05270875
