  1  0 2009 12 16  0 34  7      0 2344.16719 1700.80088    0.01104    0.01099       72.1   0   1    1 0 1 0 0 1  1.40000   2.542438459248537e-001   1.004209880127439e+000   7.821907645150020e+001   2.351736879772269e+003   1.558360139029964e-002  0.00050   5.046794761055622e-004   5.649602169587487e-003   1.606543937409639e-001   9.820502631775909e+000   1.125274440378190e-002 2344.000 1701.000   10.000     0 C:\Studies\double_stars\hip\20091215\g074a002.fit
  1  0 2009 12 16  0 34  7      0 2487.97086 2176.59907    0.01072    0.01068      124.8   0   1    2 0 1 0 0 1  1.40000   2.525643913062122e-001   1.004061882266564e+000   1.044384756958654e+002   2.338079007110950e+003  -2.843205073262672e-002  0.00048   4.848055431874225e-004   5.462229878243395e-003   2.070644432321638e-001   1.691617081604248e+001   1.087800361039224e-002 2488.000 2176.000   10.000     0 C:\Studies\double_stars\hip\20091215\g074a002.fit
  1  0 2009 12 16  0 34  7      0 1665.64344 2415.66926    0.00926    0.00938      167.5   0   1    3 0 1 0 0 1  1.40000   2.542760720391032e-001   9.876314669803464e-001   1.296953271672284e+002   2.434448683289221e+003  -7.546560646428969e-003  0.00042   4.246083978770252e-004   4.674916858208381e-003   2.235894978425746e-001   2.267178140096367e+001   9.308952142389511e-003 1666.000 2415.000   10.000     0 C:\Studies\double_stars\hip\20091215\g074a002.fit
  1  0 2009 12 16  0 34  7      0 2703.60197 2154.17385    0.02065    0.02020       31.2   0   1    4 0 1 0 0 1  1.40000   2.449664179136670e-001   1.021352471922418e+000   3.779219211896149e+001   2.382565888473043e+003  -4.444117302433851e-002  0.00088   8.806085038003433e-004   1.040402415329566e-002   1.400403915023108e-001   4.372233519041493e+000   2.071879603411231e-002 2704.000 2154.000   10.000     0 C:\Studies\double_stars\hip\20091215\g074a002.fit
  1  0 2009 12 16  0 34  7      0 2633.49893 2841.45845    0.01962    0.02200       40.7   0   1    5 0 1 0 0 1  1.40000   2.200555621347166e-001   8.983906670826828e-001   4.299818024023272e+001   2.344164492348800e+003   1.553714492945321e-001  0.00070   7.007527180021355e-004   8.060102249609491e-003   1.373582326797462e-001   7.156459247886411e+000   1.608462567018562e-002 2634.000 2841.000   10.000     0 C:\Studies\double_stars\hip\20091215\g074a002.fit
  1  0 2009 12 16  0 34  7      0 2040.02006 1586.92645    0.33944    0.29047       29.5   0   1    6 0 1 0 0 1  1.40000   2.270289867368757e-001   1.176736386160852e+000   9.438326271239992e+000   2.397393564232329e+003   5.001690665448904e-001  0.01256   1.255583766981674e-002   1.762928501661887e-001   5.264516474421739e-001   3.700579346346126e+000   3.606330936783112e-001 2043.000 1587.000   10.000     0 C:\Studies\double_stars\hip\20091215\g074a002.fit
  1  0 2009 12 16  0 34  7      0 2321.76943  620.82805    0.06459    0.06418       29.1   0   1    7 0 1 0 0 1  1.40000   2.433123309733450e-001   1.006193545892224e+000   2.056360179719722e+001   2.390481059604552e+003   7.574352629001947e-002  0.00272   2.723021949828514e-003   3.187981545653568e-002   2.369376570275787e-001   4.182776715103691e+000   6.351955752519727e-002 2322.000  621.000   10.000     0 C:\Studies\double_stars\hip\20091215\g074a002.fit
  1  0 2009 12 16  0 34  7      0 1964.07072  862.27753    0.12969    0.14224       26.6   0   1    8 0 1 0 0 1  1.40000   2.668472329551623e-001   9.124572227788599e-001   1.353640074765908e+001   2.393991370601114e+003   6.034416929912618e-003  0.00654   6.536264155228386e-003   6.334400103251003e-002   3.430616022464693e-001   3.621579814144901e+000   1.261761563701079e-001 1964.000  863.000   10.000     0 C:\Studies\double_stars\hip\20091215\g074a002.fit
  1  0 2009 12 16  0 34  7      0  594.00952  920.94656    0.27339    0.23360       27.3   0   1    9 0 1 0 0 1  1.40000   2.490727066536052e-001   1.178991575933566e+000   1.004015263426775e+001   2.398294309859309e+003   3.387699449280269e-001  0.01193   1.193014595817033e-002   1.567443991066787e-001   4.987430788296723e-001   3.373849936104981e+000   3.162983271164184e-001  595.000  921.000   10.000     0 C:\Studies\double_stars\hip\20091215\g074a002.fit
  1  0 2009 12 16  0 34  7      0  574.80233 1220.19673    0.08387    0.08679       28.9   0   1   10 0 1 0 0 1  1.40000   2.378274980365161e-001   9.666876659563155e-001   1.782524672943027e+001   2.393517218567789e+003   4.777830623917123e-002  0.00341   3.405177872393147e-003   3.922293710484551e-002   2.613211670138713e-001   4.396149684533690e+000   7.808317436463096e-002  575.000 1221.000   10.000     0 C:\Studies\double_stars\hip\20091215\g074a002.fit
  1  0 2009 12 16  0 34  7      0  531.43972  280.75721    0.18615    0.20050       28.8   0   1   11 0 1 0 0 1  1.40000   2.552913850198448e-001   9.287659859850648e-001   1.180640066801779e+001   2.382694112149922e+003   1.238582256299154e-003  0.00863   8.633421598975139e-003   8.903950822787461e-002   4.114477575360294e-001   4.088934681401470e+000   1.772768135582114e-001  531.000  281.000   10.000     0 C:\Studies\double_stars\hip\20091215\g074a002.fit
  1  0 2009 12 16  0 34  7      0  391.39112  336.30718    0.13582    0.16483       28.4   0   1   12 0 1 0 0 1  1.40000   2.711581355797685e-001   8.412093643278038e-001   1.332855831628714e+001   2.382246291367713e+003   3.121311424334002e-001  0.00713   7.133330307142290e-003   6.058218684164827e-002   3.604784208459329e-001   3.914277845702925e+000   1.230614093628455e-001  392.000  336.000   10.000     0 C:\Studies\double_stars\hip\20091215\g074a002.fit
  1  0 2009 12 16  0 34  7      0  245.14545 1000.99253    0.22600    0.22358       29.4   0   1   13 0 1 0 0 1  1.40000   3.438765776270650e-001   1.018906332696374e+000   1.103256695480848e+001   2.397467382761184e+003   2.530246782544000e-001  0.01835   1.834552550757034e-002   1.515080157473239e-001   6.214221791299226e-001   2.865912653777536e+000   3.050290822696185e-001  245.000 1000.000   10.000     0 C:\Studies\double_stars\hip\20091215\g074a002.fit
  1  0 2009 12 16  0 34  7      0   56.49935 1342.65053    0.12664    0.13504       28.4   0   1   14 0 1 0 0 1  1.40000   2.469762422115231e-001   9.470651611641519e-001   1.425761348474900e+001   2.383541799257007e+003  -2.441628490339396e-001  0.00554   5.536252118884036e-003   5.918998538103810e-002   3.275675256793192e-001   4.068390315160627e+000   1.190590604434877e-001   57.000 1342.000   10.000     0 C:\Studies\double_stars\hip\20091215\g074a002.fit
  1  0 2009 12 16  0 34  7      0  251.97056 1918.95577    0.09302    0.09567       26.2   0   1   15 0 1 0 0 1  1.40000   2.524093697330092e-001   9.737370369870027e-001   1.610597921721011e+001   2.392360404987560e+003  -1.089792774853879e-001  0.00421   4.208242858887374e-003   4.587421288100682e-002   2.771014595434409e-001   3.665624515505134e+000   9.152465659925933e-002  252.000 1919.000   10.000     0 C:\Studies\double_stars\hip\20091215\g074a002.fit
