  1  0 2009 12 16  0 35  5      0 2344.36167 1699.63820    0.01526    0.01496       45.7   0   1    1 0 1 0 0 1  1.40000   2.147688995667881e-001   1.017764630103349e+000   5.333056897105672e+001   2.507049631080306e+003  -4.055169488280678e-002  0.00051   5.124274064536392e-004   6.887735945882044e-003   1.288012978803722e-001   7.740312882282173e+000   1.369231797801524e-002 2344.000 1700.000   10.000     0 C:\Studies\double_stars\hip\20091215\g074a004.fit
  1  0 2009 12 16  0 35  5      0 2488.18713 2175.41105    0.01230    0.01219       66.2   0   1    2 0 1 0 0 1  1.40000   2.112122691569676e-001   1.009203816061338e+000   7.136365219047964e+001   2.459533940457419e+003  -4.023923652878304e-002  0.00040   4.020352710502895e-004   5.449948088006358e-003   1.368923191875715e-001   1.143617653784196e+001   1.082860902306983e-002 2488.000 2175.000   10.000     0 C:\Studies\double_stars\hip\20091215\g074a004.fit
  1  0 2009 12 16  0 35  5      0 1665.81802 2414.41342    0.00907    0.00909       76.7   0   1    3 0 1 0 0 1  1.40000   2.157161358468170e-001   9.976666564417669e-001   8.918848965250268e+001   2.510753526237243e+003  -4.402017430800741e-002  0.00031   3.080453451084231e-004   4.040917789784930e-003   1.286977602963887e-001   1.296310403292095e+001   8.032034212491776e-003 1666.000 2414.000   10.000     0 C:\Studies\double_stars\hip\20091215\g074a004.fit
  1  0 2009 12 16  0 35  5      0 2703.82438 2153.00937    0.04469    0.04489       31.9   0   1    4 0 1 0 0 1  1.40000   2.119507709360197e-001   9.971047607347356e-001   2.588996059593615e+001   2.522328545539442e+003  -1.401767545150168e-001  0.00147   1.470991199823358e-003   1.954186034647716e-002   1.810812679904050e-001   5.583858162551659e+000   3.896116857021808e-002 2704.000 2153.000   10.000     0 C:\Studies\double_stars\hip\20091215\g074a004.fit
  1  0 2009 12 16  0 35  5      0 2633.71301 2840.25387    0.03595    0.03975       35.6   0   1    5 0 1 0 0 1  1.40000   1.883206328121272e-001   9.089304765917378e-001   2.996836089237548e+001   2.492961477252241e+003   1.050208946198572e-001  0.00098   9.786239559927319e-004   1.338120680031376e-002   1.513762308009444e-001   8.132295548434142e+000   2.657562231392589e-002 2634.000 2841.000   10.000     0 C:\Studies\double_stars\hip\20091215\g074a004.fit
  1  0 2009 12 16  0 35  5      0 2040.79700 1585.71834    0.49665    0.78594       31.3   0   1   20 0 1 0 0 1  1.40000   2.232965249028800e-001   7.929099500420842e-001   7.827269838091675e+000   2.533950634157907e+003   2.089864315202258e-001  0.01896   1.896242326742159e-002   1.866580784427002e-001   5.672857871892150e-001   3.893397795015041e+000   3.859201304764193e-001 2044.000 1580.000   10.000     0 C:\Studies\double_stars\hip\20091215\g074a004.fit
  1  0 2009 12 16  0 35  5      0 2321.92594  619.62404    0.14808    0.14595       30.7   0   1   23 0 1 0 0 1  1.40000   2.003963832543591e-001   1.016081667206873e+000   1.406064431299237e+001   2.530082649906880e+003  -1.579132070579931e-001  0.00441   4.412330328702136e-003   6.314142527161268e-002   3.080624020196700e-001   5.544005707393566e+000   1.258052381851662e-001 2321.000  619.000   10.000     0 C:\Studies\double_stars\hip\20091215\g074a004.fit
  1  0 2009 12 16  0 35  5      0 1964.31053  861.00340    0.29148    0.38136       28.5   0   1   24 0 1 0 0 1  1.40000   2.379992530027012e-001   7.783938186039623e-001   9.000304014287130e+000   2.532269703983073e+003  -1.802769640239250e-001  0.01226   1.225928583905833e-002   1.123789364768147e-001   4.631568037121896e-001   4.734307779214620e+000   2.250959261222497e-001 1965.000  860.000   10.000     0 C:\Studies\double_stars\hip\20091215\g074a004.fit
  1  0 2009 12 16  0 35  5      0  594.81661  918.20069    0.61103    0.70307       30.3   0   1   25 0 1 0 0 1  1.40000   2.640216792718621e-001   9.006425308758163e-001   6.579737933270182e+000   2.540186073295649e+003  -4.528872152800467e-001  0.03051   3.050535812762540e-002   2.762454927760558e-001   7.794876806110802e-001   4.017919493300633e+000   5.720680319043389e-001  594.000  920.000   10.000     0 C:\Studies\double_stars\hip\20091215\g074a004.fit
  1  0 2009 12 16  0 35  5      0  575.11696 1218.88329    0.16719    0.16077       29.5   0   1   26 0 1 0 0 1  1.40000   2.209865355928984e-001   1.040321154184718e+000   1.301357968262183e+001   2.541543618754176e+003   8.469151647488293e-003  0.00591   5.913684615285592e-003   7.898243498268365e-002   3.538939937659662e-001   4.586845658122738e+000   1.570135515946580e-001  575.000 1218.000   10.000     0 C:\Studies\double_stars\hip\20091215\g074a004.fit
  1  0 2009 12 16  0 35  5      0  530.97212  279.24603    0.14215    0.18120       28.4   0   1   27 0 1 0 0 1  1.40000   1.071723932453388e+000   1.040059593025892e+000   1.341725303755883e+001   2.531704800490265e+003   1.489329832134477e+000  0.09624   9.624066958799231e-002   1.312187481738837e-001   1.194406806852800e+000   1.743861512986340e+000   3.632800914228686e-001  531.000  279.000   10.000     0 C:\Studies\double_stars\hip\20091215\g074a004.fit
  1  0 2009 12 16  0 35  5      0  391.76358  334.77219    0.33048    0.30447       28.9   0   1   28 0 1 0 0 1  1.40000   2.182580937927187e-001   1.090181057032961e+000   9.277442683414240e+000   2.521984960902762e+003  -3.426016691270789e-001  0.01140   1.139524153747693e-002   1.574446498947941e-001   4.897068398381670e-001   4.216643101265355e+000   3.187125795112656e-001  390.000  336.000   10.000     0 C:\Studies\double_stars\hip\20091215\g074a004.fit
  1  0 2009 12 16  0 35  5      0  244.78749  999.62180    0.46134    0.41271       28.3   0   1   29 0 1 0 0 1  1.40000   1.524929746741164e-001   1.100339236815990e+000   7.980644624113390e+000   2.516129742936165e+003  -1.095841450616498e-001  0.00848   8.477850341257285e-003   1.738617833821008e-001   4.128542446429049e-001   7.265863796802878e+000   3.446883916657032e-001  246.000  999.000   10.000     0 C:\Studies\double_stars\hip\20091215\g074a004.fit
  1  0 2009 12 16  0 35  5      0   56.57112 1341.36970    0.34691    0.31054       28.6   0   1   30 0 1 0 0 1  1.40000   1.893075494063692e-001   1.109825930984723e+000   9.132133928476524e+000   2.523283863783171e+003  -4.850533175907826e-002  0.00927   9.269707988829160e-003   1.543368168846514e-001   4.399061393170622e-001   4.842264216289596e+000   3.062720498518182e-001   55.000 1340.000   10.000     0 C:\Studies\double_stars\hip\20091215\g074a004.fit
  1  0 2009 12 16  0 35  5      0  252.22347 1917.58656    0.20870    0.23228       31.4   0   1   31 0 1 0 0 1  1.40000   2.541210066781871e-001   8.995173236918811e-001   1.157463140675953e+001   2.528377346025088e+003  -4.752900165320027e-002  0.00965   9.653617377550300e-003   9.682702391627654e-002   4.504464021900337e-001   4.418536906403283e+000   1.927602905773228e-001  251.000 1917.000   10.000     0 C:\Studies\double_stars\hip\20091215\g074a004.fit
