  1  0 2009 12 16  0 36  2      0 2345.10134 1698.40196    0.02026    0.01966       42.3   0   1    1 0 1 0 0 1  1.40000   1.981484935759382e-001   1.029272806763628e+000   4.476031428861150e+001   2.589663264278459e+003  -1.083841695122176e-002  0.00059   5.900227516412710e-004   8.703167922355114e-003   1.329467187437772e-001   7.927622706927278e+000   1.727064485680653e-002 2345.000 1698.000   10.000     0 C:\Studies\double_stars\hip\20091215\g074a006.fit
  1  0 2009 12 16  0 36  2      0 2488.93858 2174.21285    0.01768    0.01706       66.1   0   1    2 0 1 0 0 1  1.40000   1.962293834425837e-001   1.031003286088893e+000   6.004224202013589e+001   2.550183542238143e+003   1.086643484899053e-002  0.00051   5.054136690215784e-004   7.541469506110763e-003   1.537365536658220e-001   1.236233767074380e+001   1.496432294194263e-002 2488.000 2174.000   10.000     0 C:\Studies\double_stars\hip\20091215\g074a006.fit
  1  0 2009 12 16  0 36  2      0 1666.56299 2413.24631    0.01382    0.01374       81.2   0   1    3 0 1 0 0 1  1.40000   2.016471688719618e-001   1.004178410976511e+000   7.466472661076780e+001   2.593956485170875e+003   1.705594382977497e-002  0.00042   4.160749845187707e-004   5.882728051683564e-003   1.538128074984820e-001   1.509343000171555e+001   1.167714200823324e-002 1666.000 2413.000   10.000     0 C:\Studies\double_stars\hip\20091215\g074a006.fit
  1  0 2009 12 16  0 36  2      0 2704.75977 2151.87527    0.06708    0.06390       32.6   0   1    4 0 1 0 0 1  1.40000   2.041779515055040e-001   1.048784064670264e+000   2.169250686812389e+001   2.624341113199730e+003   4.681352683269677e-002  0.00206   2.058497091350323e-003   3.000380463268464e-002   2.191293397271998e-001   5.545833915381383e+000   5.960593159401690e-002 2704.000 2151.000   10.000     0 C:\Studies\double_stars\hip\20091215\g074a006.fit
  1  0 2009 12 16  0 36  2      0 2634.37304 2839.00721    0.05146    0.05433       36.0   0   1    5 0 1 0 0 1  1.40000   1.814689013697070e-001   9.461232028009204e-001   2.559215299939097e+001   2.594946455511667e+003   1.959887513560745e-001  0.00130   1.303473537050025e-003   1.911169357343790e-002   1.767600618752461e-001   7.938944037929239e+000   3.819048945212571e-002 2633.000 2839.000   10.000     0 C:\Studies\double_stars\hip\20091215\g074a006.fit
  1  0 2009 12 16  0 36  2      0 2043.24356 1586.90050    0.22762    0.27605       31.6   0   1    7 0 1 0 0 1  1.40000   1.954695696436495e+000   1.024951195920966e+000   1.829130504504571e+001   2.634431208659900e+003   3.087958478534362e-001  0.25373   2.537314683432700e-001   3.646206356108139e-001   1.973033700139475e+000   1.809943521342762e+000   1.109499697402605e+000 2043.000 1587.000   10.000     0 C:\Studies\double_stars\hip\20091215\g074a006.fit
  1  0 2009 12 16  0 36  2      0 2322.37582  618.15178    0.19969    0.17351       30.1   0   1    8 0 1 0 0 1  1.40000   2.155059091801126e-001   1.151441230519832e+000   1.232939129135708e+001   2.629944231060505e+003   2.289906556864038e-001  0.00667   6.674998799795916e-003   1.001780814277829e-001   3.893888940642167e-001   4.551158990937308e+000   2.006474862023796e-001 2323.000  619.000   10.000     0 C:\Studies\double_stars\hip\20091215\g074a006.fit
  1  0 2009 12 16  0 36  2      0 1965.14167  860.20366    0.37646    0.56854       31.2   0   1    9 0 1 0 0 1  1.40000   2.562577436413982e-001   7.030518232415021e-001   8.045267480017664e+000   2.620673144178009e+003   3.463853091288726e-001  0.01867   1.866641653741456e-002   1.368379634937323e-001   5.763941925173715e-001   4.499484689539882e+000   2.823238973999954e-001 1964.000  858.000   10.000     0 C:\Studies\double_stars\hip\20091215\g074a006.fit
  1  0 2009 12 16  0 36  2      0  591.95536  918.50007    0.08774    0.38932       32.1   0   1   10 0 1 0 0 1  1.40000   2.845350027581591e+000   7.572849161622317e-001   1.363448029655844e+001   2.636946939413682e+003   1.456775822985127e+000  0.36843   3.684278731424365e-001   1.813761959061298e-002   6.091094272519172e+000   1.905032498080591e+000   2.567151293955277e-001  593.000  917.000   10.000     0 C:\Studies\double_stars\hip\20091215\g074a006.fit
  1  0 2009 12 16  0 36  2      0  575.53051 1217.37872    0.25642    0.23446       32.3   0   1   11 0 1 0 0 1  1.40000   2.007785815536247e-001   1.080349732535430e+000   1.124566764708203e+001   2.627570392418109e+003   1.792132947702079e-001  0.00764   7.637479129079776e-003   1.158719121533281e-001   4.207556643627058e-001   4.799854271349098e+000   2.318647607488181e-001  573.000 1216.000   10.000     0 C:\Studies\double_stars\hip\20091215\g074a006.fit
  1  0 2009 12 16  0 36  2      0  531.82555  278.05003    0.47301    0.54707       33.0   0   1   12 0 1 0 0 1  1.40000   3.089086278898112e-001   9.106537391629523e-001   7.779386771422820e+000   2.614856647858037e+003  -5.670504510634715e-001  0.03157   3.157244969438227e-002   2.379757416625261e-001   8.291691187237430e-001   3.762287376331630e+000   5.024000938255671e-001  531.000  279.000   10.000     0 C:\Studies\double_stars\hip\20091215\g074a006.fit
  1  0 2009 12 16  0 36  2      0  391.66818  333.66395    0.41578    0.39305       28.9   0   1   13 0 1 0 0 1  1.40000   1.403916664510995e-001   1.119467422090020e+000   8.461415972900390e+000   2.595189724701057e+003  -7.325240230700789e-001  0.00685   6.848743096787549e-003   1.392870230409051e-001   3.664919399660683e-001   8.149498707179236e+000   3.089895576021032e-001  392.000  333.000   10.000     0 C:\Studies\double_stars\hip\20091215\g074a006.fit
  1  0 2009 12 16  0 36  2      0  246.12939  996.68450    0.46558    0.55729       30.3   0   1   14 0 1 0 0 1  1.40000   4.814312839738102e-001   9.723188610730839e-001   7.443400247689887e+000   2.622616906677574e+003   9.950373147879917e-001  0.07331   7.331339737604713e-002   3.092115843260599e-001   1.204006683138791e+000   2.446939615194872e+000   7.216324958194834e-001  246.000  997.000   10.000     0 C:\Studies\double_stars\hip\20091215\g074a006.fit
  1  0 2009 12 16  0 36  2      0   56.90569 1339.92369    0.34337    0.36883       31.4   0   1   15 0 1 0 0 1  1.40000   2.826112113944869e-001   9.399142465563316e-001   9.074203851300926e+000   2.615762504730918e+003  -2.529054528099243e-001  0.01924   1.923654469944468e-002   1.779622780603145e-001   6.430063384794968e-001   3.918982665856362e+000   3.585322926410055e-001   57.000 1340.000   10.000     0 C:\Studies\double_stars\hip\20091215\g074a006.fit
  1  0 2009 12 16  0 36  2      0  252.24747 1916.11715    0.33902    0.31344       30.2   0   1   16 0 1 0 0 1  1.40000   2.247966226250667e-001   1.080354315025450e+000   9.312917542426725e+000   2.621064904970695e+003   1.022032935497765e-001  0.01230   1.229596530247767e-002   1.672196508536725e-001   5.211069461441051e-001   4.554929569065831e+000   3.331923227461242e-001  252.000 1917.000   10.000     0 C:\Studies\double_stars\hip\20091215\g074a006.fit
