  1  0 2009 12 16  0 34 36      0 2344.00365 1700.07156    0.01097    0.01147       51.1   0   1    1 0 1 0 0 1  1.40000   2.547559254439964e-001   9.561088561472309e-001   6.529608172038375e+001   2.456899329636517e+003  -2.119173865967329e-002  0.00051   5.054408209427168e-004   5.376575839787858e-003   1.336987628351379e-001   7.156338443111690e+000   1.070658436301792e-002 2344.000 1700.000   10.000     0 C:\Studies\double_stars\hip\20091215\g074a003.fit
  1  0 2009 12 16  0 34 36      0 2487.87958 2175.96795    0.00900    0.00927       74.5   0   1    2 0 1 0 0 1  1.40000   2.494040417605298e-001   9.709179575463643e-001   8.738742428688474e+001   2.432135165740627e+003  -3.179167111104847e-002  0.00040   3.981240423258112e-004   4.392582077226957e-003   1.437511251438039e-001   1.062084429552967e+001   8.746619502078975e-003 2488.000 2176.000   10.000     0 C:\Studies\double_stars\hip\20091215\g074a003.fit
  1  0 2009 12 16  0 34 36      0 1665.43712 2414.93706    0.00866    0.00911      112.0   0   1    3 0 1 0 0 1  1.40000   2.521811718902960e-001   9.511227219991919e-001   1.086159812596994e+002   2.505437895745988e+003   2.241907364166651e-003  0.00039   3.920449871700094e-004   4.191755232254418e-003   1.739564254706591e-001   1.586715568285352e+001   8.345410734325025e-003 1666.000 2415.000   10.000     0 C:\Studies\double_stars\hip\20091215\g074a003.fit
  1  0 2009 12 16  0 34 36      0 2703.45909 2153.53356    0.03058    0.03129       32.4   0   1    4 0 1 0 0 1  1.40000   2.387671898220709e-001   9.774787627471445e-001   3.132282919219183e+001   2.456387832179497e+003  -8.086965983738449e-002  0.00125   1.249007982140624e-003   1.447384808740968e-002   1.679637704803584e-001   4.858641486395414e+000   2.883528342087819e-002 2703.000 2154.000   10.000     0 C:\Studies\double_stars\hip\20091215\g074a003.fit
  1  0 2009 12 16  0 34 36      0 2633.35509 2840.80449    0.02638    0.03037       38.9   0   1    5 0 1 0 0 1  1.40000   2.139121230676825e-001   8.740526391623746e-001   3.606568003914603e+001   2.418737939891329e+003   1.301271330673460e-001  0.00090   8.991309555476558e-004   1.037520094290200e-002   1.510728594536454e-001   7.421497791006506e+000   2.067121452573740e-002 2633.000 2841.000   10.000     0 C:\Studies\double_stars\hip\20091215\g074a003.fit
  1  0 2009 12 16  0 34 36      0 2042.05306 1586.40518    0.08979    0.26385       29.9   0   1    6 0 1 0 0 1  1.40000   2.609751941278503e+000   1.388245953711570e+000   1.743078059108339e+001   2.479061022172007e+003  -2.695861981980629e+000  0.23379   2.337912272043639e-001   1.981482864165097e-002   2.668281576534582e+000   1.719209540463413e+000   2.240896528367124e-001 2043.000 1587.000   10.000     0 C:\Studies\double_stars\hip\20091215\g074a003.fit
  1  0 2009 12 16  0 34 36      0 2321.33632  619.87773    0.08552    0.09931       29.4   0   1    7 0 1 0 0 1  1.40000   2.534285635449334e-001   8.676872204659241e-001   1.730369411910119e+001   2.460740265752314e+003   1.814601609782729e-001  0.00394   3.944979797590460e-003   3.788322706039899e-002   2.758628614487483e-001   4.398965668234554e+000   7.589272095279753e-002 2321.000  620.000   10.000     0 C:\Studies\double_stars\hip\20091215\g074a003.fit
  1  0 2009 12 16  0 34 36      0 1963.99839  861.47245    0.22687    0.25556       29.4   0   1    8 0 1 0 0 1  1.40000   2.355321007599433e-001   9.025492607108268e-001   1.078475883699740e+001   2.459793979639014e+003   4.429051825142460e-002  0.00931   9.310462848509993e-003   1.011524806758998e-001   4.247821181118726e-001   4.030051567688552e+000   2.013159335252985e-001 1963.000  865.000   10.000     0 C:\Studies\double_stars\hip\20091215\g074a003.fit
  1  0 2009 12 16  0 34 36      0  594.36118  920.54368    0.45484    0.49448       28.9   0   1    9 0 1 0 0 1  1.40000   1.788214387883773e-001   9.305955999898300e-001   7.659690137070021e+000   2.464194337258640e+003  -2.191611456780884e-001  0.01134   1.133540753748794e-002   1.654193750236603e-001   4.646771007177158e-001   6.794598374548778e+000   3.315086625667831e-001  595.000  920.000   10.000     0 C:\Studies\double_stars\hip\20091215\g074a003.fit
  1  0 2009 12 16  0 34 36      0  574.47475 1219.52744    0.10869    0.12598       30.0   0   1   10 0 1 0 0 1  1.40000   2.927884264042192e-001   8.642779138040706e-001   1.548522815767428e+001   2.480454383221969e+003   2.182465681919390e-002  0.00655   6.546584257713193e-003   5.475159584625231e-002   3.600839641542820e-001   3.728307096789416e+000   1.091181657344755e-001  574.000 1219.000   10.000     0 C:\Studies\double_stars\hip\20091215\g074a003.fit
  1  0 2009 12 16  0 34 36      0  531.08972  279.75106    0.29046    0.26311       30.8   0   1   11 0 1 0 0 1  1.40000   2.996022248162201e-001   1.108611617465169e+000   1.019429039230221e+001   2.455831418153702e+003   2.138065098189953e-001  0.01802   1.802320197924899e-002   1.871109743528180e-001   6.444521179486373e-001   3.274504222909910e+000   3.752587533142730e-001  531.000  279.000   10.000     0 C:\Studies\double_stars\hip\20091215\g074a003.fit
  1  0 2009 12 16  0 34 36      0  391.11175  334.98023    0.24840    0.24915       29.0   0   1   12 0 1 0 0 1  1.40000   2.154630622051372e-001   9.970462686229002e-001   1.050004430152423e+001   2.452993979378528e+003  -4.312105079520610e-002  0.00844   8.444867898816719e-003   1.108502442572201e-001   4.138110437661874e-001   4.679477506433820e+000   2.202850908252796e-001  390.000  334.000   10.000     0 C:\Studies\double_stars\hip\20091215\g074a003.fit
  1  0 2009 12 16  0 34 36      0  245.06825  999.71400    0.29663    0.23764       28.3   0   1   13 0 1 0 0 1  1.40000   3.120856298591835e-001   1.268816848690153e+000   9.954415147076345e+000   2.464453924325546e+003  -4.682261277848867e-001  0.01983   1.982512515443281e-002   2.204186638237265e-001   6.676511180457627e-001   2.731352252727894e+000   4.485436868385663e-001  245.000 1000.000   10.000     0 C:\Studies\double_stars\hip\20091215\g074a003.fit
  1  0 2009 12 16  0 34 36      0   56.30023 1341.80228    0.15885    0.17229       31.5   0   1   14 0 1 0 0 1  1.40000   3.316377692828477e-001   9.254442589270256e-001   1.332208763961327e+001   2.461726525980918e+003  -1.520801668471358e-001  0.01206   1.205841387823641e-002   9.462997891806628e-002   5.097213169081787e-001   3.338850902483212e+000   1.895622256411997e-001   56.000 1343.000   10.000     0 C:\Studies\double_stars\hip\20091215\g074a003.fit
  1  0 2009 12 16  0 34 36      0  251.80869 1918.38312    0.13479    0.16551       28.7   0   1   15 0 1 0 0 1  1.40000   2.645523252589985e-001   8.292502119957861e-001   1.342679198264787e+001   2.460364857996200e+003   2.820031519209245e-001  0.00679   6.791744583121567e-003   5.863343469950576e-002   3.520592222888123e-001   3.957144784554848e+000   1.187176637765819e-001  253.000 1920.000   10.000     0 C:\Studies\double_stars\hip\20091215\g074a003.fit
