0.0232382659924675 0.0458065586335862
0.00927141144704297 -0.0283860562529208
-0.00879323995113543 0.0343058247494279
-0.00153437527628736 -0.00736207382603885
-0.0286419624808301 -0.0829629885136165
-0.333936843221516 -0.575065419902202
0.0553435744586849 0.143731943214781
-0.0538982142352217 0.0447378057263007
-0.143359390894402 -0.3486580488062
-0.0858311561362343 -0.207731829992575
0.225641962750476 -0.23655047857475
-0.584448247833066 -0.198297152282094
0.346112549379832 0.434596488021592
0.0599473470012595 0.0340074318008189
0.204751109174002 0.0566045881374237
