2344.4640525 1699.51699125 0.01409625 0.0141475
2488.295305 2175.330475 0.01211875 0.012135
1665.918345 2414.35314 0.00954625 0.0097075
2703.9332875 2152.9300275 0.04007 0.04006
2633.82180375 2840.180315 0.03183625 0.0353775
2041.16878375 1586.15657875 0.32264625 0.48358625
2321.95730375 619.42110375 0.12139875 0.1227
1964.56331625 860.926165 0.2860925 0.3536525
595.01744125 920.02971625 0.3750425 0.5653275
575.117795 1218.813575 0.153265 0.15635625
531.22102875 279.33799125 0.23668375 0.2688575
391.63857875 334.72929 0.27980375 0.27908125
245.12292875 999.2197025 0.3650175 0.39292375
56.6723375 1341.24474 0.25123125 0.26694
252.1541525 1917.50649375 0.185485 0.195325
