  1  0 2011 11 25  1 40 37      0 2355.20557 1621.48424    0.00888    0.00892      101.7   0   1    1 0 1 0 0 1  1.40000   1.291704274020692e-001   9.896201173431887e-001   1.078664204982710e+002   1.169160859944069e+003  -5.760444494444119e-003  0.00013   1.299847539021552e-004   2.844102137238782e-003   9.270820951094248e-002   4.660533738264648e+001   5.581259084964943e-003 2355.000 1622.000   10.000     0 C:\Studies\double_stars\hip\20111124\g074a008.fit
  1  0 2011 11 25  1 40 37      0 2498.82164 2097.10870    0.00824    0.00827      159.5   0   1    2 0 1 0 0 1  1.40000   1.288844389189452e-001   9.945071000250271e-001   1.404329728557033e+002   6.360347448335151e+002  -1.307485013444917e-002  0.00012   1.201313080025304e-004   2.647295380911597e-003   1.117146500466037e-001   7.205809084476401e+001   5.195559868631742e-003 2499.000 2097.000   10.000     0 C:\Studies\double_stars\hip\20111124\g074a008.fit
  1  0 2011 11 25  1 40 37      0 1676.31562 2336.36159    0.00795    0.00792      243.2   0   1    3 0 1 0 0 1  1.40000   1.305493661803331e-001   9.970606943739193e-001   1.763492724936767e+002   5.330450297029457e+002  -3.689758596290855e-004  0.00012   1.179011328114095e-004   2.571122932306826e-003   1.369915908722402e-001   1.069926038030547e+002   5.048092302278194e-003 1676.000 2337.000   10.000     0 C:\Studies\double_stars\hip\20111124\g074a008.fit
  1  0 2011 11 25  1 40 37      0 2714.67944 2075.02355    0.01578    0.01626       39.0   0   1    4 0 1 0 0 1  1.40000   1.243151396996174e-001   9.892921545187597e-001   5.058725703461651e+001   1.719873195409086e+003  -3.353153751049089e-002  0.00022   2.184660025719070e-004   4.963744657815604e-003   7.369578339436528e-002   1.730249664853036e+001   9.751607286087771e-003 2715.000 2074.000   10.000     0 C:\Studies\double_stars\hip\20111124\g074a008.fit
  1  0 2011 11 25  1 40 37      0 2644.31415 2762.13270    0.01245    0.01294       46.1   0   1    5 0 1 0 0 1  1.40000   1.210904568375542e-001   9.636626870031118e-001   6.171430003971564e+001   1.636705708948829e+003   5.326654541007943e-002  0.00017   1.671841857642754e-004   3.801313059645729e-003   6.950767095504939e-002   2.494210070555828e+001   7.447730040336927e-003 2644.000 2763.000   10.000     0 C:\Studies\double_stars\hip\20111124\g074a008.fit
  1  0 2011 11 25  1 40 37      0 2050.52855 1507.17088    0.10922    0.10409       18.3   0   1    6 0 1 0 0 1  1.40000   1.222038559408835e-001   1.036050586662841e+000   1.334054566637068e+001   1.906040257586566e+003  -2.534345227090810e-002  0.00145   1.445801601814310e-003   3.504322746942686e-002   1.321138575742755e-001   8.737522426479794e+000   6.871354606487284e-002 2051.000 1507.000   10.000     0 C:\Studies\double_stars\hip\20111124\g074a008.fit
  1  0 2011 11 25  1 40 37      0 2332.97622  541.11973    0.03398    0.03348       24.7   0   1    7 0 1 0 0 1  1.40000   1.288579577464816e-001   9.973909434827890e-001   2.749174147045042e+001   1.872464825595317e+003  -3.065437149394535e-002  0.00049   4.881463650616396e-004   1.078517865203566e-002   8.852789438126582e-002   1.046288446974943e+001   2.120059411951087e-002 2334.000  541.000   10.000     0 C:\Studies\double_stars\hip\20111124\g074a008.fit
  1  0 2011 11 25  1 40 37      0 1975.51966  782.84406    0.07233    0.06929       21.6   0   1    8 0 1 0 0 1  1.40000   1.210831052712507e-001   1.027859871093541e+000   1.779650832291981e+001   1.891600012309547e+003  -6.203912435832823e-002  0.00095   9.466025235546375e-004   2.295909586626025e-002   1.156826540171851e-001   1.081165641319291e+001   4.504841450550518e-002 1976.000  783.000   10.000     0 C:\Studies\double_stars\hip\20111124\g074a008.fit
  1  0 2011 11 25  1 40 37      0  605.84056  840.68582    0.11982    0.11958       19.1   0   1    9 0 1 0 0 1  1.40000   1.252010779439832e-001   1.009793597710034e+000   1.285696255893980e+001   1.910817455263883e+003   8.350053870906034e-002  0.00167   1.666395673002559e-003   3.833179481888686e-002   1.437565104292727e-001   8.547067429838839e+000   7.534061750233161e-002  606.000  840.000   10.000     0 C:\Studies\double_stars\hip\20111124\g074a008.fit
  1  0 2011 11 25  1 40 37      0  585.86867 1140.50961    0.04026    0.03827       22.3   0   1   10 0 1 0 0 1  1.40000   1.323155371691758e-001   1.031827866384281e+000   2.399126085456744e+001   1.905118607959317e+003   7.624511367822234e-002  0.00060   5.982134708066608e-004   1.329971535685165e-002   9.445115332249188e-002   8.827195163726255e+000   2.617811803049577e-002  585.000 1141.000   10.000     0 C:\Studies\double_stars\hip\20111124\g074a008.fit
  1  0 2011 11 25  1 40 37      0  542.24293  201.06582    0.09110    0.08783       19.1   0   1   11 0 1 0 0 1  1.40000   1.327527776843350e-001   1.023178716084839e+000   1.469072431910815e+001   1.911960502612772e+003   6.374987499796776e-003  0.00137   1.366909873574047e-003   3.006908299312890e-002   1.316631137692981e-001   7.503217457990631e+000   5.912694843293279e-002  543.000  202.000   10.000     0 C:\Studies\double_stars\hip\20111124\g074a008.fit
  1  0 2011 11 25  1 40 37      0  402.53302  256.02685    0.06778    0.06794       20.8   0   1   12 0 1 0 0 1  1.40000   1.370243007825160e-001   9.906476917673212e-001   1.779774888518481e+001   1.910914310748579e+003   8.063767441712791e-003  0.00107   1.069529499060857e-003   2.204146564528463e-002   1.202598384401839e-001   6.895401839660718e+000   4.353370320094396e-002  404.000  255.000   10.000     0 C:\Studies\double_stars\hip\20111124\g074a008.fit
  1  0 2011 11 25  1 40 37      0  256.28017  920.98461    0.11141    0.10285       19.7   0   1   13 0 1 0 0 1  1.40000   1.103029489363642e-001   1.060649226502446e+000   1.402101295731744e+001   1.893417346421653e+003   3.803064317789516e-002  0.00126   1.260820989100503e-003   3.474971465867559e-002   1.270690344741523e-001   1.188701937312891e+001   6.789473279439874e-002  256.000  921.000   10.000     0 C:\Studies\double_stars\hip\20111124\g074a008.fit
  1  0 2011 11 25  1 40 37      0   67.35822 1262.92592    0.06669    0.06539       22.9   0   1   14 0 1 0 0 1  1.40000   1.351780729047316e-001   1.003478371138130e+000   1.894228354930403e+001   1.912832273142546e+003   2.460349909420288e-002  0.00102   1.021284742645451e-003   2.161105507743567e-002   1.232843336934629e-001   7.610374669392450e+000   4.267155368902696e-002   69.000 1262.000   10.000     0 C:\Studies\double_stars\hip\20111124\g074a008.fit
  1  0 2011 11 25  1 40 37      0  262.76505 1839.07887    0.04991    0.05150       24.1   0   1   15 0 1 0 0 1  1.40000   1.352965077611998e-001   9.551726691437581e-001   2.208795284834426e+001   1.905240175662005e+003  -1.066769043799738e-002  0.00078   7.800372330459912e-004   1.570964063438896e-002   1.095659460481218e-001   9.358991486748433e+000   3.090120876526458e-002  264.000 1840.000   10.000     0 C:\Studies\double_stars\hip\20111124\g074a008.fit
