  1  0 2011 11 25  1 37 17      0 2351.63209 1622.30256    0.00936    0.00917       96.7   0   1    1 0 1 0 0 1  1.40000   1.239078595619360e-001   1.016081224625463e+000   1.038534754876655e+002   1.273328505473400e+003   1.901452693242506e-002  0.00013   1.275716683731211e-004   2.989537364455201e-003   8.969872951372535e-002   4.556909796178051e+001   5.861366173582325e-003 2352.000 1622.000   10.000     0 C:\Studies\double_stars\hip\20111124\g074a001.fit
  1  0 2011 11 25  1 37 17      0 2495.21950 2097.96540    0.00861    0.00842      149.7   0   1    2 0 1 0 0 1  1.40000   1.243611626070877e-001   1.013378100799154e+000   1.344369618134117e+002   9.034816151957460e+002   3.438781285901906e-002  0.00012   1.181507439462130e-004   2.750898821515975e-003   1.074794779773273e-001   7.219979039356834e+001   5.395418224409609e-003 2495.000 2098.000   10.000     0 C:\Studies\double_stars\hip\20111124\g074a001.fit
  1  0 2011 11 25  1 37 17      0 1672.78068 2337.25424    0.00782    0.00770      215.0   0   1    3 0 1 0 0 1  1.40000   1.243766874944927e-001   1.011114694221370e+000   1.690732750852430e+002   6.299848443666779e+002   2.206653344558782e-002  0.00011   1.074136808161822e-004   2.495189006455594e-003   1.226665585986243e-001   1.020851431671270e+002   4.892346376929382e-003 1673.000 2337.000   10.000     0 C:\Studies\double_stars\hip\20111124\g074a001.fit
  1  0 2011 11 25  1 37 17      0 2711.04891 2075.83053    0.01742    0.01699       38.6   0   1    4 0 1 0 0 1  1.40000   1.199193399047975e-001   1.015297528643296e+000   4.831727671800601e+001   1.773062041299499e+003   4.870043033282091e-002  0.00023   2.266407836115707e-004   5.485102469490437e-003   7.532395075031498e-002   2.044900388216287e+001   1.074867843941871e-002 2711.000 2076.000   10.000     0 C:\Studies\double_stars\hip\20111124\g074a001.fit
  1  0 2011 11 25  1 37 17      0 2640.70098 2763.02804    0.01364    0.01409       45.6   0   1    5 0 1 0 0 1  1.40000   1.153797846486137e-001   9.622098783669230e-001   5.951048941260117e+001   1.639039189577500e+003   8.929218492585626e-002  0.00017   1.697316382247124e-004   4.041507789234278e-003   6.907483985773258e-002   2.701516940699541e+001   7.938177598967072e-003 2640.000 2763.000   10.000     0 C:\Studies\double_stars\hip\20111124\g074a001.fit
  1  0 2011 11 25  1 37 17      0 2046.83325 1507.99168    0.12717    0.11732       20.1   0   1    6 0 1 0 0 1  1.40000   1.103718504596616e-001   1.074696865746669e+000   1.341362778152939e+001   1.896946834207423e+003   4.154283700138600e-002  0.00142   1.418542077623905e-003   3.956198843343241e-002   1.358338047672949e-001   1.009044256418812e+001   7.772485941094480e-002 2046.000 1507.000   10.000     0 C:\Studies\double_stars\hip\20111124\g074a001.fit
  1  0 2011 11 25  1 37 17      0 2329.34323  542.05199    0.03513    0.03522       23.6   0   1    7 0 1 0 0 1  1.40000   1.228871316010000e-001   1.012710682804570e+000   2.654824723846712e+001   1.873495608355756e+003   8.789022677662118e-003  0.00047   4.742338398462270e-004   1.116484393291315e-002   8.490335207721234e-002   1.036524280267209e+001   2.191379235642261e-002 2329.000  541.000   10.000     0 C:\Studies\double_stars\hip\20111124\g074a001.fit
  1  0 2011 11 25  1 37 17      0 1971.86312  783.60114    0.08446    0.08788       21.5   0   1    8 0 1 0 0 1  1.40000   1.227525999066531e-001   1.017851059962996e+000   1.672135467511618e+001   1.906460215813879e+003   1.417589618268837e-001  0.00112   1.124886907721342e-003   2.645523592812284e-002   1.227488870667818e-001   7.322380072983243e+000   5.239818908587502e-002 1973.000  781.000   10.000     0 C:\Studies\double_stars\hip\20111124\g074a001.fit
  1  0 2011 11 25  1 37 17      0  602.12399  841.99003    0.11763    0.12246       17.6   0   1    9 0 1 0 0 1  1.40000   1.341751370394124e-001   9.530086805129030e-001   1.227885568004512e+001   1.919392498208595e+003  -1.428101384330018e-001  0.00182   1.823242454396689e-003   3.674299738542172e-002   1.427746465978570e-001   6.927131779933127e+000   7.290936953511908e-002  601.000  843.000   10.000     0 C:\Studies\double_stars\hip\20111124\g074a001.fit
  1  0 2011 11 25  1 37 17      0  581.98933 1141.32012    0.04263    0.04340       22.1   0   1   10 0 1 0 0 1  1.40000   1.212852153983862e-001   1.009073885703738e+000   2.336807795372600e+001   1.885188007919566e+003   4.117562414135234e-003  0.00057   5.661532907012971e-004   1.345562823006656e-002   8.934158892094866e-002   9.688872419450922e+000   2.639999592330073e-002  582.000 1140.000   10.000     0 C:\Studies\double_stars\hip\20111124\g074a001.fit
  1  0 2011 11 25  1 37 17      0  538.34052  201.87381    0.10287    0.10460       19.6   0   1   11 0 1 0 0 1  1.40000   1.270870312036180e-001   9.657605910671755e-001   1.408853326490418e+001   1.911124390204847e+003   2.256372471236167e-002  0.00145   1.450055600351020e-003   3.145295299112073e-002   1.337818750142651e-001   8.380313623778472e+000   6.182132193705450e-002  537.000  203.000   10.000     0 C:\Studies\double_stars\hip\20111124\g074a001.fit
  1  0 2011 11 25  1 37 17      0  398.64308  256.85237    0.07419    0.07290       21.2   0   1   12 0 1 0 0 1  1.40000   1.320827559059278e-001   1.006435048215899e+000   1.727124088857346e+001   1.909882829549246e+003   3.159071906606730e-002  0.00110   1.100303057718576e-003   2.391084619260218e-002   1.231282562856913e-001   7.655122578272162e+000   4.711378540164827e-002  400.000  256.000   10.000     0 C:\Studies\double_stars\hip\20111124\g074a001.fit
  1  0 2011 11 25  1 37 17      0  252.45057  921.69942    0.11501    0.11490       19.1   0   1   13 0 1 0 0 1  1.40000   1.443918864976339e-001   9.937680887924485e-001   1.281259994509267e+001   1.924823269332755e+003  -4.002017825738442e-002  0.00199   1.988377007530359e-003   3.899620821098233e-002   1.589627813423899e-001   6.681555103106882e+000   7.683698064088557e-002  253.000  922.000   10.000     0 C:\Studies\double_stars\hip\20111124\g074a001.fit
  1  0 2011 11 25  1 37 17      0   63.42273 1263.68456    0.06356    0.06287       20.9   0   1   14 0 1 0 0 1  1.40000   1.211890307765897e-001   1.008056701590546e+000   1.864158930268998e+001   1.895014479944756e+003   1.412452459138300e-002  0.00084   8.373334982908486e-004   1.990628941170351e-002   1.061481009212858e-001   1.006439754498602e+001   3.905269936885991e-002   64.000 1265.000   10.000     0 C:\Studies\double_stars\hip\20111124\g074a001.fit
  1  0 2011 11 25  1 37 17      0  258.86440 1839.72974    0.05788    0.05823       24.8   0   1   15 0 1 0 0 1  1.40000   1.183686343964808e-001   9.935477012081972e-001   2.138272774213926e+001   1.888667132823056e+003   3.609644958662038e-002  0.00074   7.362045118209948e-004   1.765588047005126e-002   1.071921329961312e-001   1.221994679456955e+001   3.471074909217214e-002  258.000 1839.000   10.000     0 C:\Studies\double_stars\hip\20111124\g074a001.fit
