  1  0 2011 11 25  1 38 43      0 2352.76241 1621.95545    0.00897    0.00912      100.7   0   1    1 0 1 0 0 1  1.40000   1.240808906076334e-001   9.808556534681383e-001   1.073470953632833e+002   9.851547171318597e+002  -4.694424426633856e-002  0.00012   1.240474245100282e-004   2.800846176486873e-003   8.936390221225393e-002   5.086996994510117e+001   5.494021100369061e-003 2353.000 1622.000   10.000     0 C:\Studies\double_stars\hip\20111124\g074a004.fit
  1  0 2011 11 25  1 38 43      0 2496.47276 2097.78209    0.00659    0.00680      124.1   0   1    2 0 1 0 0 1  1.40000   1.260752984745003e-001   9.811480984724939e-001   1.390856780908870e+002   5.547851180890389e+002  -5.866552170897080e-002  0.00009   9.320460442527417e-005   2.069649530810575e-003   8.589115410033001e-002   5.556365872238264e+001   4.063597637038581e-003 2496.000 2097.000   10.000     0 C:\Studies\double_stars\hip\20111124\g074a004.fit
  1  0 2011 11 25  1 38 43      0 1673.90545 2337.01901    0.00636    0.00655      193.6   0   1    3 0 1 0 0 1  1.40000   1.241157548593929e-001   9.714700923064883e-001   1.762110372990946e+002  -3.290231912283028e+002  -4.270083966894155e-002  0.00009   8.847228627636817e-005   1.978139811795887e-003   1.043256250884612e-001   9.896200474158046e+001   3.878973359108287e-003 1674.000 2337.000   10.000     0 C:\Studies\double_stars\hip\20111124\g074a004.fit
  1  0 2011 11 25  1 38 43      0 2712.29212 2075.59217    0.01528    0.01557       37.3   0   1    4 0 1 0 0 1  1.40000   1.235634273533116e-001   9.770518910787349e-001   5.007722440055017e+001   1.732477089408064e+003  -5.132239489115477e-002  0.00021   2.102880169279508e-004   4.749363722741925e-003   7.073725193251090e-002   1.925382530094387e+001   9.314653175042325e-003 2712.000 2076.000   10.000     0 C:\Studies\double_stars\hip\20111124\g074a004.fit
  1  0 2011 11 25  1 38 43      0 2641.91613 2762.79591    0.01306    0.01377       48.2   0   1    5 0 1 0 0 1  1.40000   1.183683324117448e-001   9.506305097480354e-001   6.167108205098947e+001   1.597645183099063e+003   7.075091947226198e-003  0.00017   1.709982684316612e-004   3.928843262547843e-003   7.145700774245867e-002   2.875961380201827e+001   7.682574553385808e-003 2642.000 2763.000   10.000     0 C:\Studies\double_stars\hip\20111124\g074a004.fit
  1  0 2011 11 25  1 38 43      0 2048.15883 1507.86859    0.10906    0.10933       18.8   0   1    6 0 1 0 0 1  1.40000   1.367823026313105e-001   9.903626275308896e-001   1.318466290178379e+001   1.917529241795235e+003   3.802342674669237e-002  0.00173   1.729531924181226e-003   3.570293819968931e-002   1.458635591370714e-001   7.026455519231521e+000   7.034385400148262e-002 2049.000 1509.000   10.000     0 C:\Studies\double_stars\hip\20111124\g074a004.fit
  1  0 2011 11 25  1 38 43      0 2330.39923  541.68568    0.03579    0.03623       25.8   0   1    7 0 1 0 0 1  1.40000   1.201980893374796e-001   9.776416911001187e-001   2.740665339610730e+001   1.846148756484108e+003  -5.026661377986547e-002  0.00047   4.705548513375954e-004   1.093623822813741e-002   8.749485532761549e-002   1.389962244441064e+001   2.143249913637367e-002 2331.000  542.000   10.000     0 C:\Studies\double_stars\hip\20111124\g074a004.fit
  1  0 2011 11 25  1 38 43      0 1973.07443  783.37654    0.07597    0.07425       21.3   0   1    8 0 1 0 0 1  1.40000   1.335048516209625e-001   1.011494285280853e+000   1.696715029226940e+001   1.916464662078056e+003  -5.052888316627727e-002  0.00115   1.151737376391033e-003   2.488593237628690e-002   1.271082259557406e-001   8.117957313914165e+000   4.902476463883205e-002 1974.000  783.000   10.000     0 C:\Studies\double_stars\hip\20111124\g074a004.fit
  1  0 2011 11 25  1 38 43      0  603.21338  841.53701    0.11893    0.12580       18.9   0   1    9 0 1 0 0 1  1.40000   1.236234018596196e-001   9.614917074208063e-001   1.273860161581469e+001   1.908996094977975e+003  -1.481098554320375e-001  0.00165   1.652082962454887e-003   3.650568624087672e-002   1.400049465168467e-001   9.406918301521268e+000   7.206844096374808e-002  603.000  841.000   10.000     0 C:\Studies\double_stars\hip\20111124\g074a004.fit
  1  0 2011 11 25  1 38 43      0  583.31802 1141.00277    0.04074    0.04032       22.9   0   1   10 0 1 0 0 1  1.40000   1.247991554477017e-001   1.004000076332740e+000   2.413890999699212e+001   1.881802212844111e+003  -7.038399214153517e-002  0.00056   5.636318226751355e-004   1.294202330627253e-002   9.163168727623874e-002   1.104441302876742e+001   2.541139210723089e-002  583.000 1141.000   10.000     0 C:\Studies\double_stars\hip\20111124\g074a004.fit
  1  0 2011 11 25  1 38 43      0  539.96445  201.59504    0.09858    0.10542       21.2   0   1   11 0 1 0 0 1  1.40000   1.325276153477358e-001   9.697348318890557e-001   1.473153567840055e+001   1.912072321818140e+003  -5.490848776540482e-002  0.00152   1.515303442468996e-003   3.159715761713949e-002   1.426521019501621e-001   7.689776585560236e+000   6.221463631054702e-002  540.000  204.000   10.000     0 C:\Studies\double_stars\hip\20111124\g074a004.fit
  1  0 2011 11 25  1 38 43      0  399.94772  256.61333    0.07254    0.07546       22.0   0   1   12 0 1 0 0 1  1.40000   1.216276550170110e-001   9.616630533382231e-001   1.779832158531750e+001   1.893334017391787e+003  -1.236445392659827e-001  0.00097   9.695853213335529e-004   2.181360882264132e-002   1.150323730148233e-001   1.047017341017688e+001   4.323810986720487e-002  399.000  258.000   10.000     0 C:\Studies\double_stars\hip\20111124\g074a004.fit
  1  0 2011 11 25  1 38 43      0  253.67691  921.46477    0.10675    0.11114       18.7   0   1   13 0 1 0 0 1  1.40000   1.178939037901076e-001   9.589159765585483e-001   1.349700008932130e+001   1.901614514239243e+003  -3.408764589854620e-002  0.00138   1.381775721107250e-003   3.214281476203997e-002   1.268367326282411e-001   1.107219212500274e+001   6.287898662613177e-002  254.000  922.000   10.000     0 C:\Studies\double_stars\hip\20111124\g074a004.fit
  1  0 2011 11 25  1 38 43      0   64.87656 1263.28997    0.06673    0.06465       22.8   0   1   14 0 1 0 0 1  1.40000   1.301505392071702e-001   1.014444115029692e+000   1.888334135472868e+001   1.907665191636316e+003  -1.318980111608069e-001  0.00097   9.678561179676086e-004   2.144458773807520e-002   1.201922615496738e-001   8.956426914890976e+000   4.247551607090302e-002   66.000 1263.000   10.000     0 C:\Studies\double_stars\hip\20111124\g074a004.fit
  1  0 2011 11 25  1 38 43      0  260.23047 1839.49850    0.04687    0.04773       22.1   0   1   15 0 1 0 0 1  1.40000   1.295293945481374e-001   9.732652404995441e-001   2.187894753558265e+001   1.902901788112100e+003  -1.038233205980042e-001  0.00069   6.879822632610334e-004   1.472045193788947e-002   9.864672318677971e-002   9.862626270426707e+000   2.898794474638159e-002  261.000 1840.000   10.000     0 C:\Studies\double_stars\hip\20111124\g074a004.fit
