  1  0 2011 11 25  1 37 45      0 2352.14268 1623.09540    0.00761    0.00752       92.6   0   1    1 0 1 0 0 1  1.40000   1.355597286906327e-001   1.007632075054500e+000   1.108538176760717e+002   1.255868486302642e+003   4.924414511963967e-003  0.00012   1.191877996891866e-004   2.528222977591936e-003   8.562712660012867e-002   3.678313554335421e+001   4.969724110586615e-003 2352.000 1623.000   10.000     0 C:\Studies\double_stars\hip\20111124\g074a002.fit
  1  0 2011 11 25  1 37 45      0 2495.80124 2098.71440    0.00749    0.00741      155.6   0   1    2 0 1 0 0 1  1.40000   1.353021814761892e-001   1.003540825258258e+000   1.447396278824506e+002   7.016012755503875e+002   7.083677857139674e-003  0.00012   1.170497755869399e-004   2.477559376963468e-003   1.098804619756337e-001   6.312076022172924e+001   4.869640711090140e-003 2496.000 2099.000   10.000     0 C:\Studies\double_stars\hip\20111124\g074a002.fit
  1  0 2011 11 25  1 37 45      0 1673.36720 2337.95077    0.00794    0.00784      261.8   0   1    3 0 1 0 0 1  1.40000   1.349784677745007e-001   1.002994498698126e+000   1.828748147861274e+002   1.975122410872559e+002   1.438099982141079e-002  0.00012   1.232022479718713e-004   2.612371326105793e-003   1.460085922773903e-001   1.039975626807428e+002   5.135253902824536e-003 1674.000 2338.000   10.000     0 C:\Studies\double_stars\hip\20111124\g074a002.fit
  1  0 2011 11 25  1 37 45      0 2711.67554 2076.59069    0.01561    0.01556       41.3   0   1    4 0 1 0 0 1  1.40000   1.332626681137939e-001   1.001795550177681e+000   5.194755805500402e+001   1.763125185487724e+003   9.513610498984655e-004  0.00024   2.378032239537319e-004   5.101494905601340e-003   8.027087459364464e-002   1.608032341660823e+001   1.003178681752903e-002 2711.000 2076.000   10.000     0 C:\Studies\double_stars\hip\20111124\g074a002.fit
  1  0 2011 11 25  1 37 45      0 2641.31302 2763.79338    0.01258    0.01322       50.5   0   1    5 0 1 0 0 1  1.40000   1.294333076273871e-001   9.526271354367607e-001   6.333926035707189e+001   1.683431283844590e+003   7.025341320181627e-002  0.00019   1.870366240197694e-004   3.926814611423204e-003   7.741077722805305e-002   2.393872549637063e+001   7.717550774365373e-003 2641.000 2764.000   10.000     0 C:\Studies\double_stars\hip\20111124\g074a002.fit
  1  0 2011 11 25  1 37 45      0 2047.48739 1508.92233    0.09598    0.10123       19.1   0   1    6 0 1 0 0 1  1.40000   1.418383831029941e-001   9.617530475058390e-001   1.399202301516219e+001   1.908480002108495e+003   6.806571901057451e-002  0.00164   1.635813909389729e-003   3.158197118650363e-002   1.422967556738349e-001   6.649719089967575e+000   6.234306976511905e-002 2047.000 1508.000   10.000     0 C:\Studies\double_stars\hip\20111124\g074a002.fit
  1  0 2011 11 25  1 37 45      0 2329.94641  542.96628    0.03220    0.03193       25.5   0   1    7 0 1 0 0 1  1.40000   1.371186784374853e-001   1.003805023045880e+000   2.821658436200608e+001   1.883517090720126e+003   3.637034364126931e-002  0.00051   5.139091984456360e-004   1.073086569468684e-002   9.336935626302884e-002   1.000031917802053e+001   2.110796682837354e-002 2330.000  543.000   10.000     0 C:\Studies\double_stars\hip\20111124\g074a002.fit
  1  0 2011 11 25  1 37 45      0 1972.33808  784.54627    0.06695    0.06675       21.4   0   1    8 0 1 0 0 1  1.40000   1.466366391051155e-001   1.004754631165091e+000   1.778399330273949e+001   1.918187583004066e+003   7.475491454794050e-002  0.00119   1.186794419014031e-003   2.314343764177287e-002   1.305033768982625e-001   6.923788583565361e+000   4.569618200713083e-002 1972.000  784.000   10.000     0 C:\Studies\double_stars\hip\20111124\g074a002.fit
  1  0 2011 11 25  1 37 45      0  602.53051  842.84206    0.10813    0.10624       19.1   0   1    9 0 1 0 0 1  1.40000   1.468345420183239e-001   1.020393835644481e+000   1.331094394344443e+001   1.919281820242959e+003   4.993860759739158e-002  0.00191   1.913662485559802e-003   3.787360177928967e-002   1.574452699430925e-001   5.872031367113966e+000   7.475939784974979e-002  602.000  842.000   10.000     0 C:\Studies\double_stars\hip\20111124\g074a002.fit
  1  0 2011 11 25  1 37 45      0  582.74901 1142.22454    0.03704    0.03604       22.8   0   1   10 0 1 0 0 1  1.40000   1.356423453757411e-001   1.019789807796518e+000   2.501586329922962e+001   1.892982446011180e+003   4.543864972019984e-003  0.00058   5.782471533974383e-004   1.240570894768801e-002   9.398383956351368e-002   8.932496660437515e+000   2.439374611610368e-002  583.000 1143.000   10.000     0 C:\Studies\double_stars\hip\20111124\g074a002.fit
  1  0 2011 11 25  1 37 45      0  539.11481  202.59912    0.08879    0.09135       20.5   0   1   11 0 1 0 0 1  1.40000   1.418377488310340e-001   9.803599220111366e-001   1.507532712003254e+001   1.914476357302431e+003  -9.970961473306179e-002  0.00151   1.506383821077513e-003   2.961167251822466e-002   1.422954572101163e-001   7.307526527817583e+000   5.844599162802298e-002  539.000  202.000   10.000     0 C:\Studies\double_stars\hip\20111124\g074a002.fit
  1  0 2011 11 25  1 37 45      0  399.21809  257.80922    0.05853    0.06075       20.1   0   1   12 0 1 0 0 1  1.40000   1.430423950398409e-001   9.793281760680066e-001   1.849486621990799e+001   1.909368030201583e+003   8.773866775253969e-003  0.00100   1.004666214454361e-003   1.959384718157083e-002   1.146339754468418e-001   6.236048844417089e+000   3.869736656638738e-002  400.000  260.000   10.000     0 C:\Studies\double_stars\hip\20111124\g074a002.fit
  1  0 2011 11 25  1 37 45      0  253.01366  922.60399    0.10229    0.09810       19.4   0   1   13 0 1 0 0 1  1.40000   1.442482034001751e-001   1.032709451697951e+000   1.390729410007905e+001   1.917892453231672e+003   4.738206919461074e-003  0.00174   1.743186678105362e-003   3.556254714366353e-002   1.516071559153519e-001   6.044739627169141e+000   7.017756577965841e-002  254.000  924.000   10.000     0 C:\Studies\double_stars\hip\20111124\g074a002.fit
  1  0 2011 11 25  1 37 45      0   64.36197 1264.55532    0.05537    0.05492       20.9   0   1   14 0 1 0 0 1  1.40000   1.304197927821891e-001   9.963207715927402e-001   1.963138365406262e+001   1.895497352493176e+003   2.567303465215809e-002  0.00082   8.164153204695515e-004   1.780448662367910e-002   1.055095820496781e-001   9.070911273667290e+000   3.496927543611473e-002   65.000 1265.000   10.000     0 C:\Studies\double_stars\hip\20111124\g074a002.fit
  1  0 2011 11 25  1 37 45      0  259.56949 1840.57281    0.04465    0.04536       23.1   0   1   15 0 1 0 0 1  1.40000   1.402270148257799e-001   9.864275987952876e-001   2.268430401706128e+001   1.910828030654674e+003  -1.826396765750024e-003  0.00074   7.403522102659299e-004   1.485130541217717e-002   1.059771067641449e-001   8.277760012407997e+000   2.923409310097540e-002  259.000 1840.000   10.000     0 C:\Studies\double_stars\hip\20111124\g074a002.fit
