-0.0139385185827879 0.000551081498940213
0.0726444907707976 0.126686887747477
-0.00811397243001042 -0.0918652544435512
-0.120745799513328 -0.107316009521469
-0.0745508500582722 -0.0184295464948151
0.943154869956882 0.119640463317385
0.0423042203999544 0.068872409010397
-0.0176069932124535 -0.145198831852009
-0.116476157289232 0.326952589247975
-0.0821673058797683 -0.256203951699742
0.133401800852943 -0.42503298811886
-0.386897107363861 0.0432969715140483
-0.00487500746752714 0.216124661144122
0.0241948028410091 0.0458717853550712
0.192227690895837 0.369058957880005
