2353.42126375 1621.8999975 0.00877125 0.00865375
2497.04899125 2097.6060425 0.007735 0.00765125
1674.59639875 2336.89614875 0.00729625 0.0072525
2712.89613625 2075.47117125 0.016145 0.01610375
2642.5357275 2762.672335 0.012985 0.01352625
2048.809595 1507.76014625 0.11080625 0.1099375
2331.1533775 541.64351875 0.0340325 0.0333475
1973.61614375 783.2817525 0.0733675 0.07296625
603.9318175 841.43751375 0.12176125 0.12178125
583.98049 1140.99635 0.04078 0.03969875
540.4061 201.4936325 0.09534125 0.09556375
400.5064575 256.4552625 0.0669375 0.0674125
254.36229375 921.51160625 0.10919 0.1073675
65.49405625 1263.3535225 0.06085125 0.06035375
260.82997375 1839.42855375 0.0478875 0.04787
