  1  0 2012 10 27  3 34  0      0 2318.69133 1869.87135    0.01009    0.00967      136.4   0   1    1 0 1 0 0 1  1.40000   1.433320715340123e-001   1.034307568138958e+000   1.167296507433084e+002   1.390082342241974e+003  -3.481670491523095e-002  0.00017   1.708852771902619e-004   3.515287393876875e-003   1.261069781992794e-001   4.675966953657072e+001   6.925506897737701e-003 2319.000 1870.000   10.000     0 C:\Users\akhodyre\Studies\hip\20121026\g074a002.fit
  1  0 2012 10 27  3 34  0      0 2462.53851 2345.42735    0.00807    0.00767      177.5   0   1    2 0 1 0 0 1  1.40000   1.408487048501107e-001   1.046560705698235e+000   1.497473020892030e+002   8.827509913913058e+002  -5.809574711239805e-002  0.00013   1.327051326234076e-004   2.810368656371020e-003   1.268705296364658e-001   5.992869452165822e+001   5.540387872606685e-003 2463.000 2345.000   10.000     0 C:\Users\akhodyre\Studies\hip\20121026\g074a002.fit
  1  0 2012 10 27  3 34  0      0 1640.26847 2585.25183    0.00899    0.00874      316.4   0   1    3 0 1 0 0 1  1.40000   1.391823568218357e-001   1.023350724812731e+000   1.885783565631895e+002   3.109992571448385e+002  -2.326883220510379e-003  0.00015   1.460095190030579e-004   3.062422907195759e-003   1.764098662066319e-001   1.150137854229045e+002   6.025470733720309e-003 1640.000 2585.000   10.000     0 C:\Users\akhodyre\Studies\hip\20121026\g074a002.fit
  1  0 2012 10 27  3 34  0      0 2678.43015 2323.28052    0.01660    0.01539       46.6   0   1    4 0 1 0 0 1  1.40000   1.386154982764882e-001   1.066227907488159e+000   5.384212285829782e+001   1.903330895112815e+003  -7.795862441158699e-002  0.00026   2.643672022231842e-004   5.795158979493302e-003   9.206928353999663e-002   1.596078117657650e+001   1.142990307697164e-002 2679.000 2323.000   10.000     0 C:\Users\akhodyre\Studies\hip\20121026\g074a002.fit
  1  0 2012 10 27  3 34  0      0 2608.29875 3010.72603    0.01181    0.01192       49.8   0   1    5 0 1 0 0 1  1.40000   1.313707206053542e-001   9.810243244474166e-001   6.542112645998311e+001   1.749388765077837e+003   4.441961266892139e-002  0.00018   1.767567014876640e-004   3.766308407607246e-003   7.552308120878176e-002   2.155941152443497e+001   7.400227676344493e-003 2609.000 3011.000   10.000     0 C:\Users\akhodyre\Studies\hip\20121026\g074a002.fit
  1  0 2012 10 27  3 34  0      0 2014.21476 1755.80001    0.10733    0.10263       23.0   0   1    6 0 1 0 0 1  1.40000   1.474789500792662e-001   1.063528181524859e+000   1.479987795852203e+001   2.023583726912961e+003   6.737508129838420e-002  0.00191   1.909861743174109e-003   3.919416746082437e-002   1.738463802271285e-001   5.992255360748212e+000   7.744552738095337e-002 2014.000 1754.000   10.000     0 C:\Users\akhodyre\Studies\hip\20121026\g074a002.fit
  1  0 2012 10 27  3 34  0      0 2296.01715  789.68575    0.03171    0.02980       27.0   0   1    7 0 1 0 0 1  1.40000   1.439913658388128e-001   1.062375905180886e+000   2.944182411833241e+001   2.002474519419006e+003  -6.571049784307605e-002  0.00054   5.391154498239178e-004   1.133159357701275e-002   1.002595866159249e-001   8.441153391794147e+000   2.234574232361137e-002 2296.000  789.000   10.000     0 C:\Users\akhodyre\Studies\hip\20121026\g074a002.fit
  1  0 2012 10 27  3 34  0      0 1938.70346 1031.65695    0.06796    0.06261       23.2   0   1    8 0 1 0 0 1  1.40000   1.406480162814593e-001   1.057783358806733e+000   1.885032551283062e+001   2.012678197919628e+003  -1.135971661201160e-001  0.00110   1.097682944374147e-003   2.347773626452691e-002   1.319527528214012e-001   7.509272229683992e+000   4.639454327972036e-002 1940.000 1032.000   10.000     0 C:\Users\akhodyre\Studies\hip\20121026\g074a002.fit
  1  0 2012 10 27  3 34  0      0  569.21964 1090.42779    0.11050    0.11522       21.4   0   1    9 0 1 0 0 1  1.40000   1.494808133969553e-001   9.706048130853967e-001   1.384815072587563e+001   2.029166878546499e+003  -5.590275683591361e-002  0.00203   2.032362251275411e-003   3.754795937720164e-002   1.684997784657535e-001   6.047706549566508e+000   7.420731703460841e-002  568.000 1089.000   10.000     0 C:\Users\akhodyre\Studies\hip\20121026\g074a002.fit
  1  0 2012 10 27  3 34  0      0  549.46050 1389.85853    0.03761    0.03640       25.5   0   1   10 0 1 0 0 1  1.40000   1.436250798051254e-001   1.024190626002944e+000   2.607559235468901e+001   2.006233679143312e+003  -4.874810405699689e-002  0.00064   6.402224625916504e-004   1.300954734494520e-002   1.051547880464461e-001   8.746409009892583e+000   2.563637197743702e-002  549.000 1390.000   10.000     0 C:\Users\akhodyre\Studies\hip\20121026\g074a002.fit
  1  0 2012 10 27  3 34  0      0  505.33318  450.47454    0.09038    0.08423       21.3   0   1   11 0 1 0 0 1  1.40000   1.474245225154047e-001   1.072546169192923e+000   1.564441738396056e+001   2.027928145191122e+003  -1.291947494725772e-001  0.00159   1.586478254174975e-003   3.276903846210451e-002   1.525134955301901e-001   5.515482524324167e+000   6.480570955951936e-002  504.000  449.000   10.000     0 C:\Users\akhodyre\Studies\hip\20121026\g074a002.fit
  1  0 2012 10 27  3 34  0      0  365.66036  505.51341    0.06262    0.06127       23.3   0   1   12 0 1 0 0 1  1.40000   1.382641560746997e-001   1.021753260639241e+000   1.939347776267202e+001   2.002579756552294e+003  -9.388620557876910e-002  0.00101   1.007819563908354e-003   2.120075105554595e-002   1.253674962155656e-001   8.356410633191899e+000   4.184626929216744e-002  366.000  505.000   10.000     0 C:\Users\akhodyre\Studies\hip\20121026\g074a002.fit
  1  0 2012 10 27  3 34  0      0  219.82852 1170.62054    0.09936    0.10196       21.2   0   1   13 0 1 0 0 1  1.40000   1.386103949291762e-001   9.838371846092654e-001   1.457783923933247e+001   2.017678699489758e+003  -1.432417682458991e-001  0.00163   1.625143107950810e-003   3.272326171942199e-002   1.502754337977008e-001   7.885748269379487e+000   6.476221536725621e-002  220.000 1172.000   10.000     0 C:\Users\akhodyre\Studies\hip\20121026\g074a002.fit
  1  0 2012 10 27  3 34  0      0   30.91469 1512.46574    0.15997    0.15443       66.0   0   1   14 0 1 0 0 1  1.40000   1.541328074218464e-001   1.036514089736895e+000   2.023909657129216e+001   2.036890082728893e+003  -1.481378777443732e-001  0.00305   3.051037941900769e-003   5.814075020644915e-002   3.726186029529502e-001   1.889859383770277e+001   1.153657199679909e-001   31.000 1512.000   10.000     0 C:\Users\akhodyre\Studies\hip\20121026\g074a002.fit
  1  0 2012 10 27  3 34  0      0  226.54868 2088.32093    0.04384    0.04243       25.1   0   1   15 0 1 0 0 1  1.40000   1.346592277774896e-001   1.045228094823471e+000   2.437322950221371e+001   1.990109749446563e+003  -3.389166399135473e-003  0.00067   6.746789249622159e-004   1.494093781268915e-002   1.066807691263533e-001   8.409295977642191e+000   2.941099755401357e-002  227.000 2087.000   10.000     0 C:\Users\akhodyre\Studies\hip\20121026\g074a002.fit
