  1  0 2012 10 27  3 35 26      0 2319.78639 1868.46288    0.01077    0.01063      176.8   0   1    1 0 1 0 0 1  1.40000   1.691523851633661e-001   1.012800653802053e+000   1.261004206536923e+002   1.654322481839174e+003   5.000281836949199e-004  0.00024   2.402053753609707e-004   4.091284138053215e-003   1.712787298699979e-001   4.372351366786057e+001   8.091188645195998e-003 2320.000 1868.000   10.000     0 C:\Users\akhodyre\Studies\hip\20121026\g074a005.fit
  1  0 2012 10 27  3 35 26      0 2463.58895 2343.88229    0.01017    0.01029      281.5   0   1    2 0 1 0 0 1  1.40000   1.743182350433269e-001   9.851571991496448e-001   1.624665738267825e+002   1.566699515999388e+003   7.477118404673381e-003  0.00024   2.391965460777214e-004   3.844070182770676e-003   2.144681625279539e-001   6.851016703732252e+001   7.606951825646287e-003 2463.000 2344.000   10.000     0 C:\Users\akhodyre\Studies\hip\20121026\g074a005.fit
  1  0 2012 10 27  3 35 26      0 1641.22472 2583.82706    0.00983    0.00972      433.2   0   1    3 0 1 0 0 1  1.40000   1.721701228880330e-001   1.007904800206261e+000   2.061279999006029e+002   1.550815593571898e+003   3.263275573789356e-002  0.00023   2.255014413458051e-004   3.753409572470687e-003   2.598651572199381e-001   1.067627103221448e+002   7.428269031541276e-003 1641.000 2584.000   10.000     0 C:\Users\akhodyre\Studies\hip\20121026\g074a005.fit
  1  0 2012 10 27  3 35 26      0 2679.46562 2321.89760    0.01436    0.01425       50.3   0   1    4 0 1 0 0 1  1.40000   1.681558122312030e-001   1.003644393941819e+000   5.816563801260628e+001   1.972539012209771e+003  -1.251689985643922e-002  0.00032   3.169822631464838e-004   5.381986487919266e-003   1.046725210076223e-001   1.290404265128899e+001   1.064264077885919e-002 2679.000 2322.000   10.000     0 C:\Users\akhodyre\Studies\hip\20121026\g074a005.fit
  1  0 2012 10 27  3 35 26      0 2609.35784 3009.04789    0.01262    0.01371       65.8   0   1    5 0 1 0 0 1  1.40000   1.583750491906143e-001   9.255194194556488e-001   6.998285990336912e+001   1.873563512749160e+003   7.693256089959005e-002  0.00026   2.578431881755565e-004   4.284519956226959e-003   1.050347405754570e-001   2.049218951965755e+001   8.467774013847325e-003 2609.000 3009.000   10.000     0 C:\Users\akhodyre\Studies\hip\20121026\g074a005.fit
  1  0 2012 10 27  3 35 26      0 2015.21432 1754.31852    0.09339    0.08847       21.9   0   1    6 0 1 0 0 1  1.40000   1.534670645664540e-001   1.062785392313544e+000   1.537072475635888e+001   2.026672626766018e+003   4.605517294135574e-002  0.00177   1.765833458884401e-003   3.481112369314125e-002   1.639308351138102e-001   5.653849526842716e+000   6.876286472176314e-002 2015.000 1753.000   10.000     0 C:\Users\akhodyre\Studies\hip\20121026\g074a005.fit
  1  0 2012 10 27  3 35 26      0 2297.20533  788.35586    0.02874    0.02787       30.0   0   1    7 0 1 0 0 1  1.40000   1.676569765632429e-001   1.025346807542280e+000   3.195427091876499e+001   2.009619419375154e+003   2.130577831304393e-002  0.00063   6.284033378105936e-004   1.093235254918265e-002   1.142938521279656e-001   7.330504579646195e+000   2.162085592030506e-002 2298.000  788.000   10.000     0 C:\Users\akhodyre\Studies\hip\20121026\g074a005.fit
  1  0 2012 10 27  3 35 26      0 1939.49348 1030.18702    0.05714    0.05629       25.0   0   1    8 0 1 0 0 1  1.40000   1.722123790982758e-001   1.020608271538449e+000   2.061671823526004e+001   2.026458236383856e+003   5.601935219834521e-002  0.00132   1.315909349416679e-003   2.216018280405175e-002   1.508278087757612e-001   5.567900101528152e+000   4.390173544710827e-002 1939.000 1029.000   10.000     0 C:\Users\akhodyre\Studies\hip\20121026\g074a005.fit
  1  0 2012 10 27  3 35 26      0  569.78246 1088.91091    0.09353    0.08990       20.8   0   1    9 0 1 0 0 1  1.40000   1.794245654950293e-001   1.037563745354948e+000   1.471654792715623e+001   2.043875757549133e+003  -1.075717571750284e-001  0.00229   2.290346060112195e-003   3.754635141448032e-002   1.834653053798549e-001   4.626735752087156e+000   7.454782547761857e-002  570.000 1089.000   10.000     0 C:\Users\akhodyre\Studies\hip\20121026\g074a005.fit
  1  0 2012 10 27  3 35 26      0  550.17654 1388.44250    0.03185    0.03103       25.8   0   1   10 0 1 0 0 1  1.40000   1.697998386145362e-001   1.018848640403030e+000   2.810942375029512e+001   2.026197229441378e+003  -4.445489791545274e-002  0.00071   7.113628799605688e-004   1.213446638503078e-002   1.128402852391879e-001   6.315341963657071e+000   2.401728485996818e-002  551.000 1389.000   10.000     0 C:\Users\akhodyre\Studies\hip\20121026\g074a005.fit
  1  0 2012 10 27  3 35 26      0  506.09226  449.25732    0.07188    0.07164       21.9   0   1   11 0 1 0 0 1  1.40000   1.588521410626343e-001   1.002329634728739e+000   1.721633152153586e+001   2.019256508832425e+003  -2.261930702027297e-002  0.00145   1.448228774885055e-003   2.601251301725418e-002   1.469851035685709e-001   6.240425381145697e+000   5.136593948192643e-002  506.000  449.000   10.000     0 C:\Users\akhodyre\Studies\hip\20121026\g074a005.fit
  1  0 2012 10 27  3 35 26      0  366.46969  504.03014    0.05394    0.05377       24.1   0   1   12 0 1 0 0 1  1.40000   1.747231893561759e-001   1.019559302411665e+000   2.086273316832031e+001   2.029835246411556e+003  -2.561978172974818e-002  0.00128   1.282952232330890e-003   2.127607840381401e-002   1.459054272937249e-001   4.837908127276105e+000   4.214421937545887e-002  366.000  502.000   10.000     0 C:\Users\akhodyre\Studies\hip\20121026\g074a005.fit
  1  0 2012 10 27  3 35 26      0  220.70345 1168.97722    0.08787    0.08601       21.9   0   1   13 0 1 0 0 1  1.40000   1.732871633209905e-001   1.016002700877433e+000   1.555829379296726e+001   2.034635364723438e+003   4.100291867075686e-002  0.00203   2.033342707549944e-003   3.388860815772901e-002   1.759637428954334e-001   5.201526843781791e+000   6.709695024707246e-002  220.000 1169.000   10.000     0 C:\Users\akhodyre\Studies\hip\20121026\g074a005.fit
  1  0 2012 10 27  3 35 26      0   31.95625 1511.00087    0.04384    0.04286       23.9   0   1   14 0 1 0 0 1  1.40000   1.687200483094720e-001   1.019352386568142e+000   2.301411200731292e+001   2.010651327065138e+003   1.351669334307987e-002  0.00097   9.710188006718944e-004   1.668818272400061e-002   1.269203757224501e-001   6.036422798466751e+000   3.300507285657357e-002   32.000 1511.000   10.000     0 C:\Users\akhodyre\Studies\hip\20121026\g074a005.fit
  1  0 2012 10 27  3 35 26      0  227.48328 2086.71663    0.04006    0.03906       27.0   0   1   15 0 1 0 0 1  1.40000   1.626766220185523e-001   1.014670208648158e+000   2.587094900244275e+001   2.014693276307277e+003   5.696925913528662e-002  0.00083   8.319512589399589e-004   1.475445371364348e-002   1.238733398548327e-001   6.541054274173153e+000   2.918511588737851e-002  229.000 2086.000   10.000     0 C:\Users\akhodyre\Studies\hip\20121026\g074a005.fit
