-0.0191629682237557 -0.013967398737152
0.0795217954274704 0.292863623692654
0.00881610460667879 -0.203308991169101
-0.145916720207129 -0.144775857416022
-0.0600777601550279 -0.0381624954697768
0.835724118707502 0.188088657953991
0.0600725354682901 0.0458992690331118
0.056340393128028 -0.247289711985093
-0.0580829926264811 0.3329351206681
-0.136300062949837 -0.184759716675019
0.220072209869526 -0.495971805678882
-0.396270534329833 0.0480582867856677
-0.185245677952253 0.291272299293671
0.0677680836178611 0.0357404315571928
0.202344761553563 0.464591928532625
