2319.1600425 1869.2368375 0.00930875 0.0090325
2462.95562875 2344.6650675 0.00937125 0.00915125
1640.6570725 2584.58553375 0.00869625 0.00851625
2678.80841875 2322.63843625 0.01492625 0.0143825
2608.6913 3009.80631125 0.01236125 0.01291
2014.629395 1755.1584675 0.09797875 0.0956875
2296.435255 789.07301 0.02922375 0.02834125
1938.96864375 1030.9343125 0.05947125 0.05784375
569.435325 1089.59277 0.1040875 0.10378875
549.71893 1389.074405 0.0348825 0.0341825
505.62846875 449.7982975 0.081095 0.07781125
365.85842125 504.74314 0.06318375 0.05844
220.165415 1169.7488375 0.09718875 0.09276375
31.22665125 1511.7375825 0.10622625 0.10370625
226.81231 2087.57967875 0.040845 0.0407775
