  1  0 2009  3  5 18 50 34      0 2302.80066 1705.21484    0.01233    0.01196      168.1   0   1    1 0 1 0 0 1  1.40000   3.318398718873158e-001   1.031128752721054e+000   1.135330848062800e+002   3.186546318395888e+003  -6.109849682219241e-002  0.00093   9.323171563352455e-004   8.194680836830823e-003   3.367004323828540e-001   1.697645575079488e+001   1.636561413311889e-002 2303.000 1705.000   10.000     0 C:\Studies\double_stars\hip\20090305\g074a004.fit
  1  0 2009  3  5 18 50 34      0 2445.99670 2181.47301    0.01133    0.01118      270.4   0   1    2 0 1 0 0 1  1.40000   3.318224532222825e-001   1.013797965769145e+000   1.495850395093463e+002   3.323163783689580e+003  -8.277606915781154e-002  0.00086   8.571269569770824e-004   7.401948679810995e-003   4.076364043675521e-001   2.745963468203230e+001   1.478768782461670e-002 2446.000 2181.000   10.000     0 C:\Studies\double_stars\hip\20090305\g074a004.fit
  1  0 2009  3  5 18 50 34      0 1623.09259 2419.20298    0.00948    0.00945      367.7   0   1    3 0 1 0 0 1  1.40000   3.359677428993856e-001   1.003752982224850e+000   1.902113284576762e+002   3.751207781932278e+003  -8.200688586610129e-002  0.00073   7.344875421616455e-004   6.202155327966786e-003   4.389380616096113e-001   3.719521170469615e+001   1.239213741386371e-002 1623.000 2419.000   10.000     0 C:\Studies\double_stars\hip\20090305\g074a004.fit
  1  0 2009  3  5 18 50 34      0 2661.68534 2159.25665    0.01744    0.01726       55.1   0   1    4 0 1 0 0 1  1.40000   3.298000268504507e-001   1.011616747913549e+000   5.438437704407839e+001   3.053064523437839e+003  -1.118850124938227e-001  0.00130   1.304318060401701e-003   1.129272320346229e-002   2.268475509371028e-001   5.641620839520346e+000   2.257769397669360e-002 2662.000 2159.000   10.000     0 C:\Studies\double_stars\hip\20090305\g074a004.fit
  1  0 2009  3  5 18 50 34      0 2590.56864 2846.70740    0.02194    0.02588       89.1   0   1    5 0 1 0 0 1  1.40000   2.742454215689557e-001   8.545577259222063e-001   5.914727240801584e+001   2.989818517970061e+003   1.907164488584371e-001  0.00117   1.171291109257849e-003   1.021625777188422e-002   2.608779769822995e-001   1.211002952238195e+001   2.049710373129161e-002 2590.000 2847.000   10.000     0 C:\Studies\double_stars\hip\20090305\g074a004.fit
  1  0 2009  3  5 18 50 34      0 1997.87959 1590.00616    0.18477    0.18210       37.1   0   1    6 0 1 0 0 1  1.40000   2.834897380073815e-001   1.024169232705376e+000   1.372609759370051e+001   3.010221678034355e+003  -2.838444629090885e-001  0.01036   1.035613987497464e-002   1.039371357604817e-001   5.238993258742142e-001   4.387776516324094e+000   2.096090991193092e-001 1998.000 1590.000   10.000     0 C:\Studies\double_stars\hip\20090305\g074a004.fit
  1  0 2009  3  5 18 50 34      0 2281.84136  624.77000    0.04096    0.03913       38.0   0   1    7 0 1 0 0 1  1.40000   3.337801784379842e-001   1.047192704283947e+000   2.972761663768171e+001   3.022848395335425e+003  -8.030770221533785e-002  0.00313   3.130448441990138e-003   2.776320339462215e-002   2.945121656528955e-001   3.800423140608042e+000   5.547030603158191e-002 2282.000  625.000   10.000     0 C:\Studies\double_stars\hip\20090305\g074a004.fit
  1  0 2009  3  5 18 50 34      0 1923.90236  865.98698    0.09135    0.08050       34.0   0   1    8 0 1 0 0 1  1.40000   3.033747953623041e-001   1.133649757277303e+000   1.920862882723426e+001   3.001634900969065e+003  -3.158024019268990e-003  0.00580   5.796651712421598e-003   6.134014086427086e-002   3.862631816391490e-001   3.533409632162445e+000   1.223855248570598e-001 1923.000  866.000   10.000     0 C:\Studies\double_stars\hip\20090305\g074a004.fit
  1  0 2009  3  5 18 50 34      0  554.01006  921.85959    0.17931    0.15882       36.0   0   1    9 0 1 0 0 1  1.40000   3.366226958118284e-001   1.128306238896589e+000   1.408832357406836e+001   3.016272240861244e+003  -6.681710796760812e-003  0.01391   1.390733779365272e-002   1.319617741178304e-001   6.154617135435729e-001   3.428614937718729e+000   2.634761722015128e-001  553.000  922.000   10.000     0 C:\Studies\double_stars\hip\20090305\g074a004.fit
  1  0 2009  3  5 18 50 34      0  533.66721 1221.86084    0.05376    0.04890       36.8   0   1   10 0 1 0 0 1  1.40000   3.164355962954283e-001   1.099968291622995e+000   2.586555827051902e+001   3.020831180342559e+003  -1.096233648377415e-001  0.00370   3.701799741839277e-003   3.634364657577346e-002   3.190375480063703e-001   3.758594897099152e+000   7.263445227310701e-002  533.000 1222.000   10.000     0 C:\Studies\double_stars\hip\20090305\g074a004.fit
  1  0 2009  3  5 18 50 34      0  491.29976  282.20874    0.12297    0.12534       34.5   0   1   11 0 1 0 0 1  1.40000   3.058260615976710e-001   9.889039019819914e-001   1.608142343908998e+001   2.976106962292418e+003  -2.477156525197605e-001  0.00797   7.973342894661678e-003   7.186463730805251e-002   4.398663455762386e-001   3.834169159466700e+000   1.446420975415228e-001  491.000  282.000   10.000     0 C:\Studies\double_stars\hip\20090305\g074a004.fit
  1  0 2009  3  5 18 50 34      0  351.40155  337.11266    0.09331    0.09878       36.8   0   1   12 0 1 0 0 1  1.40000   3.331316164252757e-001   9.462533649870636e-001   1.889212618002358e+001   2.980123213478662e+003  -1.071880187609626e-001  0.00713   7.133752619003666e-003   5.718940658181015e-002   4.262162092324583e-001   3.852609275236472e+000   1.143356478309294e-001  351.000  337.000   10.000     0 C:\Studies\double_stars\hip\20090305\g074a004.fit
  1  0 2009  3  5 18 50 34      0  204.10226 1001.69159    0.16993    0.16706       38.9   0   1   13 0 1 0 0 1  1.40000   3.258610362740886e-001   1.019839968345395e+000   1.466830268177953e+001   2.990867901819885e+003  -1.554440686767860e-001  0.01241   1.241199497005576e-002   1.093412368948009e-001   5.891430972001019e-001   4.028951294235523e+000   2.189498639384618e-001  204.000 1002.000   10.000     0 C:\Studies\double_stars\hip\20090305\g074a004.fit
  1  0 2009  3  5 18 50 34      0   14.82104 1343.35454    0.08285    0.08713       36.4   0   1   14 0 1 0 0 1  1.40000   3.232888556770698e-001   9.510868295879289e-001   1.998856521965688e+001   2.997058098282036e+003   1.771185771338155e-002  0.00598   5.979254747906257e-003   4.980671065631587e-002   3.888884743905476e-001   3.910453541425045e+000   9.938735085413127e-002   15.000 1343.000   10.000     0 C:\Studies\double_stars\hip\20090305\g074a004.fit
  1  0 2009  3  5 18 50 34      0  209.80642 1920.12857    0.06061    0.05579       35.9   0   1   15 0 1 0 0 1  1.40000   3.245905523952252e-001   1.090666127118420e+000   2.398507709256001e+001   2.990911102676437e+003  -2.037578671195214e-001  0.00439   4.385150346908559e-003   4.135024943160148e-002   3.420125848163836e-001   3.605895842940931e+000   8.294155173986335e-002  210.000 1920.000   10.000     0 C:\Studies\double_stars\hip\20090305\g074a004.fit
