  1  0 2009  3  5 18 49  7      0 2301.92031 1705.79466    0.01154    0.01061      154.2   0   1    1 0 1 0 0 1  1.40000   3.181728021902589e-001   1.086855462742291e+000   1.139156845567027e+002   3.159091472899417e+003  -4.693414434669255e-002  0.00080   8.028028163405884e-004   7.760905658885996e-003   3.031815210337853e-001   1.580600687856650e+001   1.549399242523426e-002 2302.000 1706.000   10.000     0 C:\Studies\double_stars\hip\20090305\g074a001.fit
  1  0 2009  3  5 18 49  7      0 2445.12693 2182.06457    0.01054    0.00964      242.3   0   1    2 0 1 0 0 1  1.40000   3.120208583220959e-001   1.093160249141045e+000   1.496040540451144e+002   3.276772154697449e+003  -4.747297278769206e-002  0.00071   7.065017053404936e-004   7.005464917170345e-003   3.569682113230446e-001   2.517401879965411e+001   1.398393961464864e-002 2445.000 2182.000   10.000     0 C:\Studies\double_stars\hip\20090305\g074a001.fit
  1  0 2009  3  5 18 49  7      0 1622.19180 2419.79143    0.00980    0.00934      380.4   0   1    3 0 1 0 0 1  1.40000   3.281535300991101e-001   1.048604661887005e+000   1.923578048705951e+002   3.742017302509415e+003  -6.515087963954643e-003  0.00072   7.246785051775955e-004   6.556037786434069e-003   4.484046932594349e-001   3.856907914351581e+001   1.308698199978051e-002 1622.000 2420.000   10.000     0 C:\Studies\double_stars\hip\20090305\g074a001.fit
  1  0 2009  3  5 18 49  7      0 2660.76508 2159.82839    0.01793    0.01630       54.4   0   1    6 0 1 0 0 1  1.40000   3.059031448755639e-001   1.099344292365068e+000   5.441040937257932e+001   3.023896778925117e+003  -4.007812734315324e-002  0.00116   1.156564476278118e-003   1.176610459371106e-002   2.165977514986564e-001   5.740115008004360e+000   2.348227536808376e-002 2661.000 2160.000   10.000     0 C:\Studies\double_stars\hip\20090305\g074a001.fit
  1  0 2009  3  5 18 49  7      0 2589.78487 2847.33236    0.02113    0.02401       84.2   0   1    7 0 1 0 0 1  1.40000   2.583284251717032e-001   8.912161379510312e-001   5.924962729519816e+001   2.942698086375178e+003   2.143618496807071e-001  0.00101   1.012189355704112e-003   9.758254105130655e-003   2.377456271458052e-001   1.160600714651431e+001   1.958896728358998e-002 2590.000 2846.000   10.000     0 C:\Studies\double_stars\hip\20090305\g074a001.fit
  1  0 2009  3  5 18 49  7      0 1997.68257 1590.94461    0.21949    0.17482       38.0   0   1    8 0 1 0 0 1  1.40000   2.872984957197645e-001   1.254692078399789e+000   1.344544453589361e+001   2.996202942721174e+003   1.218794620952028e-001  0.01253   1.253150901604130e-002   1.546636322686969e-001   6.154402604530931e-001   3.861702420646312e+000   3.088509528897385e-001 1999.000 1590.000   10.000     0 C:\Studies\double_stars\hip\20090305\g074a001.fit
  1  0 2009  3  5 18 49  7      0 2281.01523  625.37363    0.04352    0.03905       39.7   0   1    9 0 1 0 0 1  1.40000   3.151528402695710e-001   1.113850062646483e+000   2.994213735454169e+001   2.999525005808288e+003   2.433536081879893e-002  0.00297   2.971892035534880e-003   2.973837049660266e-002   2.977740714115253e-001   4.038415912663136e+000   5.935004080781667e-002 2281.000  625.000   10.000     0 C:\Studies\double_stars\hip\20090305\g074a001.fit
  1  0 2009  3  5 18 49  7      0 1923.11183  866.54120    0.09069    0.09823       38.2   0   1   10 0 1 0 0 1  1.40000   3.476078982223134e-001   9.235821676659285e-001   1.941149379108675e+001   2.983631317980782e+003   1.730394703081446e-002  0.00753   7.533727017779096e-003   5.666700130092533e-002   4.438043727538013e-001   3.876072074858491e+000   1.131170124369886e-001 1923.000  866.000   10.000     0 C:\Studies\double_stars\hip\20090305\g074a001.fit
  1  0 2009  3  5 18 49  7      0  553.25225  922.78293    0.16775    0.16748       36.8   0   1   11 0 1 0 0 1  1.40000   3.429237756961867e-001   1.030792202474793e+000   1.429967398390935e+001   2.989767755374606e+003  -4.876789029666961e-001  0.01354   1.354329776931620e-002   1.087666809669098e-001   5.962571030777772e-001   3.628661885563930e+000   2.240705625861520e-001  553.000  923.000   10.000     0 C:\Studies\double_stars\hip\20090305\g074a001.fit
  1  0 2009  3  5 18 49  7      0  532.89120 1222.32881    0.05430    0.04985       38.9   0   1   12 0 1 0 0 1  1.40000   3.338339181759673e-001   1.089692301594457e+000   2.637690635361735e+001   3.000750903173368e+003  -7.925294394407295e-002  0.00415   4.147335103856803e-003   3.827552792530490e-002   3.463512759804975e-001   3.805543338367981e+000   7.646365513392942e-002  533.000 1222.000   10.000     0 C:\Studies\double_stars\hip\20090305\g074a001.fit
  1  0 2009  3  5 18 49  7      0  490.25837  282.80457    0.13155    0.14328       38.9   0   1   13 0 1 0 0 1  1.40000   3.358516211502170e-001   9.224011122853341e-001   1.624208042811621e+001   2.964614749464636e+003  -1.638685894011519e-001  0.01024   1.024125081909459e-002   7.901480066671941e-002   5.211878604160138e-001   4.054856983056792e+000   1.583543931614959e-001  490.000  282.000   10.000     0 C:\Studies\double_stars\hip\20090305\g074a001.fit
  1  0 2009  3  5 18 49  7      0  350.43308  337.51878    0.10277    0.09764       36.9   0   1   14 0 1 0 0 1  1.40000   3.011170070838330e-001   1.053164278162691e+000   1.851741268067244e+001   2.962516294535802e+003  -1.039237009107985e-001  0.00644   6.443914336241814e-003   6.366962812094576e-002   4.163582937811113e-001   4.039675449116346e+000   1.272021823730012e-001  350.000  338.000   10.000     0 C:\Studies\double_stars\hip\20090305\g074a001.fit
  1  0 2009  3  5 18 49  7      0  203.13277 1002.28656    0.16184    0.14273       35.9   0   1   15 0 1 0 0 1  1.40000   3.122153864240195e-001   1.133102212880386e+000   1.482489717305167e+001   2.969890468742512e+003  -9.208383301424311e-003  0.01085   1.084805456548211e-002   1.114804884749433e-001   5.431828799647736e-001   3.652131684390302e+000   2.224684002306961e-001  203.000 1002.000   10.000     0 C:\Studies\double_stars\hip\20090305\g074a001.fit
  1  0 2009  3  5 18 49  7      0   14.13145 1344.12449    0.08014    0.07524       39.4   0   1   16 0 1 0 0 1  1.40000   3.562760592214547e-001   1.065158954036343e+000   2.173638312581174e+001   2.990353500445075e+003  -2.247543801161627e-002  0.00695   6.947157866153975e-003   5.877643931984437e-002   4.489282283402471e-001   3.699883391664219e+000   1.173967052170122e-001   14.000 1344.000   10.000     0 C:\Studies\double_stars\hip\20090305\g074a001.fit
  1  0 2009  3  5 18 49  7      0  208.81896 1920.94396    0.06185    0.06258       37.2   0   1   17 0 1 0 0 1  1.40000   3.307389845981530e-001   9.895464445790790e-001   2.360786553630753e+001   2.977021732037455e+003  -1.011402682842017e-001  0.00465   4.654135331610479e-003   3.932074281974369e-002   3.503115845674807e-001   3.852322106089410e+000   7.859831437033620e-002  209.000 1921.000   10.000     0 C:\Studies\double_stars\hip\20090305\g074a001.fit
