  1  0 2009  3  5 18 51 32      0 2302.38058 1704.97801    0.01022    0.00998      119.5   0   1    1 0 1 0 0 1  1.40000   2.913791584814565e-001   1.023739467831833e+000   1.050505152925398e+002   3.076620108407732e+003  -7.745534677197688e-002  0.00060   6.025350132887168e-004   5.987583763971064e-003   2.275610634619770e-001   1.374318851991275e+001   1.195114064844366e-002 2302.000 1705.000   10.000     0 C:\Studies\double_stars\hip\20090305\g074a006.fit
  1  0 2009  3  5 18 51 32      0 2445.60763 2181.15969    0.00933    0.00914      194.3   0   1    2 0 1 0 0 1  1.40000   2.961316650926599e-001   1.022083551261787e+000   1.400412674254741e+002   3.180955742200375e+003  -8.227767683561038e-002  0.00057   5.678310212613789e-004   5.541866170111642e-003   2.815596384377280e-001   2.194832937213171e+001   1.106382854166955e-002 2446.000 2181.000   10.000     0 C:\Studies\double_stars\hip\20090305\g074a006.fit
  1  0 2009  3  5 18 51 32      0 1622.72325 2418.85733    0.00875    0.00866      297.9   0   1    3 0 1 0 0 1  1.40000   3.013176603607698e-001   1.011153508730913e+000   1.786088692819936e+002   3.518962193670820e+003  -8.223481305729653e-002  0.00055   5.501954810275590e-004   5.220280534558502e-003   3.423146198631048e-001   3.335349631525561e+001   1.042358598746182e-002 1623.000 2419.000   10.000     0 C:\Studies\double_stars\hip\20090305\g074a006.fit
  1  0 2009  3  5 18 51 32      0 2661.21007 2158.94063    0.01718    0.01658       47.4   0   1    4 0 1 0 0 1  1.40000   2.920798690239256e-001   1.036011818589597e+000   5.118420694727750e+001   3.028549537635183e+003  -5.864608302471902e-002  0.00102   1.017280296637580e-003   1.021180977445552e-002   1.868699331966816e-001   5.412329074628753e+000   2.037657100987695e-002 2661.000 2159.000   10.000     0 C:\Studies\double_stars\hip\20090305\g074a006.fit
  1  0 2009  3  5 18 51 32      0 2590.21470 2846.28589    0.01930    0.02207       71.0   0   1    5 0 1 0 0 1  1.40000   2.486263642116905e-001   8.819358515890162e-001   5.681060540253754e+001   2.961355660660593e+003   1.981853022857656e-001  0.00086   8.585190717183632e-004   8.526721465680412e-003   2.006103175194302e-001   1.078929571208503e+001   1.710058569427183e-002 2590.000 2847.000   10.000     0 C:\Studies\double_stars\hip\20090305\g074a006.fit
  1  0 2009  3  5 18 51 32      0 1998.45011 1589.81522    0.25131    0.19612       37.8   0   1    6 0 1 0 0 1  1.40000   2.200029859555578e-001   1.274789975454304e+000   1.263532829870731e+001   3.006363153567705e+003  -2.602163924888264e-002  0.00865   8.648585624394651e-003   1.421997841261241e-001   5.109544740611162e-001   5.173702267289182e+000   2.827944048879162e-001 1999.000 1590.000   10.000     0 C:\Studies\double_stars\hip\20090305\g074a006.fit
  1  0 2009  3  5 18 51 32      0 2281.54191  624.46335    0.04717    0.04417       37.3   0   1    7 0 1 0 0 1  1.40000   2.870077326680880e-001   1.068493474775912e+000   2.761160999289818e+001   3.013131726667982e+003  -1.048236357962619e-001  0.00270   2.699909392974574e-003   2.840335237627326e-002   2.720079910205248e-001   4.226345636166572e+000   5.671734203225968e-002 2281.000  624.000   10.000     0 C:\Studies\double_stars\hip\20090305\g074a006.fit
  1  0 2009  3  5 18 51 32      0 1923.70898  865.72911    0.11435    0.11161       39.2   0   1    8 0 1 0 0 1  1.40000   2.919406609982571e-001   1.024034913867161e+000   1.798123695177736e+001   3.000768860436665e+003   5.591484146766834e-003  0.00677   6.767199802560987e-003   6.723225180394629e-002   4.367749052699797e-001   4.503281159444632e+000   1.340927435259620e-001 1924.000  866.000   10.000     0 C:\Studies\double_stars\hip\20090305\g074a006.fit
  1  0 2009  3  5 18 51 32      0  553.70156  922.03531    0.24159    0.24328       39.3   0   1    9 0 1 0 0 1  1.40000   2.665240896125857e-001   9.948578285768581e-001   1.231885900944890e+001   3.006692847887419e+003   9.824504318652275e-002  0.01211   1.210551751436301e-002   1.277445584657582e-001   5.798312024767688e-001   4.932591399917991e+000   2.548819548492446e-001  553.000  921.000   10.000     0 C:\Studies\double_stars\hip\20090305\g074a006.fit
  1  0 2009  3  5 18 51 32      0  533.45069 1221.56305    0.05943    0.05603       37.6   0   1   10 0 1 0 0 1  1.40000   3.123762329109179e-001   1.060729907078755e+000   2.464722416906243e+001   3.022629606005608e+003  -7.504855791286397e-002  0.00400   3.996393911439924e-003   3.837821627183703e-002   3.320537093565057e-001   3.962883535675287e+000   7.663925422109068e-002  534.000 1222.000   10.000     0 C:\Studies\double_stars\hip\20090305\g074a006.fit
  1  0 2009  3  5 18 51 32      0  490.82759  281.88574    0.13380    0.12900       35.7   0   1   11 0 1 0 0 1  1.40000   3.273468109854815e-001   1.042563163908361e+000   1.590004569664061e+001   2.978278989707875e+003   2.167395585465457e-001  0.00985   9.853703074268394e-003   8.788465997677304e-002   5.049396904508612e-001   3.635950832089916e+000   1.764850489282705e-001  491.000  282.000   10.000     0 C:\Studies\double_stars\hip\20090305\g074a006.fit
  1  0 2009  3  5 18 51 32      0  351.00405  336.56906    0.09460    0.10308       36.1   0   1   12 0 1 0 0 1  1.40000   3.546518315721199e-001   9.197988357796350e-001   1.844287786968178e+001   2.984370278542232e+003  -1.137448618989381e-001  0.00817   8.171341946977061e-003   5.976587127315360e-002   4.485725147417154e-001   3.603048000324945e+000   1.195567278284493e-001  351.000  336.000   10.000     0 C:\Studies\double_stars\hip\20090305\g074a006.fit
  1  0 2009  3  5 18 51 32      0  204.48013 1001.59839    0.14872    0.15976       34.7   0   1   13 0 1 0 0 1  1.40000   3.713695622694748e-001   9.669260746313065e-001   1.446802133987787e+001   2.990128979774354e+003   5.206302414011604e-001  0.01406   1.405823405361930e-002   9.608147183691375e-002   5.789360789339141e-001   3.271201178093976e+000   1.996702706840779e-001  205.000 1001.000   10.000     0 C:\Studies\double_stars\hip\20090305\g074a006.fit
  1  0 2009  3  5 18 51 32      0   14.62296 1343.19058    0.09210    0.08546       37.7   0   1   14 0 1 0 0 1  1.40000   2.955462086291270e-001   1.078128795656027e+000   1.990616626492378e+001   2.994188140208649e+003  -1.017421145523425e-001  0.00557   5.568200314890747e-003   5.740078854664048e-002   3.937825484512412e-001   4.148282246582698e+000   1.146451662201513e-001   15.000 1343.000   10.000     0 C:\Studies\double_stars\hip\20090305\g074a006.fit
  1  0 2009  3  5 18 51 32      0  209.55213 1919.83687    0.06629    0.06462       36.2   0   1   15 0 1 0 0 1  1.40000   3.071359623281317e-001   1.025740527408346e+000   2.269180616588497e+001   2.982723476827811e+003  -5.836079084467475e-002  0.00432   4.321931482016332e-003   4.084184353684765e-002   3.356380983083000e-001   3.936295771851894e+000   8.152308709238611e-002  209.000 1920.000   10.000     0 C:\Studies\double_stars\hip\20090305\g074a006.fit
