  1  0 2009  3  5 18 49 36      0 2301.80785 1706.18616    0.01404    0.01368      180.8   0   1    1 0 1 0 0 1  1.40000   3.071485313663958e-001   1.028719030220772e+000   1.102275474703413e+002   3.111757909214129e+003  -1.474499823364840e-001  0.00092   9.157039364126659e-004   8.640392695458717e-003   3.454158063499880e-001   1.964122628756768e+001   1.728902701253635e-002 2302.000 1706.000   10.000     0 C:\Studies\double_stars\hip\20090305\g074a002.fit
  1  0 2009  3  5 18 49 36      0 2445.03585 2182.38913    0.01260    0.01230      282.4   0   1    2 0 1 0 0 1  1.40000   3.064866568331599e-001   1.027059160079159e+000   1.453890684623821e+002   3.216293510290024e+003  -1.383602111376292e-001  0.00082   8.186147264683378e-004   7.733337006827962e-003   4.080507033941564e-001   3.071406997160539e+001   1.546787766256498e-002 2445.000 2182.000   10.000     0 C:\Studies\double_stars\hip\20090305\g074a002.fit
  1  0 2009  3  5 18 49 36      0 1622.12247 2420.08648    0.01246    0.01219      441.5   0   1    3 0 1 0 0 1  1.40000   3.029849012096273e-001   1.023785450690558e+000   1.827217458840284e+002   3.544904216111665e+003  -1.216587841048371e-001  0.00079   7.914854647927097e-004   7.547167757197525e-003   5.012968631331285e-001   4.879679988796203e+001   1.508647183733350e-002 1622.000 2420.000   10.000     0 C:\Studies\double_stars\hip\20090305\g074a002.fit
  1  0 2009  3  5 18 49 36      0 2660.68088 2160.18708    0.01760    0.01703       52.0   0   1    4 0 1 0 0 1  1.40000   3.014565409223454e-001   1.034621540679016e+000   5.288005066832389e+001   3.014132007506151e+003  -1.240117988529753e-001  0.00111   1.107439053332319e-003   1.072548389303703e-002   2.039226175427545e-001   5.709922014900083e+000   2.143877072184823e-002 2660.000 2160.000   10.000     0 C:\Studies\double_stars\hip\20090305\g074a002.fit
  1  0 2009  3  5 18 49 36      0 2589.61536 2847.62277    0.01917    0.02201       74.4   0   1    5 0 1 0 0 1  1.40000   2.558092557785956e-001   8.774339613035311e-001   5.826947527603879e+001   2.951316774329933e+003   1.616880253434796e-001  0.00090   8.999225835183534e-004   8.678885028648047e-003   2.100887945803742e-001   1.075226694338163e+001   1.735785324808220e-002 2590.000 2847.000   10.000     0 C:\Studies\double_stars\hip\20090305\g074a002.fit
  1  0 2009  3  5 18 49 36      0 1997.48213 1591.28146    0.18157    0.17493       35.7   0   1    6 0 1 0 0 1  1.40000   2.990138720373249e-001   1.069487837398901e+000   1.368328318837281e+001   2.990402903284367e+003  -5.155572122999009e-001  0.01132   1.131601446668480e-002   1.079509879101752e-001   5.405893276272800e-001   3.767482074263727e+000   2.225815357460226e-001 1996.000 1590.000   10.000     0 C:\Studies\double_stars\hip\20090305\g074a002.fit
  1  0 2009  3  5 18 49 36      0 2280.86715  625.70604    0.04389    0.04205       39.4   0   1    7 0 1 0 0 1  1.40000   3.067016386843616e-001   1.047596967744316e+000   2.923354285491963e+001   2.996225098522268e+003  -1.809169295408463e-001  0.00285   2.854740267231917e-003   2.740629190990885e-002   2.859438582682776e-001   4.217507786584901e+000   5.490814394735424e-002 2281.000  625.000   10.000     0 C:\Studies\double_stars\hip\20090305\g074a002.fit
  1  0 2009  3  5 18 49 36      0 1922.86438  866.98573    0.09384    0.09018       36.7   0   1    8 0 1 0 0 1  1.40000   3.468148590391044e-001   1.040644153028946e+000   1.925809870665715e+001   2.987738141806724e+003  -4.975749076793120e-002  0.00772   7.724024464240233e-003   6.556734155476747e-002   4.537011696017068e-001   3.554341540439478e+000   1.309690890363382e-001 1923.000  867.000   10.000     0 C:\Studies\double_stars\hip\20090305\g074a002.fit
  1  0 2009  3  5 18 49 36      0  553.06067  923.60466    0.21434    0.19546       36.7   0   1    9 0 1 0 0 1  1.40000   2.521352720239242e-001   1.116876213732838e+000   1.294706105703073e+001   2.982045882642028e+003   4.496603109048440e-001  0.00961   9.612089171446151e-003   1.157469337203706e-001   5.110163861184228e-001   4.644227047799921e+000   2.366000221036847e-001  554.000  924.000   10.000     0 C:\Studies\double_stars\hip\20090305\g074a002.fit
  1  0 2009  3  5 18 49 36      0  532.74965 1222.85197    0.06260    0.06184       41.0   0   1   10 0 1 0 0 1  1.40000   2.854155581540527e-001   1.015065508456170e+000   2.479757478485800e+001   2.985631583627681e+003  -1.410382307697047e-001  0.00356   3.558825527568392e-003   3.568004642677344e-002   3.229258721162754e-001   4.774496142651204e+000   7.133675641879118e-002  533.000 1222.000   10.000     0 C:\Studies\double_stars\hip\20090305\g074a002.fit
  1  0 2009  3  5 18 49 36      0  490.30710  283.01329    0.17875    0.15723       39.8   0   1   11 0 1 0 0 1  1.40000   2.410683198241259e-001   1.134014003679144e+000   1.490976934026617e+001   2.949626613646984e+003  -4.745853857075829e-002  0.00735   7.345759689401863e-003   9.791800521121251e-002   4.695978115161181e-001   5.276265827396460e+000   1.950475541763977e-001  491.000  284.000   10.000     0 C:\Studies\double_stars\hip\20090305\g074a002.fit
  1  0 2009  3  5 18 49 36      0  350.31693  338.02496    0.09205    0.10060       37.5   0   1   12 0 1 0 0 1  1.40000   3.326129784011826e-001   9.165412633597894e-001   1.904953576171929e+001   2.957789804560909e+003  -9.505224919347416e-002  0.00703   7.026318622746098e-003   5.467544230059344e-002   4.235801944572202e-001   3.994109379433729e+000   1.092679055798017e-001  350.000  338.000   10.000     0 C:\Studies\double_stars\hip\20090305\g074a002.fit
  1  0 2009  3  5 18 49 36      0  203.25033 1002.71501    0.17818    0.18136       35.0   0   1   13 0 1 0 0 1  1.40000   2.817336263366919e-001   9.823314819926622e-001   1.348317004315318e+001   2.965181400870510e+003  -1.782420937566732e-002  0.00990   9.895542765854526e-003   9.773032138323599e-002   4.935986050682399e-001   4.216014452980531e+000   1.948768849162632e-001  204.000 1004.000   10.000     0 C:\Studies\double_stars\hip\20090305\g074a002.fit
  1  0 2009  3  5 18 49 36      0   13.80964 1344.28477    0.08878    0.08364       37.5   0   1   14 0 1 0 0 1  1.40000   3.209636623904680e-001   1.062112751066207e+000   2.013850709745143e+001   2.986185820988788e+003  -9.320679072344903e-002  0.00629   6.290215182506723e-003   5.882298588010610e-002   4.161768883060709e-001   3.847521713602681e+000   1.175239556922324e-001   14.000 1344.000   10.000     0 C:\Studies\double_stars\hip\20090305\g074a002.fit
  1  0 2009  3  5 18 49 36      0  208.81043 1921.18997    0.07438    0.07065       39.8   0   1   15 0 1 0 0 1  1.40000   2.931504328772225e-001   1.052242386100613e+000   2.261162987930026e+001   2.973277161992512e+003   4.882411082406911e-002  0.00443   4.434329271029144e-003   4.505873543413009e-002   3.585487736320511e-001   4.443252672260591e+000   8.989460443015773e-002  208.000 1921.000   10.000     0 C:\Studies\double_stars\hip\20090305\g074a002.fit
