0.0121377821171293 0.0253294005882197
-0.0230503329093211 -0.106385356172298
-0.0219353637225596 0.102362607956753
0.0333729964115967 0.0367794092179912
-0.0513155600283464 -0.112389877589957
0.896531127210696 0.506251276340194
0.00978648258334114 0.158689089314196
-0.0402453368959414 -0.0595756056095549
-0.112937041749146 0.361801381325619
-0.103273589548974 -0.295476763161021
0.233050826957831 -0.447035498843953
-0.457739960424767 -0.10547271309068
0.0631773944984982 0.195375809998702
0.171743849265618 0.0437546964294202
0.152149782168138 0.0313678361541972
