2302.513985 1705.1607375 0.01249 0.0118625
2445.713125 2181.385605 0.01171875 0.0111925
1622.79017375 2419.11619 0.01104 0.01065625
2661.36410375 2159.17536875 0.01847 0.017595
2590.30483875 2846.5992225 0.02041 0.0233
1998.07348 1590.21501375 0.1938775 0.17774625
2281.59224 624.67602625 0.04545625 0.0426525
1923.711755 865.84309875 0.10577875 0.1008125
553.7603175 922.1227875 0.20340125 0.19927
533.47329625 1221.7641525 0.05971875 0.05562875
490.89483875 282.0679325 0.14567 0.1445075
351.08248625 336.96565625 0.099035 0.1016625
203.98683375 1001.7686325 0.17978 0.17062875
14.6071525 1343.3668825 0.08838 0.08382625
209.46689125 1920.12377875 0.06785 0.06543
