  1  0 2011  2 15 20  9 59      0 2160.79656 1795.83762    0.00911    0.00917      182.4   0   1    1 0 1 0 0 1  1.40000   2.035392147959340e-001   9.931506306533892e-001   1.372372691963404e+002   2.286821686690822e+003  -2.875698853640752e-002  0.00028   2.792783774106213e-004   3.867991339686159e-003   1.883913071321639e-001   3.423718889254683e+001   7.679948700460469e-003 2161.000 1796.000   10.000     0 C:\Users\akhodyre\Studies\hip\20110215\g074a004.fit
  1  0 2011  2 15 20  9 59      0 2304.54672 2271.50459    0.00858    0.00874      298.7   0   1    2 0 1 0 0 1  1.40000   2.027870720727385e-001   9.825468307750817e-001   1.806641979467015e+002   2.156204960879747e+003  -1.992297418771519e-002  0.00026   2.620721737903107e-004   3.605066009129456e-003   2.327459849221316e-001   5.562888445135886e+001   7.155771119535880e-003 2305.000 2271.000   10.000     0 C:\Users\akhodyre\Studies\hip\20110215\g074a004.fit
  1  0 2011  2 15 20  9 59      0 1482.21477 2510.78833    0.00897    0.00910      487.5   0   1    3 0 1 0 0 1  1.40000   2.043211613160173e-001   9.852091728805061e-001   2.257078965199602e+002   2.758699103263748e+003  -2.851535709959930e-002  0.00028   2.770485644078168e-004   3.791784381703658e-003   3.061931825603235e-001   9.161930208917286e+001   7.528732739985935e-003 1482.000 2511.000   10.000     0 C:\Users\akhodyre\Studies\hip\20110215\g074a004.fit
  1  0 2011  2 15 20  9 59      0 2520.23925 2249.27159    0.01315    0.01332       58.8   0   1    4 0 1 0 0 1  1.40000   2.009169277137273e-001   9.872016787788838e-001   6.484496249850784e+001   2.319494967997158e+003  -5.827599764209165e-003  0.00039   3.944122401342832e-004   5.502822270212112e-003   1.268489365043400e-001   1.121519414079287e+001   1.092016649251158e-002 2520.000 2249.000   10.000     0 C:\Users\akhodyre\Studies\hip\20110215\g074a004.fit
  1  0 2011  2 15 20  9 59      0 2450.08824 2936.49442    0.01182    0.01324       76.7   0   1    5 0 1 0 0 1  1.40000   1.866083924518834e-001   9.017808279493483e-001   7.664461450337188e+001   2.235429267649606e+003   1.157905217923063e-001  0.00032   3.181248786366046e-004   4.352981518577696e-003   1.263454499973868e-001   1.765199477400690e+001   8.647251475100053e-003 2450.000 2936.000   10.000     0 C:\Users\akhodyre\Studies\hip\20110215\g074a004.fit
  1  0 2011  2 15 20  9 59      0 1856.27737 1681.62365    0.09273    0.09748       30.0   0   1    6 0 1 0 0 1  1.40000   2.001142900783328e-001   9.506355093133573e-001   1.732806314045258e+001   2.323317701257337e+003  -6.117034898122944e-002  0.00278   2.780479455174037e-003   3.747477549700301e-002   2.375070870752380e-001   5.610139286996956e+000   7.438086282447637e-002 1855.000 1681.000   10.000     0 C:\Users\akhodyre\Studies\hip\20110215\g074a004.fit
  1  0 2011  2 15 20  9 59      0 2138.24511  715.77661    0.02656    0.02666       34.7   0   1    7 0 1 0 0 1  1.40000   1.999066057117627e-001   9.906797929220260e-001   3.514814784881209e+001   2.327762340066886e+003  -3.838752519079650e-002  0.00079   7.881227665472867e-004   1.108627651281880e-002   1.376144715408356e-001   6.451236832275443e+000   2.200692238251166e-002 2137.000  716.000   10.000     0 C:\Users\akhodyre\Studies\hip\20110215\g074a004.fit
  1  0 2011  2 15 20  9 59      0 1780.91920  957.39565    0.05540    0.05696       29.8   0   1    8 0 1 0 0 1  1.40000   2.013711739265766e-001   9.704418343606430e-001   2.244775830740602e+001   2.325603904653026e+003  -8.529447945656738e-003  0.00167   1.672504584268185e-003   2.288746325559323e-002   1.849999223231119e-001   5.554201645492550e+000   4.542073289323605e-002 1782.000  957.000   10.000     0 C:\Users\akhodyre\Studies\hip\20110215\g074a004.fit
  1  0 2011  2 15 20  9 59      0  411.21157 1015.47785    0.09888    0.09829       27.6   0   1    9 0 1 0 0 1  1.40000   2.095292438919005e-001   1.011963374299159e+000   1.629286015713391e+001   2.332893209290189e+003  -7.991095459247091e-002  0.00320   3.203915528208311e-003   4.385196810012974e-002   2.493965573826007e-001   4.544083828648266e+000   8.717929152928142e-002  411.000 1014.000   10.000     0 C:\Users\akhodyre\Studies\hip\20110215\g074a004.fit
  1  0 2011  2 15 20  9 59      0  391.05094 1315.17555    0.09815    0.10482      102.6   0   1   10 0 1 0 0 1  1.40000   2.388458898992769e-001   9.374227358105534e-001   3.079448188183388e+001   2.348326150503758e+003  -2.864726220554220e-002  0.00403   4.029987787331005e-003   4.484594212620264e-002   5.311189435649066e-001   1.580464394177568e+001   8.922399391967083e-002  391.000 1315.000   10.000     0 C:\Users\akhodyre\Studies\hip\20110215\g074a004.fit
  1  0 2011  2 15 20  9 59      0  347.77152  375.75599    0.07239    0.07252       27.7   0   1   11 0 1 0 0 1  1.40000   2.029637983719227e-001   9.984999085452174e-001   1.901372656409006e+001   2.314162058166599e+003  -4.260591310922016e-002  0.00221   2.208609125653164e-003   3.082798919483379e-002   2.066877446184443e-001   5.109296295780589e+000   6.123977640610935e-002  348.000  377.000   10.000     0 C:\Users\akhodyre\Studies\hip\20110215\g074a004.fit
  1  0 2011  2 15 20  9 59      0  207.85713  430.77817    0.05365    0.05257       28.9   0   1   12 0 1 0 0 1  1.40000   1.953156962995721e-001   1.016342996510691e+000   2.269100267414434e+001   2.312894830304368e+003  -6.684800101014884e-002  0.00152   1.523823366127855e-003   2.249517354480252e-002   1.757233848608892e-001   5.570875231392187e+000   4.466614153784434e-002  207.000  431.000   10.000     0 C:\Users\akhodyre\Studies\hip\20110215\g074a004.fit
  1  0 2011  2 15 20  9 59      0   61.71365 1095.76918    0.08579    0.08176       26.1   0   1   13 0 1 0 0 1  1.40000   1.966454050251517e-001   1.048544328516620e+000   1.717193744008832e+001   2.317484970558213e+003  -1.540832052929246e-001  0.00246   2.457901208689177e-003   3.701505785620635e-002   2.142238789385892e-001   4.936461317181054e+000   7.377406806825824e-002   62.000 1096.000   10.000     0 C:\Users\akhodyre\Studies\hip\20110215\g074a004.fit
  1  0 2011  2 15 20  9 59      0   68.41962 2013.69124    0.03779    0.03750       31.7   0   1   14 0 1 0 0 1  1.40000   2.005780539640878e-001   1.008617627363138e+000   2.825452209016008e+001   2.323560349578552e+003   6.283214556968200e-002  0.00113   1.128820724996539e-003   1.610230781704725e-002   1.584489071349303e-001   5.833105022712426e+000   3.198356342462329e-002   68.000 2013.000   10.000     0 C:\Users\akhodyre\Studies\hip\20110215\g074a004.fit
