  1  0 2011  2 15 20 10 27      0 2161.25668 1794.76979    0.01188    0.01187      228.6   0   1    1 0 1 0 0 1  1.40000   1.999839428516373e-001   9.995022415791958e-001   1.348700452872034e+002   2.315197274012081e+003  -1.232061168266639e-002  0.00035   3.526943832372282e-004   5.005005675200370e-003   2.372785970774810e-001   4.390472025077303e+001   9.933546339858417e-003 2161.000 1795.000   10.000     0 C:\Users\akhodyre\Studies\hip\20110215\g074a005.fit
  1  0 2011  2 15 20 10 27      0 2305.05640 2270.47133    0.01032    0.01044      349.5   0   1    2 0 1 0 0 1  1.40000   2.022853783527665e-001   9.891712648076255e-001   1.784284148932221e+002   2.309345861719333e+003  -1.372825949202082e-002  0.00031   3.134725384314254e-004   4.352219217290529e-003   2.758370351702201e-001   6.542010745854712e+001   8.638008090117425e-003 2305.000 2270.000   10.000     0 C:\Users\akhodyre\Studies\hip\20110215\g074a005.fit
  1  0 2011  2 15 20 10 27      0 1482.73607 2509.74670    0.01094    0.01112      580.7   0   1    3 0 1 0 0 1  1.40000   2.038199633033433e-001   9.824955215062998e-001   2.229502545737837e+002   2.911208959159502e+003  -2.672882567839908e-002  0.00034   3.364950851720910e-004   4.604223770206662e-003   3.679666823848770e-001   1.097557542657415e+002   9.141333610856560e-003 1483.000 2510.000   10.000     0 C:\Users\akhodyre\Studies\hip\20110215\g074a005.fit
  1  0 2011  2 15 20 10 27      0 2520.73000 2248.24476    0.01355    0.01377       59.4   0   1    4 0 1 0 0 1  1.40000   1.999685024529436e-001   9.838954042428645e-001   6.417216637582162e+001   2.322775278565825e+003  -5.864228527186659e-003  0.00040   4.032409748316047e-004   5.634036596330915e-003   1.287853221579430e-001   1.145360149903292e+001   1.117950115815402e-002 2521.000 2248.000   10.000     0 C:\Users\akhodyre\Studies\hip\20110215\g074a005.fit
  1  0 2011  2 15 20 10 27      0 2450.57650 2935.45232    0.01254    0.01381       78.7   0   1    5 0 1 0 0 1  1.40000   1.840558954964930e-001   9.149121317657778e-001   7.574377431911074e+001   2.247777787856864e+003   1.134697498973590e-001  0.00033   3.284602962974877e-004   4.624487969346614e-003   1.304430882114675e-001   1.828815206923958e+001   9.180105721661039e-003 2451.000 2935.000   10.000     0 C:\Users\akhodyre\Studies\hip\20110215\g074a005.fit
  1  0 2011  2 15 20 10 27      0 1856.85793 1680.56432    0.08297    0.08663       26.6   0   1    6 0 1 0 0 1  1.40000   2.243011929024837e-001   9.570902779362860e-001   1.720208291802270e+001   2.335921906313396e+003  -2.651651577136741e-002  0.00304   3.040009915495538e-003   3.679778562547457e-002   2.356509855663179e-001   4.245613370921886e+000   7.315622231539475e-002 1858.000 1680.000   10.000     0 C:\Users\akhodyre\Studies\hip\20110215\g074a005.fit
  1  0 2011  2 15 20 10 27      0 2138.79537  714.72474    0.02759    0.02733       34.4   0   1    7 0 1 0 0 1  1.40000   1.957491510623227e-001   1.010824306014339e+000   3.448886743270265e+001   2.325564684078879e+003  -2.125875229218547e-002  0.00079   7.898082596372265e-004   1.158217252554636e-002   1.380154527162992e-001   6.573476236243028e+000   2.297798227394434e-002 2139.000  714.000   10.000     0 C:\Users\akhodyre\Studies\hip\20110215\g074a005.fit
  1  0 2011  2 15 20 10 27      0 1781.29388  956.41623    0.05789    0.05683       29.3   0   1    8 0 1 0 0 1  1.40000   1.955862242224679e-001   1.013208026223879e+000   2.202540731271985e+001   2.323744479414876e+003  -5.079527157000825e-002  0.00165   1.650247942911755e-003   2.426571425491101e-002   1.838033658277208e-001   5.439774118624828e+000   4.815480194629631e-002 1780.000  956.000   10.000     0 C:\Users\akhodyre\Studies\hip\20110215\g074a005.fit
  1  0 2011  2 15 20 10 27      0  411.99429 1014.46229    0.11891    0.11848       30.2   0   1    9 0 1 0 0 1  1.40000   1.958054931825553e-001   1.001878993881801e+000   1.551803399985852e+001   2.329689687176721e+003   6.130612791823392e-004  0.00340   3.400902653504825e-003   4.941782844958285e-002   2.677918758325710e-001   6.001322958861294e+000   9.805009023952283e-002  412.000 1015.000   10.000     0 C:\Users\akhodyre\Studies\hip\20110215\g074a005.fit
  1  0 2011  2 15 20 10 27      0  391.36796 1314.06076    0.10564    0.11522      109.4   0   1   10 0 1 0 0 1  1.40000   2.551898243460926e-001   9.173653514894753e-001   3.046873763123153e+001   2.366479970763780e+003  -1.027976446309239e-002  0.00490   4.903640593094200e-003   4.997426713261981e-002   6.025318545306110e-001   1.557082165784300e+001   9.948648939186969e-002  392.000 1314.000   10.000     0 C:\Users\akhodyre\Studies\hip\20110215\g074a005.fit
  1  0 2011  2 15 20 10 27      0  348.20464  374.80830    0.07759    0.08123       27.5   0   1   11 0 1 0 0 1  1.40000   1.977074039744281e-001   9.564722787373380e-001   1.810569040562123e+001   2.314895916946724e+003   9.404596178034815e-002  0.00227   2.273424638593595e-003   3.116125067921280e-002   2.061832763478710e-001   5.572580801858277e+000   6.192719898681558e-002  348.000  375.000   10.000     0 C:\Users\akhodyre\Studies\hip\20110215\g074a005.fit
  1  0 2011  2 15 20 10 27      0  208.37644  429.83473    0.05586    0.05724       29.8   0   1   12 0 1 0 0 1  1.40000   1.913100400816663e-001   9.793442426898166e-001   2.241703148506864e+001   2.307782979295831e+003  -2.969697030134851e-002  0.00155   1.545205592771358e-003   2.246727427773977e-002   1.778550831554478e-001   6.008276275942965e+000   4.454623029841982e-002  208.000  429.000   10.000     0 C:\Users\akhodyre\Studies\hip\20110215\g074a005.fit
  1  0 2011  2 15 20 10 27      0   62.34410 1094.59510    0.08894    0.09176       28.1   0   1   13 0 1 0 0 1  1.40000   1.972397516103670e-001   9.639492028147315e-001   1.722625342426498e+001   2.311778089377358e+003  -5.475864632475543e-002  0.00259   2.592935087342483e-003   3.596260465350760e-002   2.224271135851353e-001   5.159890278973063e+000   7.142179599417876e-002   64.000 1094.000   10.000     0 C:\Users\akhodyre\Studies\hip\20110215\g074a005.fit
  1  0 2011  2 15 20 10 27      0   68.92818 2012.63289    0.04100    0.04064       32.4   0   1   14 0 1 0 0 1  1.40000   1.929262910979068e-001   1.007192213246096e+000   2.740683840409982e+001   2.322971190051008e+003   6.090536980109445e-002  0.00114   1.142119245829856e-003   1.692009952723581e-002   1.607625498525710e-001   6.561892249183213e+000   3.358563782139164e-002   69.000 2013.000   10.000     0 C:\Users\akhodyre\Studies\hip\20110215\g074a005.fit
