-0.0281195692129628 0.0246044501930921
0.0172603506009102 0.105324312200723
-0.0319310270649396 -0.0724568654303406
-0.0597221189295077 -0.0564580939734731
-0.0309478986312632 -0.0614827628931962
0.817269440973544 0.255894554633576
0.0872209399228528 0.0792904900597523
0.0243257888190511 -0.234313721364952
-0.192642386360093 0.349916381946285
0.451511646968291 -0.252528331321735
0.0991955137989399 -0.445225558378763
-0.467585234799086 -0.0694738717358573
-0.0988144974627996 0.266040595525645
0.188851571122725 0.168988038311236
