2161.4484125 1795.28862125 0.01044125 0.0103475
2305.2042425 2270.96790625 0.009785 0.00971875
1482.835385 2510.24410625 0.0095425 0.00953625
2520.91306375 2248.74855875 0.01369875 0.01365875
2450.71787625 2935.9590025 0.01238625 0.013525
1856.9491575 1681.072865 0.09287375 0.09295
2138.8998475 715.188205 0.0265825 0.02629625
1781.44426375 956.91969375 0.0558275 0.0551
411.9996525 1015.05235875 0.1051775 0.10626125
391.50201625 1314.5932875 0.117425 0.11794
348.30476625 375.2395625 0.07529625 0.0764275
208.47424125 430.29643875 0.05449625 0.05404125
62.49243 1095.113715 0.08803125 0.08787125
69.05901375 2013.16059375 0.03785625 0.03773625
