  1  0 2012  2  8 20 31 23      0 2205.16863 1881.07137    0.01320    0.01742      393.4   0   1    1 0 1 0 0 1  1.40000   3.190194906312883e-001   7.599850566621678e-001   1.556314809947034e+002   2.957221420771060e+003   5.396258519009043e-002  0.00094   9.421008705365568e-004   6.352944849883799e-003   4.787135890179878e-001   4.761081205924154e+001   1.266663026845669e-002 2205.000 1881.000   10.000     0 C:\Users\akhodyre\Studies\hip\20120208\g074a002.fit
  1  0 2012  2  8 20 31 23      0 2348.92444 2356.58192    0.01344    0.01759      649.9   0   1    2 0 1 0 0 1  1.40000   3.206937268522258e-001   7.669830845133122e-001   1.986655190617507e+002   3.303905590553358e+003   7.434006160568618e-002  0.00097   9.691033530986868e-004   6.553280141840293e-003   6.253672421127061e-001   7.735635128136370e+001   1.307506793438303e-002 2349.000 2356.000   10.000     0 C:\Users\akhodyre\Studies\hip\20120208\g074a002.fit
  1  0 2012  2  8 20 31 23      0 1526.73864 2596.20902    0.01420    0.01894     1030.8   0   1    3 0 1 0 0 1  1.40000   3.177010937146578e-001   7.524982446018073e-001   2.422376222523502e+002   4.298989367044801e+003   5.175114663935718e-002  0.00101   1.007391318249232e-003   6.755543918016494e-003   7.991559436190220e-001   1.256088843630817e+002   1.346618892919770e-002 1527.000 2596.000   10.000     0 C:\Users\akhodyre\Studies\hip\20120208\g074a002.fit
  1  0 2012  2  8 20 31 23      0 2564.67431 2334.50918    0.01442    0.01901       90.1   0   1    4 0 1 0 0 1  1.40000   3.218444692446476e-001   7.614985376742215e-001   7.129545732466238e+001   2.517167446694535e+003   6.400315886946149e-002  0.00105   1.047374360890529e-003   7.011062368747215e-003   2.416878441685656e-001   1.072149095602696e+001   1.398307876416197e-002 2565.000 2334.000   10.000     0 C:\Users\akhodyre\Studies\hip\20120208\g074a002.fit
  1  0 2012  2  8 20 31 23      0 2494.57676 3021.73248    0.01504    0.02142      131.8   0   1    5 0 1 0 0 1  1.40000   2.905926192135648e-001   7.125295676395644e-001   8.296652045260444e+001   2.531760762230809e+003   1.970208738760058e-001  0.00091   9.112205965152149e-004   6.219274225730730e-003   2.668508016952114e-001   1.821322488647973e+001   1.250388362526022e-002 2494.000 3022.000   10.000     0 C:\Users\akhodyre\Studies\hip\20120208\g074a002.fit
  1  0 2012  2  8 20 31 23      0 1900.66547 1767.07020    0.08005    0.09966       30.9   0   1    6 0 1 0 0 1  1.40000   2.910780120587519e-001   8.051524933379647e-001   1.798884208954386e+001   2.388008746812531e+003   3.549179405869392e-003  0.00479   4.793533208973908e-003   3.758715370642553e-002   3.069538347920955e-001   4.040164080390828e+000   7.485821484149871e-002 1901.000 1767.000   10.000     0 C:\Users\akhodyre\Studies\hip\20120208\g074a002.fit
  1  0 2012  2  8 20 31 23      0 2182.44481  801.15692    0.02236    0.02940       37.5   0   1    7 0 1 0 0 1  1.40000   2.956866603714459e-001   7.638802469680407e-001   3.698756099338165e+001   2.410163167433798e+003   7.459881350824602e-002  0.00139   1.386083550419414e-003   1.012930612914399e-002   1.792815320212021e-001   4.919539397536064e+000   2.019394255310464e-002 2182.000  801.000   10.000     0 C:\Users\akhodyre\Studies\hip\20120208\g074a002.fit
  1  0 2012  2  8 20 31 23      0 1825.01382 1042.85515    0.04028    0.05553       28.8   0   1    8 0 1 0 0 1  1.40000   3.227402275043289e-001   7.291945193047138e-001   2.384157972709836e+001   2.392320592729310e+003   9.880991378785985e-002  0.00295   2.949447574865393e-003   1.880493563839241e-002   2.266502104368634e-001   3.508246617047581e+000   3.754862573321127e-002 1825.000 1043.000   10.000     0 C:\Users\akhodyre\Studies\hip\20120208\g074a002.fit
  1  0 2012  2  8 20 31 23      0  455.76605 1101.08630    0.07531    0.11120       28.3   0   1    9 0 1 0 0 1  1.40000   3.136030801833529e-001   6.837641225969049e-001   1.702884995084684e+001   2.385207767496705e+003  -8.023538222890846e-002  0.00529   5.285122514409347e-003   3.258696861696508e-002   2.954556065897367e-001   3.570781891811802e+000   6.495644476368159e-002  456.000 1100.000   10.000     0 C:\Users\akhodyre\Studies\hip\20120208\g074a002.fit
  1  0 2012  2  8 20 31 23      0  435.92792 1400.79262    0.02746    0.03615       34.8   0   1   10 0 1 0 0 1  1.40000   2.942589968237488e-001   7.626271945433762e-001   3.214471772280417e+001   2.401935046495098e+003   5.447176143740999e-002  0.00169   1.686552949586122e-003   1.237924013517770e-002   1.905025038971312e-001   4.626601957608659e+000   2.466002163219187e-002  436.000 1401.000   10.000     0 C:\Users\akhodyre\Studies\hip\20120208\g074a002.fit
  1  0 2012  2  8 20 31 23      0  392.00464  461.43153    0.05778    0.08062       29.1   0   1   11 0 1 0 0 1  1.40000   3.090314389662499e-001   7.235935546098387e-001   1.998839025632555e+001   2.370274438520171e+003   9.482149073022805e-002  0.00393   3.933274978240178e-003   2.601270947695266e-002   2.618720424197927e-001   3.559647751234285e+000   5.188785170443458e-002  393.000  460.000   10.000     0 C:\Users\akhodyre\Studies\hip\20120208\g074a002.fit
  1  0 2012  2  8 20 31 23      0  252.28316  516.46586    0.04332    0.05995       30.6   0   1   12 0 1 0 0 1  1.40000   2.974928350080040e-001   7.269547385181036e-001   2.369754326247015e+001   2.377705693829422e+003   6.170344319311066e-002  0.00273   2.733793793688626e-003   1.891711483179306e-002   2.243043783428435e-001   4.029355639667034e+000   3.767403637371414e-002  253.000  516.000   10.000     0 C:\Users\akhodyre\Studies\hip\20120208\g074a002.fit
  1  0 2012  2  8 20 31 23      0  106.37356 1181.67917    0.06675    0.09285       27.8   0   1   13 0 1 0 0 1  1.40000   3.057946035171756e-001   7.227254968582841e-001   1.818415465716072e+001   2.375390138669684e+003   1.328316002263284e-002  0.00443   4.434223546223738e-003   2.972337988913552e-002   2.723062876771591e-001   3.564320202609725e+000   5.916133859267319e-002  106.000 1181.000   10.000     0 C:\Users\akhodyre\Studies\hip\20120208\g074a002.fit
  1  0 2012  2  8 20 31 23      0  112.96603 2099.25971    0.03009    0.03986       34.9   0   1   14 0 1 0 0 1  1.40000   3.220861405741137e-001   7.576850772322354e-001   3.066006226247447e+001   2.404051293336187e+003   6.699560591407279e-002  0.00219   2.188292516981862e-003   1.456082886508993e-002   2.170544463735595e-001   4.175237579090640e+000   2.904408209577309e-002  113.000 2099.000   10.000     0 C:\Users\akhodyre\Studies\hip\20120208\g074a002.fit
