  1  0 2012  2  8 20 33 18      0 2205.21884 1878.75093    0.01418    0.01815      464.9   0   1    1 0 1 0 0 1  1.40000   3.331148140390823e-001   7.898116753152460e-001   1.644218002409003e+002   2.922856949671418e+003   2.050548608946326e-001  0.00110   1.097384088708711e-003   7.246984706874010e-003   5.662378916763772e-001   5.233783231619157e+001   1.458275021367975e-002 2205.000 1878.000   10.000     0 C:\Users\akhodyre\Studies\hip\20120208\g074a006.fit
  1  0 2012  2  8 20 33 18      0 2348.95851 2354.23004    0.01274    0.01615      673.2   0   1    2 0 1 0 0 1  1.40000   3.333325039227666e-001   7.961999411769893e-001   2.091902778413250e+002   3.265801529451608e+003   1.996868742455538e-001  0.00099   9.850525209824136e-004   6.560393552570009e-003   6.471199610963609e-001   7.614883138758519e+001   1.319458587626676e-002 2349.000 2354.000   10.000     0 C:\Users\akhodyre\Studies\hip\20120208\g074a006.fit
  1  0 2012  2  8 20 33 18      0 1526.68070 2593.89454    0.01226    0.01545      971.2   0   1    3 0 1 0 0 1  1.40000   3.287925471336141e-001   8.009198222019334e-001   2.565883534926083e+002   4.188203565080970e+003   1.829898281579986e-001  0.00093   9.252984023640682e-004   6.302508584414451e-003   7.544068662189684e-001   1.097635938636106e+002   1.265425012467117e-002 1527.000 2593.000   10.000     0 C:\Users\akhodyre\Studies\hip\20120208\g074a006.fit
  1  0 2012  2  8 20 33 18      0 2564.73799 2332.16315    0.01301    0.01651       87.6   0   1    4 0 1 0 0 1  1.40000   3.283637316042302e-001   7.965321622093738e-001   7.467413180598533e+001   2.502684421189251e+003   2.100848481593733e-001  0.00098   9.781914959405686e-004   6.605370399173054e-003   2.326029663112059e-001   1.006566650224671e+001   1.329535466337066e-002 2565.000 2332.000   10.000     0 C:\Users\akhodyre\Studies\hip\20120208\g074a006.fit
  1  0 2012  2  8 20 33 18      0 2494.60045 3019.31648    0.01442    0.02033      137.6   0   1    5 0 1 0 0 1  1.40000   3.043560008737479e-001   7.310672511794102e-001   8.673505376455415e+001   2.531596565299288e+003   3.295078952502207e-001  0.00095   9.508610493784604e-004   6.147264117805573e-003   2.794432375680279e-001   1.778000941806059e+001   1.259658638415299e-002 2494.000 3020.000   10.000     0 C:\Users\akhodyre\Studies\hip\20120208\g074a006.fit
  1  0 2012  2  8 20 33 18      0 1900.69086 1764.70051    0.06458    0.07894       29.6   0   1    6 0 1 0 0 1  1.40000   3.265006763795009e-001   8.242675832659121e-001   1.964832567290504e+001   2.389578481624616e+003   1.732758341643847e-001  0.00480   4.795830898447470e-003   3.391807674070440e-002   3.019217843772942e-001   3.335486145934936e+000   6.804126622875917e-002 1901.000 1764.000   10.000     0 C:\Users\akhodyre\Studies\hip\20120208\g074a006.fit
  1  0 2012  2  8 20 33 18      0 2182.56242  798.78022    0.02272    0.02936       43.8   0   1    7 0 1 0 0 1  1.40000   3.280619457582124e-001   7.801783755162969e-001   3.979615056944355e+001   2.416991871091089e+003   1.607850051354142e-001  0.00171   1.710317030013948e-003   1.140273057634092e-002   2.165040551781760e-001   5.028998717350031e+000   2.285860668720329e-002 2183.000  798.000   10.000     0 C:\Users\akhodyre\Studies\hip\20120208\g074a006.fit
  1  0 2012  2  8 20 33 18      0 1825.05370 1040.54259    0.04108    0.05373       31.0   0   1    8 0 1 0 0 1  1.40000   3.135094609681271e-001   7.723620998584042e-001   2.482746539852327e+001   2.385145911441123e+003   1.799410071618132e-001  0.00284   2.841139502507563e-003   1.956951594261943e-002   2.338274155660097e-001   3.760241241766758e+000   3.927916316317701e-002 1825.000 1042.000   10.000     0 C:\Users\akhodyre\Studies\hip\20120208\g074a006.fit
  1  0 2012  2  8 20 33 18      0  455.87436 1098.73891    0.08453    0.10219       30.9   0   1    9 0 1 0 0 1  1.40000   2.990687487867694e-001   8.381904782398112e-001   1.762717576284906e+001   2.386542269659978e+003   2.413169725331957e-001  0.00532   5.321077463605002e-003   4.138341566010941e-002   3.258394126353171e-001   3.795802045081216e+000   8.343562633583498e-002  456.000 1098.000   10.000     0 C:\Users\akhodyre\Studies\hip\20120208\g074a006.fit
  1  0 2012  2  8 20 33 18      0  435.88276 1398.49662    0.02578    0.03210       35.2   0   1   10 0 1 0 0 1  1.40000   3.014257073749577e-001   8.107227811000473e-001   3.378641134886143e+001   2.398787528404626e+003   1.875067000445194e-001  0.00165   1.649260154581437e-003   1.240336517115072e-002   1.920270405209833e-001   4.372318425164525e+000   2.489840129302099e-002  436.000 1398.000   10.000     0 C:\Users\akhodyre\Studies\hip\20120208\g074a006.fit
  1  0 2012  2  8 20 33 18      0  391.86364  459.28509    0.05349    0.07020       28.5   0   1   11 0 1 0 0 1  1.40000   3.217840278228651e-001   7.726174762621377e-001   2.086542457115794e+001   2.374899018137281e+003   2.107206188100840e-001  0.00390   3.895489575848762e-003   2.601599914139414e-002   2.625303985674077e-001   3.314949301607535e+000   5.236772618154492e-002  392.000  458.000   10.000     0 C:\Users\akhodyre\Studies\hip\20120208\g074a006.fit
  1  0 2012  2  8 20 33 18      0  252.08091  514.30879    0.04041    0.05099       29.8   0   1   12 0 1 0 0 1  1.40000   2.975064115407419e-001   7.996396248907320e-001   2.477125716227411e+001   2.375959142253632e+003   1.748395123797477e-001  0.00253   2.525041894626004e-003   1.900634872144070e-002   2.180325899312255e-001   3.800302597412747e+000   3.811642195895559e-002  252.000  514.000   10.000     0 C:\Users\akhodyre\Studies\hip\20120208\g074a006.fit
  1  0 2012  2  8 20 33 18      0  106.24917 1179.15640    0.06503    0.08202       28.6   0   1   13 0 1 0 0 1  1.40000   3.051241731935072e-001   8.033199525398364e-001   1.914460604935589e+001   2.373063092380216e+003   2.136027804318841e-001  0.00427   4.271505828211825e-003   3.130958700451188e-002   2.779629990918851e-001   3.463674535120199e+000   6.300124351496066e-002  106.000 1178.000   10.000     0 C:\Users\akhodyre\Studies\hip\20120208\g074a006.fit
  1  0 2012  2  8 20 33 18      0  112.87700 2097.00314    0.02777    0.03621       33.6   0   1   14 0 1 0 0 1  1.40000   3.252843405553933e-001   7.763361205703832e-001   3.145788472243004e+001   2.400301856421801e+003   2.037055058911660e-001  0.00206   2.059936860295244e-003   1.369170733306342e-002   2.075237272052162e-001   3.882875380043402e+000   2.754464996511196e-002  113.000 2096.000   10.000     0 C:\Users\akhodyre\Studies\hip\20120208\g074a006.fit
