  1  0 2012  2  8 20 30 55      0 2205.20609 1882.38634    0.01790    0.02201      428.8   0   1    1 0 1 0 0 1  1.40000   2.645852761090238e-001   8.159926348009376e-001   1.422583598850493e+002   2.668822829190659e+003   3.513927289975365e-002  0.00090   8.981886285638029e-004   7.853152304382410e-003   4.955301281560320e-001   6.285622769456786e+001   1.562845508218987e-002 2205.000 1883.000   10.000     0 C:\Users\akhodyre\Studies\hip\20120208\g074a001.fit
  1  0 2012  2  8 20 30 55      0 2348.98134 2357.92053    0.01696    0.02072      663.0   0   1    2 0 1 0 0 1  1.40000   2.686541794340059e-001   8.218354346751261e-001   1.819745396872521e+002   2.909465914407158e+003   7.152563938932352e-002  0.00087   8.745202320814275e-004   7.572226063077655e-003   6.092443144812756e-001   9.492744236965831e+001   1.508624424126461e-002 2349.000 2358.000   10.000     0 C:\Users\akhodyre\Studies\hip\20120208\g074a001.fit
  1  0 2012  2  8 20 30 55      0 1526.73789 2597.61970    0.01650    0.02014      963.5   0   1    3 0 1 0 0 1  1.40000   2.628098972405796e-001   8.219102755605586e-001   2.225391415916058e+002   3.531003651887076e+003   4.057614048036289e-002  0.00082   8.170275865379237e-004   7.242876834849539e-003   7.096863239746819e-001   1.419812189326274e+002   1.441488424371025e-002 1527.000 2598.000   10.000     0 C:\Users\akhodyre\Studies\hip\20120208\g074a001.fit
  1  0 2012  2  8 20 30 55      0 2564.76664 2335.84859    0.01770    0.02156       91.0   0   1    4 0 1 0 0 1  1.40000   2.704751285698475e-001   8.230728686006387e-001   6.603329716860985e+001   2.459213359188953e+003   4.081559032872304e-002  0.00092   9.240706890998813e-004   7.968810997172972e-003   2.321027806313636e-001   1.277438241395907e+001   1.586708039942848e-002 2564.000 2336.000   10.000     0 C:\Users\akhodyre\Studies\hip\20120208\g074a001.fit
  1  0 2012  2  8 20 30 55      0 2494.67181 3022.81120    0.01519    0.02034      110.9   0   1    5 0 1 0 0 1  1.40000   2.456852110879885e-001   7.575553103893566e-001   7.713784122494884e+001   2.425600099493189e+003   1.831167424035841e-001  0.00068   6.757679369862420e-004   5.832535010963607e-003   2.134057882793285e-001   1.851763651173184e+001   1.168500151413075e-002 2494.000 3023.000   10.000     0 C:\Users\akhodyre\Studies\hip\20120208\g074a001.fit
  1  0 2012  2  8 20 30 55      0 1900.67336 1768.23563    0.08983    0.11205       29.6   0   1    6 0 1 0 0 1  1.40000   2.464336451656619e-001   8.056795875049396e-001   1.665558291890023e+001   2.380527484318134e+003   2.825708518450776e-002  0.00398   3.976764720095121e-003   3.689229095522020e-002   2.723464546734445e-001   4.739801784944818e+000   7.332739839313322e-002 1900.000 1768.000   10.000     0 C:\Users\akhodyre\Studies\hip\20120208\g074a001.fit
  1  0 2012  2  8 20 30 55      0 2182.48015  802.47364    0.03160    0.03860       43.3   0   1    7 0 1 0 0 1  1.40000   2.549256284341469e-001   8.212046267077622e-001   3.410803573707958e+001   2.400578160009537e+003  -6.255461793503821e-003  0.00148   1.481189673148239e-003   1.353636437031746e-002   2.023951197620757e-001   6.626878388452614e+000   2.691940859715421e-002 2182.000  803.000   10.000     0 C:\Users\akhodyre\Studies\hip\20120208\g074a001.fit
  1  0 2012  2  8 20 30 55      0 1825.12074 1044.27449    0.06094    0.07436       33.6   0   1    8 0 1 0 0 1  1.40000   2.406810353323088e-001   8.225276539907236e-001   2.168854506632856e+001   2.370851290545782e+003   4.083529058359094e-002  0.00258   2.580691729947497e-003   2.501725285874411e-002   2.348413179272890e-001   5.393175225807511e+000   4.973423407710634e-002 1824.000 1044.000   10.000     0 C:\Users\akhodyre\Studies\hip\20120208\g074a001.fit
  1  0 2012  2  8 20 30 55      0  455.62721 1102.54127    0.10357    0.12668       26.9   0   1    9 0 1 0 0 1  1.40000   2.132138913087642e-001   8.257358135667631e-001   1.493766100177947e+001   2.371046653508334e+003  -7.195557153623669e-003  0.00355   3.550502872672565e-003   3.907959103933879e-002   2.455368074490065e-001   5.218227142137746e+000   7.748036949815165e-002  456.000 1104.000   10.000     0 C:\Users\akhodyre\Studies\hip\20120208\g074a001.fit
  1  0 2012  2  8 20 30 55      0  435.94714 1402.05124    0.03768    0.04655       37.9   0   1   10 0 1 0 0 1  1.40000   2.359220070159052e-001   8.143946914306113e-001   2.920840153086614e+001   2.383151175247329e+003   4.587422894585041e-002  0.00154   1.540947503486027e-003   1.509166138401832e-002   1.922693077736406e-001   6.502642627854496e+000   2.998484298968545e-002  436.000 1403.000   10.000     0 C:\Users\akhodyre\Studies\hip\20120208\g074a001.fit
  1  0 2012  2  8 20 30 55      0  391.91610  462.95476    0.08391    0.10513       30.0   0   1   11 0 1 0 0 1  1.40000   2.257692483647413e-001   8.002296870410396e-001   1.742220261407004e+001   2.360128208642373e+003   1.178625418454228e-001  0.00319   3.190200547760252e-003   3.194808090983230e-002   2.436610535932123e-001   5.056932353390351e+000   6.363166223347919e-002  390.000  463.000   10.000     0 C:\Users\akhodyre\Studies\hip\20120208\g074a001.fit
  1  0 2012  2  8 20 30 55      0  252.19445  517.86102    0.05341    0.06687       29.8   0   1   12 0 1 0 0 1  1.40000   2.382556093990372e-001   8.026662680894501e-001   2.169297684916549e+001   2.365064435996359e+003   4.400066771321144e-002  0.00223   2.227072495648682e-003   2.128844164598959e-002   2.042719395978200e-001   5.031866802351460e+000   4.229342500992809e-002  253.000  518.000   10.000     0 C:\Users\akhodyre\Studies\hip\20120208\g074a001.fit
  1  0 2012  2  8 20 30 55      0  106.36028 1182.60480    0.08681    0.11389       28.5   0   1   13 0 1 0 0 1  1.40000   2.382331238728387e-001   7.712577334522572e-001   1.645486937478975e+001   2.364173262067047e+003   1.139036367830584e-001  0.00365   3.650814266492948e-003   3.340451401421318e-002   2.524377999300628e-001   4.839582416185986e+000   6.650752947473823e-002  107.000 1184.000   10.000     0 C:\Users\akhodyre\Studies\hip\20120208\g074a001.fit
  1  0 2012  2  8 20 30 55      0  112.98772 2100.56667    0.03730    0.04755       32.1   0   1   14 0 1 0 0 1  1.40000   2.361550837766470e-001   7.906853246131821e-001   2.679717858865459e+001   2.368519959416407e+003   9.132680099484017e-002  0.00153   1.534705911233811e-003   1.454683757306881e-002   1.750616203901638e-001   5.623455256245237e+000   2.893561244333222e-002  113.000 2101.000   10.000     0 C:\Users\akhodyre\Studies\hip\20120208\g074a001.fit
