  1  0 2012  2  8 20 34 15      0 2205.97908 1878.93920    0.01491    0.01954      369.8   0   1    1 0 1 0 0 1  1.40000   2.731591577527160e-001   7.733795131243261e-001   1.424926025735117e+002   2.677254510187858e+003  -2.024901237152065e-001  0.00080   7.994574357696142e-004   6.311356086050156e-003   4.273976675296421e-001   5.343061170021372e+001   1.268026349654028e-002 2206.000 1879.000   10.000     0 C:\Users\akhodyre\Studies\hip\20120208\g074a008.fit
  1  0 2012  2  8 20 34 15      0 2349.75980 2354.52159    0.01515    0.01997      607.8   0   1    2 0 1 0 0 1  1.40000   2.741216101895141e-001   7.688088519381882e-001   1.810414863500239e+002   2.817565867114356e+003  -1.851416534949270e-001  0.00082   8.190514803152556e-004   6.422864054028323e-003   5.537809618717094e-001   8.668361147222041e+001   1.288444670115330e-002 2350.000 2354.000   10.000     0 C:\Users\akhodyre\Studies\hip\20120208\g074a008.fit
  1  0 2012  2  8 20 34 15      0 1527.52406 2594.25719    0.01753    0.02259     1043.1   0   1    3 0 1 0 0 1  1.40000   2.669363549840171e-001   7.845465941008416e-001   2.217227964315927e+002   3.520803463913488e+003  -1.767120728024269e-001  0.00090   8.996021184546248e-004   7.406748380998008e-003   7.643094217220734e-001   1.532572723610942e+002   1.483934704327781e-002 1527.000 2595.000   10.000     0 C:\Users\akhodyre\Studies\hip\20120208\g074a008.fit
  1  0 2012  2  8 20 34 15      0 2565.49540 2332.43868    0.01760    0.02329       92.0   0   1    4 0 1 0 0 1  1.40000   2.774071206498530e-001   7.647162828418123e-001   6.529253639239754e+001   2.462665283550061e+003  -1.728138495336214e-001  0.00097   9.723531455742433e-004   7.507877292439179e-003   2.345707847837119e-001   1.296288930409769e+001   1.504168285540349e-002 2565.000 2332.000   10.000     0 C:\Users\akhodyre\Studies\hip\20120208\g074a008.fit
  1  0 2012  2  8 20 34 15      0 2495.36791 3019.59007    0.01761    0.02421      129.9   0   1    5 0 1 0 0 1  1.40000   2.499027565173475e-001   7.349042464443787e-001   7.708513041974369e+001   2.436792009009479e+003   3.832524412822835e-003  0.00081   8.110812843967049e-004   6.778457704587237e-003   2.515317932327392e-001   2.139592989578541e+001   1.345314910467384e-002 2495.000 3019.000   10.000     0 C:\Users\akhodyre\Studies\hip\20120208\g074a008.fit
  1  0 2012  2  8 20 34 15      0 1901.60072 1764.91937    0.08443    0.10700       29.3   0   1    6 0 1 0 0 1  1.40000   2.543329917505668e-001   8.002410291827532e-001   1.702544845205303e+001   2.385256381123872e+003  -1.797700047512818e-001  0.00397   3.974376245119852e-003   3.504329293540155e-002   2.698447956919480e-001   4.426089973154981e+000   7.016500445840959e-002 1901.000 1764.000   10.000     0 C:\Users\akhodyre\Studies\hip\20120208\g074a008.fit
  1  0 2012  2  8 20 34 15      0 2183.29791  799.16672    0.02622    0.03373       38.9   0   1    7 0 1 0 0 1  1.40000   2.691235478449167e-001   7.873735338375082e-001   3.501238746399440e+001   2.398124562705992e+003  -2.072798608683113e-001  0.00137   1.365046916090571e-003   1.113383662114365e-002   1.818677579541152e-001   5.654453627038319e+000   2.237239546918756e-002 2183.000  800.000   10.000     0 C:\Users\akhodyre\Studies\hip\20120208\g074a008.fit
  1  0 2012  2  8 20 34 15      0 1825.80091 1040.73995    0.04905    0.06704       30.2   0   1    8 0 1 0 0 1  1.40000   2.870445412712617e-001   7.411334919235850e-001   2.222449134244134e+001   2.388222070750521e+003  -1.879526485423838e-001  0.00289   2.891530973965576e-003   2.083920301133812e-002   2.301401283323639e-001   4.191912746933918e+000   4.183866910144072e-002 1826.000 1041.000   10.000     0 C:\Users\akhodyre\Studies\hip\20120208\g074a008.fit
  1  0 2012  2  8 20 34 15      0  456.63116 1099.32425    0.10287    0.13655       32.0   0   1    9 0 1 0 0 1  1.40000   2.822461666500106e-001   7.637498250182245e-001   1.591069614680814e+001   2.389569434464769e+003  -2.025137335168805e-001  0.00587   5.866469983112968e-003   4.423438611390581e-002   3.397151828898651e-001   4.429666970728598e+000   8.891721616789748e-002  457.000 1099.000   10.000     0 C:\Users\akhodyre\Studies\hip\20120208\g074a008.fit
  1  0 2012  2  8 20 34 15      0  436.79212 1398.70335    0.03351    0.04287       35.2   0   1   10 0 1 0 0 1  1.40000   2.534005640200289e-001   7.922987808091220e-001   2.957190611639643e+001   2.396000950563558e+003  -1.870902392957419e-001  0.00157   1.565769771600990e-003   1.370128458997659e-002   1.854496941978662e-001   5.485322352457881e+000   2.746188235189818e-002  437.000 1400.000   10.000     0 C:\Users\akhodyre\Studies\hip\20120208\g074a008.fit
  1  0 2012  2  8 20 34 15      0  392.72274  459.48203    0.06773    0.08704       28.5   0   1   11 0 1 0 0 1  1.40000   2.538771946079770e-001   7.889194561055822e-001   1.873281105712371e+001   2.364518065332472e+003  -9.464449224939316e-002  0.00319   3.192970698011192e-003   2.806409431708294e-002   2.380526486372287e-001   4.263763974377823e+000   5.590933380057386e-002  393.000  458.000   10.000     0 C:\Users\akhodyre\Studies\hip\20120208\g074a008.fit
  1  0 2012  2  8 20 34 15      0  252.87087  514.39845    0.04904    0.06731       30.0   0   1   12 0 1 0 0 1  1.40000   2.606061008246652e-001   7.388863714358046e-001   2.215899137486197e+001   2.367797943484263e+003  -1.577328824716728e-001  0.00243   2.432046302482608e-003   1.936065888950282e-002   2.094988388140247e-001   4.676739331185690e+000   3.871655711236116e-002  253.000  514.000   10.000     0 C:\Users\akhodyre\Studies\hip\20120208\g074a008.fit
  1  0 2012  2  8 20 34 15      0  106.98258 1179.34561    0.09182    0.12006       32.1   0   1   13 0 1 0 0 1  1.40000   2.608746504858415e-001   7.726109336185915e-001   1.693597860663026e+001   2.371775593259256e+003  -1.519935070436178e-001  0.00453   4.526789122515723e-003   3.768446497682983e-002   2.994169065564673e-001   4.931778217396516e+000   7.533402270762790e-002  107.000 1180.000   10.000     0 C:\Users\akhodyre\Studies\hip\20120208\g074a008.fit
  1  0 2012  2  8 20 34 15      0  113.73013 2097.18425    0.03742    0.04897       34.0   0   1   14 0 1 0 0 1  1.40000   2.611727620385329e-001   7.731811600238191e-001   2.730505960494950e+001   2.387646775956328e+003  -1.705261587707730e-001  0.00185   1.849900255269188e-003   1.535386433048217e-002   1.969409712215652e-001   5.182957737894858e+000   3.074469480025812e-002  114.000 2097.000   10.000     0 C:\Users\akhodyre\Studies\hip\20120208\g074a008.fit
