  1  0 2012  2  8 20 32 20      0 2206.29767 1880.74556    0.00990    0.01154      334.7   0   1    1 0 1 0 0 1  1.40000   3.400347875583745e-001   8.596805006993519e-001   1.707865125719580e+002   3.059643020959573e+003   5.689246208225142e-002  0.00079   7.920250898204554e-004   5.664525196071887e-003   4.181028037114857e-001   3.560703057487486e+001   1.130811981342625e-002 2206.000 1880.000   10.000     0 C:\Users\akhodyre\Studies\hip\20120208\g074a004.fit
  1  0 2012  2  8 20 32 20      0 2350.03478 2356.23031    0.00843    0.00970      452.6   0   1    2 0 1 0 0 1  1.40000   3.353305857324793e-001   8.702252893107384e-001   2.159104041787976e+002   3.452311072310479e+003   8.043278604769838e-002  0.00066   6.553092701580968e-004   4.805551554267059e-003   4.435822832358697e-001   4.893308161085955e+001   9.599399297889361e-003 2350.000 2356.000   10.000     0 C:\Users\akhodyre\Studies\hip\20120208\g074a004.fit
  1  0 2012  2  8 20 32 20      0 1527.85461 2595.83812    0.00865    0.00991      672.0   0   1    3 0 1 0 0 1  1.40000   3.197412541300270e-001   8.729552807283033e-001   2.601165662801618e+002   4.268909990310599e+003   5.510297555384124e-002  0.00061   6.138470455026040e-004   4.741919270358570e-003   5.233510986365678e-001   7.570604847935009e+001   9.463714150868113e-003 1527.000 2596.000   10.000     0 C:\Users\akhodyre\Studies\hip\20120208\g074a004.fit
  1  0 2012  2  8 20 32 20      0 2565.81209 2334.12909    0.01044    0.01199       73.1   0   1    4 0 1 0 0 1  1.40000   3.391494693406456e-001   8.717503550080942e-001   7.800173872398395e+001   2.542462084533228e+003   6.985127206043182e-002  0.00083   8.287431365304595e-004   6.022411066600526e-003   2.005414884747091e-001   7.811803032399798e+000   1.202758840472650e-002 2566.000 2334.000   10.000     0 C:\Users\akhodyre\Studies\hip\20120208\g074a004.fit
  1  0 2012  2  8 20 32 20      0 2495.72496 3021.25366    0.01464    0.01948      141.0   0   1    5 0 1 0 0 1  1.40000   3.018862456659582e-001   7.656744526068261e-001   8.833760378976118e+001   2.527851683681094e+003   2.622634051280248e-001  0.00094   9.447430926152627e-004   6.594041370841275e-003   2.862076142494526e-001   1.808467849185735e+001   1.334945208048930e-002 2496.000 3022.000   10.000     0 C:\Users\akhodyre\Studies\hip\20120208\g074a004.fit
  1  0 2012  2  8 20 32 20      0 1901.75836 1766.66085    0.06629    0.07238       30.9   0   1    6 0 1 0 0 1  1.40000   3.245894464877105e-001   9.189065769165581e-001   2.039781323381158e+001   2.390677714583829e+003  -1.351104469603645e-001  0.00483   4.833160899937570e-003   3.853790942168972e-002   3.190521184027684e-001   3.343926262331447e+000   7.711690434436468e-002 1902.000 1766.000   10.000     0 C:\Users\akhodyre\Studies\hip\20120208\g074a004.fit
  1  0 2012  2  8 20 32 20      0 2183.59888  800.73948    0.01755    0.02045       34.9   0   1    7 0 1 0 0 1  1.40000   3.350272569004417e-001   8.589426811409248e-001   4.143353823319610e+001   2.429450190621610e+003   1.292659599696355e-002  0.00136   1.362935410951627e-003   9.895080715260350e-003   1.771397154724162e-001   3.798587591580393e+000   1.974238601514008e-002 2183.000  801.000   10.000     0 C:\Users\akhodyre\Studies\hip\20120208\g074a004.fit
  1  0 2012  2  8 20 32 20      0 1826.26077 1042.54038    0.03811    0.04453       30.7   0   1    8 0 1 0 0 1  1.40000   3.394302132286180e-001   8.566730135696136e-001   2.635865853509666e+001   2.397194320877664e+003   5.357411664410057e-002  0.00303   3.033393241527909e-003   2.165858875025441e-002   2.477621771947351e-001   3.314415553717801e+000   4.323893383181138e-002 1826.000 1043.000   10.000     0 C:\Users\akhodyre\Studies\hip\20120208\g074a004.fit
  1  0 2012  2  8 20 32 20      0  456.84795 1100.88446    0.07902    0.09189       30.8   0   1    9 0 1 0 0 1  1.40000   3.246292467343748e-001   8.624809029699816e-001   1.836184636857122e+001   2.393077056582590e+003   9.969817307638354e-002  0.00579   5.789707955360583e-003   4.342370719330642e-002   3.429253157296503e-001   3.389613618346617e+000   8.676843402761687e-002  456.000 1100.000   10.000     0 C:\Users\akhodyre\Studies\hip\20120208\g074a004.fit
  1  0 2012  2  8 20 32 20      0  437.08956 1400.44299    0.02481    0.02815       35.4   0   1   10 0 1 0 0 1  1.40000   3.168616185672447e-001   8.822939943782195e-001   3.532771938122033e+001   2.413173137280310e+003   3.734050206599833e-002  0.00173   1.730493302140584e-003   1.364188929943514e-002   2.021665581780891e-001   4.009624264184158e+000   2.721484406142423e-002  437.000 1400.000   10.000     0 C:\Users\akhodyre\Studies\hip\20120208\g074a004.fit
  1  0 2012  2  8 20 32 20      0  393.08692  461.19218    0.05549    0.06479       29.0   0   1   11 0 1 0 0 1  1.40000   3.084763865692546e-001   8.577872382367243e-001   2.123894960633135e+001   2.371457840791662e+003   4.317586285124353e-002  0.00368   3.684967618089558e-003   2.901046466833960e-002   2.651042966678182e-001   3.438648152885134e+000   5.786016400029434e-002  393.000  461.000   10.000     0 C:\Users\akhodyre\Studies\hip\20120208\g074a004.fit
  1  0 2012  2  8 20 32 20      0  253.34071  516.20203    0.03899    0.04604       30.5   0   1   12 0 1 0 0 1  1.40000   3.148156900450788e-001   8.490130944502673e-001   2.590202507399389e+001   2.381463285633467e+003  -1.223656168271017e-002  0.00270   2.700271278217572e-003   2.063041752675691e-002   2.318898663607627e-001   3.472653526600389e+000   4.113058620083631e-002  253.000  515.000   10.000     0 C:\Users\akhodyre\Studies\hip\20120208\g074a004.fit
  1  0 2012  2  8 20 32 20      0  107.58143 1181.10237    0.06324    0.07850       29.0   0   1   13 0 1 0 0 1  1.40000   3.375305069839101e-001   8.068832733507634e-001   1.959044837288801e+001   2.383110796225796e+003  -4.228444372190400e-002  0.00500   5.000436298195739e-003   3.383646239480215e-002   3.043834279126602e-001   3.214902035840109e+000   6.750711771719511e-002  107.000 1181.000   10.000     0 C:\Users\akhodyre\Studies\hip\20120208\g074a004.fit
  1  0 2012  2  8 20 32 20      0  114.09613 2098.90309    0.02467    0.02940       31.1   0   1   14 0 1 0 0 1  1.40000   3.377900738327599e-001   8.399902074773914e-001   3.281492299636461e+001   2.411767557960981e+003   4.884493716683236e-002  0.00195   1.947394916914071e-003   1.370254219344071e-002   1.987802890831756e-001   3.401903079782377e+000   2.734965686288838e-002  114.000 2099.000   10.000     0 C:\Users\akhodyre\Studies\hip\20120208\g074a004.fit
