  1  0 2012  2  8 20 33 46      0 2205.56476 1879.45389    0.00647    0.00698      233.2   0   1    1 0 1 0 0 1  1.40000   3.410554787078735e-001   9.277250403991397e-001   1.797343339483813e+002   3.001951214453136e+003  -1.604353488178162e-002  0.00052   5.184609785301738e-004   3.992852249564033e-003   2.879969815694516e-001   2.402235254228009e+001   7.969172028955524e-003 2206.000 1879.000   10.000     0 C:\Users\akhodyre\Studies\hip\20120208\g074a007.fit
  1  0 2012  2  8 20 33 46      0 2349.31678 2354.93344    0.00700    0.00751      416.2   0   1    2 0 1 0 0 1  1.40000   3.504470574268085e-001   9.322289560628404e-001   2.311941823727377e+002   3.521171398112643e+003   2.908386137996317e-003  0.00059   5.899833099662914e-004   4.443087330870709e-003   4.110038263841319e-001   4.195651064826317e+001   8.869819614328561e-003 2349.000 2355.000   10.000     0 C:\Users\akhodyre\Studies\hip\20120208\g074a007.fit
  1  0 2012  2  8 20 33 46      0 1527.10038 2594.52586    0.01295    0.01356     1017.9   0   1    3 0 1 0 0 1  1.40000   3.070663368178012e-001   9.548879425062189e-001   2.676318300303286e+002   3.832327862407803e+003  -4.363453034855468e-003  0.00085   8.480958513743183e-004   7.469830819622310e-003   7.742540252751050e-001   1.130359587514810e+002   1.489841641968791e-002 1526.000 2594.000   10.000     0 C:\Users\akhodyre\Studies\hip\20120208\g074a007.fit
  1  0 2012  2  8 20 33 46      0 2565.09507 2332.82490    0.00877    0.00930       67.9   0   1    4 0 1 0 0 1  1.40000   3.508945864608031e-001   9.432101697465158e-001   8.365569693877973e+001   2.542479363982480e+003  -2.573479936069624e-002  0.00074   7.404802103646346e-004   5.633607215201825e-003   1.864839436713217e-001   6.806619417420402e+000   1.124876864707229e-002 2565.000 2333.000   10.000     0 C:\Users\akhodyre\Studies\hip\20120208\g074a007.fit
  1  0 2012  2  8 20 33 46      0 2494.97848 3019.94749    0.01801    0.02226      180.8   0   1    5 0 1 0 0 1  1.40000   2.957387543816929e-001   8.195686545347658e-001   9.183785660596288e+001   2.475379722668896e+003   2.362616364573420e-001  0.00111   1.110431181142232e-003   8.539758334681173e-003   3.579293847676482e-001   2.302861767968594e+001   1.721685936135549e-002 2495.000 3020.000   10.000     0 C:\Users\akhodyre\Studies\hip\20120208\g074a007.fit
  1  0 2012  2  8 20 33 46      0 1901.03328 1765.35588    0.05550    0.05869       28.6   0   1    6 0 1 0 0 1  1.40000   3.349149363884411e-001   9.459940730602495e-001   2.159600601568343e+001   2.388764216191118e+003  -1.915653776660520e-002  0.00429   4.287204185532056e-003   3.428321616563367e-002   2.913220155350070e-001   2.975179563746155e+000   6.842702215370755e-002 1901.000 1765.000   10.000     0 C:\Users\akhodyre\Studies\hip\20120208\g074a007.fit
  1  0 2012  2  8 20 33 46      0 2182.85537  799.53812    0.01667    0.01726       36.0   0   1    7 0 1 0 0 1  1.40000   3.399213083774020e-001   9.659290984632950e-001   4.443554645117083e+001   2.428842856453641e+003  -3.107277420094890e-002  0.00132   1.324091091847320e-003   1.064989952559297e-002   1.826012299806904e-001   3.651188147816461e+000   2.126060543075354e-002 2183.000  799.000   10.000     0 C:\Users\akhodyre\Studies\hip\20120208\g074a007.fit
  1  0 2012  2  8 20 33 46      0 1825.46917 1041.33347    0.03425    0.03532       29.0   0   1    8 0 1 0 0 1  1.40000   3.339553551848979e-001   9.700116982337000e-001   2.785780140676824e+001   2.394017927881484e+003  -3.646097363129219e-002  0.00263   2.629239474714311e-003   2.161467088077515e-002   2.312104802195090e-001   2.986403344447736e+000   4.314720585038113e-002 1825.000 1041.000   10.000     0 C:\Users\akhodyre\Studies\hip\20120208\g074a007.fit
  1  0 2012  2  8 20 33 46      0  456.00425 1099.64160    0.07552    0.07177       29.7   0   1    9 0 1 0 0 1  1.40000   2.917566010182001e-001   1.051911396278323e+000   1.940448645359182e+001   2.383255417902187e+003   6.015637850738042e-002  0.00446   4.457706520359459e-003   4.548313548609739e-002   3.109394873639819e-001   3.373388037685904e+000   9.076411128427146e-002  456.000 1100.000   10.000     0 C:\Users\akhodyre\Studies\hip\20120208\g074a007.fit
  1  0 2012  2  8 20 33 46      0  436.33063 1399.12119    0.02253    0.02321       33.8   0   1   10 0 1 0 0 1  1.40000   3.165556694694849e-001   9.710224003540041e-001   3.712686834572146e+001   2.411699787025235e+003   2.326603995631642e-002  0.00156   1.560314984412001e-003   1.355155097720772e-002   1.924112566652233e-001   3.674868987551926e+000   2.704107295682655e-002  436.000 1399.000   10.000     0 C:\Users\akhodyre\Studies\hip\20120208\g074a007.fit
  1  0 2012  2  8 20 33 46      0  392.27561  459.84737    0.04768    0.04901       27.8   0   1   11 0 1 0 0 1  1.40000   3.270122784413904e-001   9.732650057063729e-001   2.313843171600299e+001   2.377094756553442e+003   1.325263771325238e-002  0.00352   3.516819886456131e-003   2.963676371936080e-002   2.619302415323632e-001   2.894014351061110e+000   5.914210827434391e-002  392.000  459.000   10.000     0 C:\Users\akhodyre\Studies\hip\20120208\g074a007.fit
  1  0 2012  2  8 20 33 46      0  252.56485  514.89500    0.03182    0.03265       27.8   0   1   12 0 1 0 0 1  1.40000   3.316131013766202e-001   9.745571903905347e-001   2.831642581988703e+001   2.385048799516041e+003  -1.602484886398974e-002  0.00241   2.408388558288050e-003   2.003843553289632e-002   2.167933577513097e-001   2.878699066722886e+000   3.999613272366318e-002  252.000  515.000   10.000     0 C:\Users\akhodyre\Studies\hip\20120208\g074a007.fit
  1  0 2012  2  8 20 33 46      0  106.63371 1179.84590    0.05618    0.05446       27.6   0   1   13 0 1 0 0 1  1.40000   3.165815646549823e-001   1.031390554921859e+000   2.155280192938759e+001   2.372799132767996e+003   3.435048809092742e-002  0.00388   3.880176327894655e-003   3.578435970076258e-002   2.782209440078006e-001   2.912428282904380e+000   7.142291901323954e-002  107.000 1180.000   10.000     0 C:\Users\akhodyre\Studies\hip\20120208\g074a007.fit
  1  0 2012  2  8 20 33 46      0  113.32797 2097.54232    0.02333    0.02447       30.3   0   1   14 0 1 0 0 1  1.40000   3.232380485122606e-001   9.536522914637724e-001   3.436448415272657e+001   2.401782509528225e+003   3.130422732729766e-002  0.00168   1.682183771236189e-003   1.404917622992682e-002   1.881956608013733e-001   3.258848483811218e+000   2.804015309299096e-002  113.000 2098.000   10.000     0 C:\Users\akhodyre\Studies\hip\20120208\g074a007.fit
