  1  0 2012  2  8 20 32 49      0 2204.87632 1880.62468    0.01367    0.01731      391.7   0   1    1 0 1 0 0 1  1.40000   2.961405489799354e-001   7.913949231889162e-001   1.542449272039344e+002   2.720346209571760e+003   1.179585341289749e-002  0.00085   8.458922426936358e-004   6.407730857331834e-003   4.569884261669285e-001   5.075781838589585e+001   1.276221822318249e-002 2205.000 1881.000   10.000     0 C:\Users\akhodyre\Studies\hip\20120208\g074a005.fit
  1  0 2012  2  8 20 32 49      0 2348.59480 2356.17501    0.01319    0.01671      621.9   0   1    2 0 1 0 0 1  1.40000   3.048368990678722e-001   7.914339194079872e-001   1.978076819081641e+002   3.074521312252007e+003   3.165838598625248e-002  0.00086   8.619923577751413e-004   6.340502530388515e-003   5.814517450040150e-001   7.750400503560928e+001   1.263443209438468e-002 2349.000 2356.000   10.000     0 C:\Users\akhodyre\Studies\hip\20120208\g074a005.fit
  1  0 2012  2  8 20 32 49      0 1526.40699 2595.75297    0.01244    0.01568      874.3   0   1    3 0 1 0 0 1  1.40000   2.984443045741241e-001   7.959774559433873e-001   2.419189269534075e+002   3.834679738534315e+003   2.148930647084503e-002  0.00078   7.824358637272250e-004   5.914439775853966e-003   6.574098088694776e-001   1.100572011891364e+002   1.178179417380581e-002 1526.000 2595.000   10.000     0 C:\Users\akhodyre\Studies\hip\20120208\g074a005.fit
  1  0 2012  2  8 20 32 49      0 2564.37742 2334.04538    0.01453    0.01837       89.0   0   1    4 0 1 0 0 1  1.40000   3.039174118927754e-001   7.925928125007764e-001   7.131818184812084e+001   2.477167953583970e+003   2.982529505268776e-002  0.00094   9.438502339266989e-004   6.974081096020828e-003   2.302370262866022e-001   1.113816789427538e+001   1.389691761465328e-002 2564.000 2334.000   10.000     0 C:\Users\akhodyre\Studies\hip\20120208\g074a005.fit
  1  0 2012  2  8 20 32 49      0 2494.31024 3021.04385    0.01429    0.01969      124.0   0   1    5 0 1 0 0 1  1.40000   2.802797664904486e-001   7.361891737893062e-001   8.325278570687942e+001   2.487782332781992e+003   1.937847195376702e-001  0.00081   8.076032173471955e-004   5.915568123416667e-003   2.456098048633862e-001   1.769258286251493e+001   1.188160943122952e-002 2494.000 3021.000   10.000     0 C:\Users\akhodyre\Studies\hip\20120208\g074a005.fit
  1  0 2012  2  8 20 32 49      0 1900.29721 1766.64669    0.07451    0.09102       28.8   0   1    6 0 1 0 0 1  1.40000   2.829536731037244e-001   8.201482374279555e-001   1.808279259944927e+001   2.387651074598886e+003   9.947558059135034e-003  0.00423   4.226654972699009e-003   3.472860096863906e-002   2.793313425470393e-001   3.842620828858952e+000   6.915876559782494e-002 1901.000 1767.000   10.000     0 C:\Users\akhodyre\Studies\hip\20120208\g074a005.fit
  1  0 2012  2  8 20 32 49      0 2182.18934  800.69323    0.02226    0.02831       38.2   0   1    7 0 1 0 0 1  1.40000   3.014965234942383e-001   7.889589819451913e-001   3.773200143546434e+001   2.414356248716671e+003   2.062266633194438e-002  0.00143   1.427594989990621e-003   1.058776414604480e-002   1.853280268229797e-001   4.794516587561435e+000   2.109168672061797e-002 2182.000  800.000   10.000     0 C:\Users\akhodyre\Studies\hip\20120208\g074a005.fit
  1  0 2012  2  8 20 32 49      0 1824.75901 1042.50262    0.04836    0.05847       31.3   0   1    8 0 1 0 0 1  1.40000   2.817655161371123e-001   8.298094437380816e-001   2.345851115621506e+001   2.385165641178220e+003   6.411437012220105e-002  0.00272   2.723238400269978e-003   2.270143941580736e-002   2.342445642849518e-001   4.120884827441885e+000   4.524871017460088e-002 1824.000 1042.000   10.000     0 C:\Users\akhodyre\Studies\hip\20120208\g074a005.fit
  1  0 2012  2  8 20 32 49      0  455.39155 1100.84868    0.07918    0.09215       25.9   0   1    9 0 1 0 0 1  1.40000   2.681628301121102e-001   8.625636316240986e-001   1.686571942148695e+001   2.384116810602669e+003   5.408496212150876e-002  0.00406   4.058676405856860e-003   3.697749972428136e-002   2.627956073501064e-001   3.542448402951679e+000   7.365971917482250e-002  455.000 1100.000   10.000     0 C:\Users\akhodyre\Studies\hip\20120208\g074a005.fit
  1  0 2012  2  8 20 32 49      0  435.53750 1400.31350    0.03060    0.03883       36.8   0   1   10 0 1 0 0 1  1.40000   2.679915646954645e-001   7.918197145434717e-001   3.163130958867431e+001   2.387313946826509e+003   5.305536919221673e-002  0.00158   1.578906514126111e-003   1.321926628380185e-002   1.908894196569810e-001   5.327352599027533e+000   2.631407341748134e-002  435.000 1400.000   10.000     0 C:\Users\akhodyre\Studies\hip\20120208\g074a005.fit
  1  0 2012  2  8 20 32 49      0  391.56522  461.31682    0.06050    0.07706       29.6   0   1   11 0 1 0 0 1  1.40000   2.936758202559401e-001   7.880036954163855e-001   2.011846753835518e+001   2.368348954285976e+003   6.093233993050623e-002  0.00369   3.693684525098317e-003   2.805570713644918e-002   2.618957494638613e-001   3.834947819078651e+000   5.591878263224336e-002  391.000  461.000   10.000     0 C:\Users\akhodyre\Studies\hip\20120208\g074a005.fit
  1  0 2012  2  8 20 32 49      0  251.78892  516.08028    0.04121    0.05133       29.2   0   1   12 0 1 0 0 1  1.40000   2.933171804625487e-001   8.060040086970279e-001   2.436507566842327e+001   2.378271137670055e+003   8.525458674998190e-002  0.00250   2.503557087335105e-003   1.944576473004314e-002   2.156386212317755e-001   3.784410659078694e+000   3.879221587776457e-002  252.000  516.000   10.000     0 C:\Users\akhodyre\Studies\hip\20120208\g074a005.fit
  1  0 2012  2  8 20 32 49      0  106.04118 1181.01181    0.07008    0.09033       28.8   0   1   13 0 1 0 0 1  1.40000   2.963032728422597e-001   7.788521500339871e-001   1.838462422309011e+001   2.373165431252895e+003   8.244692324437584e-002  0.00436   4.355493408890238e-003   3.236771511891907e-002   2.796219980386951e-001   3.684763474139011e+000   6.455278363632060e-002  107.000 1182.000   10.000     0 C:\Users\akhodyre\Studies\hip\20120208\g074a005.fit
  1  0 2012  2  8 20 32 49      0  112.63311 2098.73325    0.03364    0.04339       35.6   0   1   14 0 1 0 0 1  1.40000   2.803831081806736e-001   7.780590163799804e-001   2.952406726649502e+001   2.385956214352673e+003   8.055695018280988e-003  0.00189   1.886587616446655e-003   1.484820866325249e-002   2.045741566010337e-001   4.958172001602850e+000   2.954681758406045e-002  113.000 2099.000   10.000     0 C:\Users\akhodyre\Studies\hip\20120208\g074a005.fit
