-0.0428151275903498 0.0618962266568789
0.0597727865104399 0.218305430584492
-0.023913344544305 -0.190259468324174
-0.106277533423754 -0.107720926855101
-0.0660250339483626 -0.066548918945805
0.843925810929239 0.191327376371125
0.0857416310665949 0.067670468416487
0.0580316055532646 -0.23706271368113
-0.124455028150042 0.438870380516593
-0.126687912170717 -0.205763499806746
0.206861448972573 -0.466691167729351
-0.404067529571871 0.0206721688835832
-0.0681276546076822 0.227815943825561
0.272985652332699 0.292094332438658
