2205.49571625 1880.409005 0.0125975 0.01579875
2349.24104375 2355.9307925 0.0120475 0.01501
1527.02205125 2595.57285875 0.013035 0.01604
2565.01409875 2333.835565 0.013425 0.0166925
2494.9034225 3020.93631625 0.0153425 0.0207625
1900.9716275 1766.368 0.07356 0.08808625
2182.79666 800.48352 0.022685 0.0282375
1825.3737525 1042.24941625 0.044745 0.05598625
456.04238125 1100.5537925 0.0857875 0.10426625
436.2319425 1400.10662875 0.02878375 0.035375
392.23192875 460.9360025 0.0611075 0.0772375
252.46689375 515.9026075 0.04276875 0.05412875
106.61891875 1180.80214625 0.070915 0.0904525
113.24992625 2098.583145 0.03095875 0.039085
