  1  0 2011  2 17 20  2 40      0 2322.23489 1673.79634    0.01619    0.01446      497.5   0   1    1 0 1 0 0 1  1.40000   2.664657937372409e-001   1.123342816943076e+000   1.742172888875034e+002   2.741622593753561e+003  -2.001167565347781e-001  0.00080   8.039345172817910e-004   9.526798730508027e-003   5.479077472113255e-001   5.881731320799191e+001   1.907693632860818e-002 2322.000 1673.000   10.000     0 C:\Studies\double_stars\hip\20110217\g074a007.fit
  1  0 2011  2 17 20  2 40      0 2465.79955 2149.44621    0.01602    0.01432      811.3   0   1    2 0 1 0 0 1  1.40000   2.715580405993722e-001   1.121843313180984e+000   2.235850652895259e+002   3.046156351659293e+003  -2.017802964125631e-001  0.00082   8.241286862967897e-004   9.567871509003026e-003   7.082988100192849e-001   9.425784615372528e+001   1.916273347728608e-002 2465.000 2149.000   10.000     0 C:\Studies\double_stars\hip\20110217\g074a007.fit
  1  0 2011  2 17 20  2 40      0 1643.47456 2388.52907    0.01898    0.01692     1354.2   0   1    3 0 1 0 0 1  1.40000   2.494061068778616e-001   1.121655887204397e+000   2.659710078360829e+002   3.221164160862468e+003  -1.926744295184590e-001  0.00083   8.334742928630804e-004   1.054754292577606e-002   9.185584283706577e-001   1.691293594935744e+002   2.109571367038331e-002 1642.000 2388.000   10.000     0 C:\Studies\double_stars\hip\20110217\g074a007.fit
  1  0 2011  2 17 20  2 40      0 2681.56095 2127.27020    0.01720    0.01516      106.8   0   1    4 0 1 0 0 1  1.40000   2.614649493165754e-001   1.137278431556481e+000   7.859189728111929e+001   2.522694754149730e+003  -2.018452526641170e-001  0.00082   8.228328448198301e-004   1.006194559413731e-002   2.576400860445223e-001   1.289376975582355e+001   2.014652290660330e-002 2681.000 2127.000   10.000     0 C:\Studies\double_stars\hip\20110217\g074a007.fit
  1  0 2011  2 17 20  2 40      0 2611.24277 2814.44662    0.01904    0.01965      158.5   0   1    5 0 1 0 0 1  1.40000   2.231104555932560e-001   9.690639057477533e-001   8.773686527517852e+001   2.358622520027650e+003   6.165782231286806e-002  0.00069   6.886196287225092e-004   8.476509800434582e-003   2.747664335231348e-001   2.637189134287412e+001   1.686365905920841e-002 2611.000 2815.000   10.000     0 C:\Studies\double_stars\hip\20110217\g074a007.fit
  1  0 2011  2 17 20  2 40      0 2017.77853 1559.35720    0.07154    0.06338       31.1   0   1    6 0 1 0 0 1  1.40000   2.651545596565913e-001   1.130689146814284e+000   2.075314749032795e+001   2.445632069343710e+003  -1.833439969969486e-001  0.00352   3.516455473274702e-003   4.220967208541598e-002   2.868716979436401e-001   3.690504711076888e+000   8.444958509850911e-002 2017.000 1559.000   10.000     0 C:\Studies\double_stars\hip\20110217\g074a007.fit
  1  0 2011  2 17 20  2 40      0 2299.89964  593.70968    0.02634    0.02287       46.7   0   1    7 0 1 0 0 1  1.40000   2.543480448724096e-001   1.153146096602511e+000   4.215100657085952e+001   2.457159044525312e+003  -1.723652338040418e-001  0.00120   1.196165976729933e-003   1.528429718317731e-002   2.060595707124518e-001   5.723190743830461e+000   3.055359003123640e-002 2300.000  593.000   10.000     0 C:\Studies\double_stars\hip\20110217\g074a007.fit
  1  0 2011  2 17 20  2 40      0 1942.52440  835.26852    0.04012    0.03732       31.7   0   1    8 0 1 0 0 1  1.40000   2.787252701705877e-001   1.077039222971667e+000   2.762224562859865e+001   2.445172239787121e+003  -1.596695258809433e-001  0.00217   2.170853539988801e-003   2.363308477801953e-002   2.249084968313512e-001   3.689064064357906e+000   4.727198272987799e-002 1943.000  835.000   10.000     0 C:\Studies\double_stars\hip\20110217\g074a007.fit
  1  0 2011  2 17 20  2 40      0  573.13322  893.32032    0.07320    0.05873       28.6   0   1    9 0 1 0 0 1  1.40000   2.479196031875303e-001   1.244288085350846e+000   2.018835485590387e+001   2.436205321412306e+003  -1.533373241161086e-001  0.00316   3.156277833882506e-003   4.473974178435337e-002   2.669655993563946e-001   3.412269782401218e+000   8.930483562189241e-002  572.000  893.000   10.000     0 C:\Studies\double_stars\hip\20110217\g074a007.fit
  1  0 2011  2 17 20  2 40      0  553.05212 1192.73280    0.02852    0.02506       39.5   0   1   10 0 1 0 0 1  1.40000   2.541425148614646e-001   1.139098291712548e+000   3.713817293946907e+001   2.453771620608801e+003  -1.587033485086727e-001  0.00129   1.294107976429573e-003   1.635967395804202e-002   1.964700099550110e-001   4.879405818266184e+000   3.268681485831784e-002  553.000 1192.000   10.000     0 C:\Studies\double_stars\hip\20110217\g074a007.fit
  1  0 2011  2 17 20  2 40      0  509.56984  253.40553    0.05871    0.05122       30.0   0   1   11 0 1 0 0 1  1.40000   2.449013132680827e-001   1.147477436169062e+000   2.259683762032549e+001   2.420952784926077e+003  -1.812236532932535e-001  0.00248   2.484505934115205e-003   3.279488806244955e-002   2.373843408900392e-001   3.857600414892410e+000   6.555856867287935e-002  509.000  253.000   10.000     0 C:\Studies\double_stars\hip\20110217\g074a007.fit
  1  0 2011  2 17 20  2 40      0  369.71941  308.38454    0.04110    0.03725       33.5   0   1   12 0 1 0 0 1  1.40000   2.724203282163716e-001   1.108276837586832e+000   2.826413934960254e+001   2.428507121765658e+003  -2.389316270489263e-001  0.00213   2.128441583681604e-003   2.424646294230827e-002   2.304938118350513e-001   3.915650534971095e+000   4.866604781242077e-002  369.000  308.000   10.000     0 C:\Studies\double_stars\hip\20110217\g074a007.fit
  1  0 2011  2 17 20  2 40      0  223.50228  973.22765    0.06112    0.05550       28.8   0   1   13 0 1 0 0 1  1.40000   2.780052964870072e-001   1.107563363745730e+000   2.146090414465702e+001   2.436957078951484e+003  -2.560576995434174e-001  0.00329   3.288439750034377e-003   3.661506479485165e-002   2.654769811752635e-001   3.309344556861603e+000   7.358301403030024e-002  223.000  973.000   10.000     0 C:\Studies\double_stars\hip\20110217\g074a007.fit
  1  0 2011  2 17 20  2 40      0   34.64343 1315.01455    0.03596    0.03250       33.7   0   1   14 0 1 0 0 1  1.40000   2.735097518998750e-001   1.106056177188692e+000   3.032935024907067e+001   2.434575624300684e+003  -8.777806001917989e-002  0.00187   1.874723962872606e-003   2.144497227089247e-002   2.172347224805713e-001   3.951040901099920e+000   4.279039735131898e-002   34.000 1315.000   10.000     0 C:\Studies\double_stars\hip\20110217\g074a007.fit
  1  0 2011  2 17 20  2 40      0  229.93161 1891.11282    0.03046    0.02679       36.4   0   1   15 0 1 0 0 1  1.40000   2.663950645558947e-001   1.141020652489488e+000   3.449389034836089e+001   2.450602975642684e+003  -2.210342390703827e-001  0.00151   1.508788272008529e-003   1.813814694117252e-002   2.039355310234191e-001   4.322351354076310e+000   3.635943034022580e-002  230.000 1891.000   10.000     0 C:\Studies\double_stars\hip\20110217\g074a007.fit
