  1  0 2011  2 17 20  2 12      0 2322.51893 1675.47510    0.01209    0.01224      301.6   0   1    1 0 1 0 0 1  1.40000   2.382826801972593e-001   9.875568883144830e-001   1.524786238332179e+002   2.590453773453672e+003   3.958296201375249e-002  0.00049   4.918675740129101e-004   5.778496681260321e-003   3.224500148314209e-001   4.444777723086268e+001   1.150079900277113e-002 2322.000 1675.000   10.000     0 C:\Studies\double_stars\hip\20110217\g074a006.fit
  1  0 2011  2 17 20  2 12      0 2466.11566 2151.15389    0.01249    0.01257      504.2   0   1    2 0 1 0 0 1  1.40000   2.383932562632018e-001   9.932369484959042e-001   1.941657190448159e+002   2.734097995240587e+003   4.311416275302427e-002  0.00051   5.079222189752804e-004   5.997911674349098e-003   4.244211729224063e-001   7.489240986731724e+001   1.193895954980877e-002 2466.000 2151.000   10.000     0 C:\Studies\double_stars\hip\20110217\g074a006.fit
  1  0 2011  2 17 20  2 12      0 1643.83107 2390.23383    0.01162    0.01194      723.9   0   1    3 0 1 0 0 1  1.40000   2.396723232364707e-001   9.734221327470217e-001   2.400047596204067e+002   3.437356127936601e+003   5.922700129093055e-002  0.00048   4.781103041290031e-004   5.501297630539886e-003   4.908115430875023e-001   1.080480998638502e+002   1.095290184901458e-002 1644.000 2390.000   10.000     0 C:\Studies\double_stars\hip\20110217\g074a006.fit
  1  0 2011  2 17 20  2 12      0 2681.85098 2128.97708    0.01598    0.01608       80.4   0   1    4 0 1 0 0 1  1.40000   2.320611653760247e-001   9.944421466502513e-001   6.869286115780713e+001   2.471251161049333e+003   3.680200003870556e-002  0.00062   6.206519607012560e-004   7.541165215837972e-003   1.871589048855740e-001   1.188618861362568e+001   1.500353944561099e-002 2681.000 2128.000   10.000     0 C:\Studies\double_stars\hip\20110217\g074a006.fit
  1  0 2011  2 17 20  2 12      0 2611.52612 2816.13415    0.01414    0.01587      101.1   0   1    5 0 1 0 0 1  1.40000   2.095107273618488e-001   8.982648242098232e-001   7.993754617354637e+001   2.385121897116707e+003   1.886304887074875e-001  0.00046   4.632097203340296e-004   5.577322534767967e-003   1.756573646074514e-001   1.928384347375879e+001   1.115782042410623e-002 2611.000 2816.000   10.000     0 C:\Studies\double_stars\hip\20110217\g074a006.fit
  1  0 2011  2 17 20  2 12      0 2018.04558 1561.20042    0.08624    0.08802       31.1   0   1    6 0 1 0 0 1  1.40000   2.480035834792799e-001   9.795158917783736e-001   1.827771250804192e+001   2.440715433491782e+003   8.928322833468963e-002  0.00378   3.777408482776892e-003   4.220451829163711e-002   2.864229528014212e-001   4.364178807814207e+000   8.414494106793931e-002 2019.000 1562.000   10.000     0 C:\Studies\double_stars\hip\20110217\g074a006.fit
  1  0 2011  2 17 20  2 12      0 2300.35181  595.40219    0.04405    0.04426       67.1   0   1    7 0 1 0 0 1  1.40000   2.425013927765043e-001   9.946047737634860e-001   3.771779821855273e+001   2.462374275223134e+003   1.560216398016948e-002  0.00185   1.847687301744799e-003   2.148339319869672e-002   2.955479052895486e-001   9.754487726616139e+000   4.276807062200901e-002 2300.000  596.000   10.000     0 C:\Studies\double_stars\hip\20110217\g074a006.fit
  1  0 2011  2 17 20  2 12      0 1942.78212  837.03990    0.04753    0.04803       30.2   0   1    8 0 1 0 0 1  1.40000   2.428570339927041e-001   9.905579296861337e-001   2.432957623880823e+001   2.438834900860368e+003   1.051890908432631e-001  0.00200   2.000384391657004e-003   2.306748701962820e-002   2.060328812458779e-001   4.390637020628962e+000   4.599586733540246e-002 1943.000  837.000   10.000     0 C:\Studies\double_stars\hip\20110217\g074a006.fit
  1  0 2011  2 17 20  2 12      0  573.60376  894.88287    0.08842    0.09620       28.4   0   1    9 0 1 0 0 1  1.40000   2.379391136307192e-001   9.263299216459547e-001   1.701030328228011e+001   2.438485374072861e+003   1.730720981720832e-001  0.00362   3.622519130835410e-003   3.965208901707572e-002   2.635521124597596e-001   4.318926878944885e+000   7.928583761749272e-002  574.000  894.000   10.000     0 C:\Studies\double_stars\hip\20110217\g074a006.fit
  1  0 2011  2 17 20  2 12      0  553.42800 1194.52222    0.03172    0.03163       35.9   0   1   10 0 1 0 0 1  1.40000   2.258720916994141e-001   1.003128320263003e+000   3.264304842207064e+001   2.442420773284181e+003   5.829833014962643e-002  0.00117   1.169888745036320e-003   1.472602496512750e-002   1.720794702491819e-001   5.624980324990591e+000   2.929895825085391e-002  553.000 1194.000   10.000     0 C:\Studies\double_stars\hip\20110217\g074a006.fit
  1  0 2011  2 17 20  2 12      0  510.03526  255.20026    0.07089    0.07038       31.4   0   1   11 0 1 0 0 1  1.40000   2.367696996251444e-001   1.005512925567567e+000   2.040682222385316e+001   2.423272587224760e+003   5.351231374497459e-002  0.00285   2.846338808006737e-003   3.425453351569636e-002   2.512075347758221e-001   4.568387896609688e+000   6.819171363436503e-002  509.000  255.000   10.000     0 C:\Studies\double_stars\hip\20110217\g074a006.fit
  1  0 2011  2 17 20  2 12      0  370.18162  310.20287    0.04870    0.04985       31.6   0   1   12 0 1 0 0 1  1.40000   2.366748891348272e-001   9.753917814080160e-001   2.454789348784972e+001   2.421818642996614e+003   6.229498291813437e-002  0.00196   1.960003849392905e-003   2.288476918875818e-002   2.076274717806260e-001   4.674609604216160e+000   4.556064569666864e-002  369.000  310.000   10.000     0 C:\Studies\double_stars\hip\20110217\g074a006.fit
  1  0 2011  2 17 20  2 12      0  223.96499  974.81981    0.08133    0.08339       29.7   0   1   13 0 1 0 0 1  1.40000   2.323209469150122e-001   9.775718224508594e-001   1.839900877805301e+001   2.427114392558792e+003   1.749694656232725e-001  0.00316   3.164035984715539e-003   3.745394364692318e-002   2.554488688931871e-001   4.548454194997556e+000   7.490088133138578e-002  223.000  975.000   10.000     0 C:\Studies\double_stars\hip\20110217\g074a006.fit
  1  0 2011  2 17 20  2 12      0   35.11395 1316.82276    0.04279    0.04509       31.3   0   1   14 0 1 0 0 1  1.40000   2.326651644344950e-001   9.515291271852433e-001   2.584730386299853e+001   2.422511958189695e+003   1.267132659398391e-001  0.00167   1.672865927180756e-003   1.931798356818646e-002   1.894775789759401e-001   4.966884222749294e+000   3.853499841168952e-002   35.000 1317.000   10.000     0 C:\Studies\double_stars\hip\20110217\g074a006.fit
  1  0 2011  2 17 20  2 12      0  230.30508 1892.82799    0.03170    0.03318       30.6   0   1   15 0 1 0 0 1  1.40000   2.301181535160365e-001   9.585801106690687e-001   2.980340663106057e+001   2.429436800146004e+003   9.391522542954285e-002  0.00122   1.216871661294156e-003   1.434454814192997e-002   1.601478251373190e-001   4.778642306145487e+000   2.856927758968419e-002  230.000 1892.000   10.000     0 C:\Studies\double_stars\hip\20110217\g074a006.fit
