  1  0 2011  2 17 19 59 48      0 2317.89697 1676.96259    0.01015    0.01066      353.5   0   1    1 0 1 0 0 1  1.40000   2.996023016306560e-001   9.523879996037062e-001   1.780246896242509e+002   2.793881654946953e+003  -3.243956655583454e-002  0.00063   6.331624164989791e-004   5.699211193006246e-003   3.939906032679882e-001   4.109432276908079e+001   1.136825436717731e-002 2318.000 1677.000   10.000     0 C:\Studies\double_stars\hip\20110217\g074a001.fit
  1  0 2011  2 17 19 59 48      0 2461.46750 2152.66912    0.01002    0.01059      557.3   0   1    2 0 1 0 0 1  1.40000   2.940870021782791e-001   9.458758689114662e-001   2.245899385668177e+002   2.904329925627199e+003  -2.547527103529852e-002  0.00060   6.039710455497643e-004   5.501579490816873e-003   4.822009677791793e-001   6.625231844471801e+001   1.097159849265882e-002 2461.000 2153.000   10.000     0 C:\Studies\double_stars\hip\20110217\g074a001.fit
  1  0 2011  2 17 19 59 48      0 1639.11008 2391.75811    0.01511    0.01618     1202.7   0   1    3 0 1 0 0 1  1.40000   2.746125852975304e-001   9.349458433335600e-001   2.682394622100821e+002   3.001038794430512e+003  -7.451177023750161e-002  0.00080   8.036377520092053e-004   7.741580929777710e-003   8.132428391116571e-001   1.510117422911612e+002   1.543615744641010e-002 1638.000 2391.000   10.000     0 C:\Studies\double_stars\hip\20110217\g074a001.fit
  1  0 2011  2 17 19 59 48      0 2677.27272 2130.46516    0.01249    0.01304       86.9   0   1    4 0 1 0 0 1  1.40000   2.877952940169141e-001   9.587934707199108e-001   7.970934079763045e+001   2.504877065720536e+003  -2.595638408403427e-002  0.00072   7.229128920451736e-004   6.821700845446515e-003   2.089714975466269e-001   1.043737829859245e+001   1.360091089215337e-002 2677.000 2130.000   10.000     0 C:\Studies\double_stars\hip\20110217\g074a001.fit
  1  0 2011  2 17 19 59 48      0 2606.87355 2817.67108    0.01456    0.01749      139.1   0   1    5 0 1 0 0 1  1.40000   2.584510890241149e-001   8.388044203643809e-001   9.039771390965771e+001   2.442554543053971e+003   1.632456882521779e-001  0.00070   6.984334177885850e-004   6.367981552466775e-003   2.502962472379498e-001   2.072928166474514e+001   1.274230583398279e-002 2607.000 2818.000   10.000     0 C:\Studies\double_stars\hip\20110217\g074a001.fit
  1  0 2011  2 17 19 59 48      0 2013.32701 1562.71620    0.06264    0.06124       28.7   0   1    6 0 1 0 0 1  1.40000   2.653618483458738e-001   1.023810117850028e+000   2.081556262656271e+001   2.437459267991322e+003   9.084646124413474e-002  0.00310   3.102393284451633e-003   3.385264130673420e-002   2.527573099244039e-001   3.613038136515520e+000   6.753025153510926e-002 2013.000 1562.000   10.000     0 C:\Studies\double_stars\hip\20110217\g074a001.fit
  1  0 2011  2 17 19 59 48      0 2295.62516  596.87536    0.01777    0.01857       37.8   0   1    7 0 1 0 0 1  1.40000   2.994980310342200e-001   9.570681993417431e-001   4.405814226085560e+001   2.465985672838336e+003  -2.091113455380386e-002  0.00111   1.108276846708308e-003   1.002994834841848e-002   1.707475249308655e-001   4.384631442935168e+000   2.000521223535112e-002 2296.000  597.000   10.000     0 C:\Studies\double_stars\hip\20110217\g074a001.fit
  1  0 2011  2 17 19 59 48      0 1938.14788  838.42698    0.03857    0.03885       32.2   0   1    8 0 1 0 0 1  1.40000   2.927630079518605e-001   9.927677942122793e-001   2.783837604752648e+001   2.444340175307415e+003  -2.979719078647297e-003  0.00230   2.300158572597769e-003   2.209393757967491e-002   2.289057944317593e-001   3.728016040073166e+000   4.405817588682596e-002 1938.000  838.000   10.000     0 C:\Studies\double_stars\hip\20110217\g074a001.fit
  1  0 2011  2 17 19 59 48      0  568.55984  896.59951    0.06610    0.07397       29.6   0   1    9 0 1 0 0 1  1.40000   3.059913707283911e-001   8.954948701092493e-001   1.988097976218542e+001   2.444183030741570e+003  -1.003274715253087e-001  0.00431   4.310246343185536e-003   3.561712334370976e-002   2.929840793537847e-001   3.474987406988990e+000   7.115591291160600e-002  569.000  897.000   10.000     0 C:\Studies\double_stars\hip\20110217\g074a001.fit
  1  0 2011  2 17 19 59 48      0  548.65798 1196.01229    0.02199    0.02327       35.5   0   1   10 0 1 0 0 1  1.40000   2.962786091486327e-001   9.454324746973882e-001   3.827089493855941e+001   2.460397296404930e+003  -4.132799787033146e-002  0.00134   1.344467233473972e-003   1.214667541514434e-002   1.816462572104996e-001   4.189529330639594e+000   2.422844736225419e-002  549.000 1196.000   10.000     0 C:\Studies\double_stars\hip\20110217\g074a001.fit
  1  0 2011  2 17 19 59 48      0  505.30007  256.70609    0.05078    0.05777       30.3   0   1   11 0 1 0 0 1  1.40000   3.030756919295512e-001   8.807891049527137e-001   2.283839968052078e+001   2.427344549631154e+003  -7.010449222589686e-002  0.00326   3.261113073232178e-003   2.680697819841833e-002   2.563895304431823e-001   3.558052597534045e+000   5.349122429412591e-002  506.000  256.000   10.000     0 C:\Studies\double_stars\hip\20110217\g074a001.fit
  1  0 2011  2 17 19 59 48      0  365.32690  311.68616    0.03745    0.04039       32.7   0   1   12 0 1 0 0 1  1.40000   2.977707040977863e-001   9.286992279613001e-001   2.800339731907044e+001   2.429750714553771e+003  -6.930614588570941e-002  0.00232   2.317198192936928e-003   2.044415021409799e-002   2.276479461249880e-001   3.831972071315494e+000   4.079345461374209e-002  365.000  311.000   10.000     0 C:\Studies\double_stars\hip\20110217\g074a001.fit
  1  0 2011  2 17 19 59 48      0  219.30193  976.53778    0.05508    0.06349       28.9   0   1   13 0 1 0 0 1  1.40000   3.110364176361188e-001   8.715567123762150e-001   2.136565305036299e+001   2.433324829940944e+003  -1.436169963814007e-001  0.00372   3.715104099723428e-003   2.928888324308424e-002   2.667864744812892e-001   3.355592541909071e+000   5.862062606771619e-002  219.000  976.000   10.000     0 C:\Studies\double_stars\hip\20110217\g074a001.fit
  1  0 2011  2 17 19 59 48      0   30.29904 1318.35173    0.03013    0.03246       32.2   0   1   14 0 1 0 0 1  1.40000   3.127322139233763e-001   9.285486429170506e-001   3.098949256214502e+001   2.442261529536176e+003  -1.410894858347662e-002  0.00204   2.043776704746624e-003   1.718551994123286e-002   2.124361859594439e-001   3.612775014939439e+000   3.428111007876328e-002   30.000 1318.000   10.000     0 C:\Studies\double_stars\hip\20110217\g074a001.fit
  1  0 2011  2 17 19 59 48      0  225.57064 1894.37928    0.02526    0.02777       34.4   0   1   15 0 1 0 0 1  1.40000   3.000875596038456e-001   9.102102343451136e-001   3.479576947601641e+001   2.447886530192305e+003  -3.112925147330967e-002  0.00159   1.586694560416961e-003   1.362935717254104e-002   1.922479428167850e-001   4.057394977162480e+000   2.717965594028750e-002  226.000 1894.000   10.000     0 C:\Studies\double_stars\hip\20110217\g074a001.fit
