  1  0 2011  2 17 20  1 43      0 2321.27072 1675.52622    0.01758    0.01438      533.9   0   1    1 0 1 0 0 1  1.40000   2.604538885406905e-001   1.220321751789634e+000   1.769832458480874e+002   2.746383767772987e+003   5.159251321918659e-002  0.00083   8.311721403391521e-004   1.103117712111671e-002   5.899867578969980e-001   6.233924483240508e+001   2.198968511928205e-002 2321.000 1676.000   10.000     0 C:\Studies\double_stars\hip\20110217\g074a005.fit
  1  0 2011  2 17 20  1 43      0 2464.92963 2151.22997    0.01620    0.01333      792.2   0   1    2 0 1 0 0 1  1.40000   2.574594020534816e-001   1.212683626164926e+000   2.243491172698519e+002   2.822987210688492e+003   4.155616442245500e-002  0.00075   7.504058608078978e-004   1.001522468298185e-002   6.815104819742756e-001   9.286578376438996e+001   1.995720433529805e-002 2464.000 2151.000   10.000     0 C:\Studies\double_stars\hip\20110217\g074a005.fit
  1  0 2011  2 17 20  1 43      0 1642.65081 2390.28619    0.02051    0.01677     1404.5   0   1    3 0 1 0 0 1  1.40000   2.365365484325001e-001   1.216189907665070e+000   2.664130135535760e+002   2.957820826460620e+003   9.618254482435598e-002  0.00081   8.113425282447435e-004   1.181401593231442e-002   9.420593613520329e-001   1.759865815329781e+002   2.353689517127399e-002 1641.000 2390.000   10.000     0 C:\Studies\double_stars\hip\20110217\g074a005.fit
  1  0 2011  2 17 20  1 43      0 2680.74635 2129.03603    0.01674    0.01363      102.6   0   1    4 0 1 0 0 1  1.40000   2.522561123002907e-001   1.225188995669008e+000   7.964006026545380e+001   2.496551801620176e+003   5.754351534829438e-002  0.00075   7.453296445144194e-004   1.025576825034619e-002   2.450170117579942e-001   1.227617350459738e+001   2.043646663618299e-002 2680.000 2129.000   10.000     0 C:\Studies\double_stars\hip\20110217\g074a005.fit
  1  0 2011  2 17 20  1 43      0 2610.39306 2816.20604    0.01956    0.01955      163.6   0   1    5 0 1 0 0 1  1.40000   2.195089597853372e-001   1.008004597132053e+000   8.870718487488666e+001   2.315958151017031e+003   2.558804061079820e-001  0.00069   6.854737287517188e-004   8.786103213229382e-003   2.806566021913163e-001   2.673209791238810e+001   1.766439978295898e-002 2610.000 2816.000   10.000     0 C:\Studies\double_stars\hip\20110217\g074a005.fit
  1  0 2011  2 17 20  1 43      0 2016.77538 1561.20538    0.07032    0.05766       31.7   0   1    6 0 1 0 0 1  1.40000   2.641778619379679e-001   1.217358256848176e+000   2.153884778943254e+001   2.440623468317353e+003   7.754465706338075e-002  0.00342   3.417892815261215e-003   4.458456694464365e-002   2.911661554026956e-001   3.622902284148712e+000   8.891842748518844e-002 2016.000 1562.000   10.000     0 C:\Studies\double_stars\hip\20110217\g074a005.fit
  1  0 2011  2 17 20  1 43      0 2299.04204  595.39014    0.02476    0.02038       45.1   0   1    7 0 1 0 0 1  1.40000   2.585447667243381e-001   1.213924345258689e+000   4.326771253227129e+001   2.463465621027352e+003   1.190142391466553e-001  0.00116   1.155609806787829e-003   1.534021266907471e-002   2.017879158777743e-001   5.292571945415426e+000   3.061108306175119e-002 2299.000  595.000   10.000     0 C:\Studies\double_stars\hip\20110217\g074a005.fit
  1  0 2011  2 17 20  1 43      0 1941.61914  836.94721    0.04496    0.03874       34.5   0   1    8 0 1 0 0 1  1.40000   2.624527067280663e-001   1.167526617774155e+000   2.777176099720128e+001   2.438353275732720e+003   2.892501120240358e-001  0.00216   2.163245645919183e-003   2.684754666557102e-002   2.387554812717737e-001   4.098486120578321e+000   5.401399017889758e-002 1942.000  837.000   10.000     0 C:\Studies\double_stars\hip\20110217\g074a005.fit
  1  0 2011  2 17 20  1 43      0  571.83942  895.00592    0.08299    0.06714       29.9   0   1    9 0 1 0 0 1  1.40000   2.344964768248577e-001   1.234863996647642e+000   1.936285684773812e+001   2.437049579682223e+003   1.865067110784572e-001  0.00323   3.232407099228906e-003   4.800114362301652e-002   2.751299903345305e-001   3.736117764862790e+000   9.585712637280106e-002  573.000  894.000   10.000     0 C:\Studies\double_stars\hip\20110217\g074a005.fit
  1  0 2011  2 17 20  1 43      0  552.05522 1194.46772    0.03046    0.02519       42.1   0   1   10 0 1 0 0 1  1.40000   2.516919478071338e-001   1.208117549088802e+000   3.769649220952588e+001   2.451579039576207e+003   1.671828504653488e-001  0.00135   1.352265660950919e-003   1.831081159633851e-002   2.105747267212596e-001   5.075728918525647e+000   3.658269965526882e-002  551.000 1195.000   10.000     0 C:\Studies\double_stars\hip\20110217\g074a005.fit
  1  0 2011  2 17 20  1 43      0  508.48309  255.07168    0.06645    0.05423       34.0   0   1   11 0 1 0 0 1  1.40000   2.437251854792338e-001   1.222411320900448e+000   2.299767418252615e+001   2.421104821548195e+003   8.295609424685443e-002  0.00277   2.773757308446272e-003   3.939600135203015e-002   2.717482707822275e-001   4.242834370407810e+000   7.850635914874658e-002  508.000  255.000   10.000     0 C:\Studies\double_stars\hip\20110217\g074a005.fit
  1  0 2011  2 17 20  1 43      0  368.68287  310.04119    0.04346    0.03512       32.4   0   1   12 0 1 0 0 1  1.40000   2.431915353773355e-001   1.235789793172973e+000   2.781208360540413e+001   2.418972321215312e+003   1.284265082860336e-001  0.00181   1.805711567876723e-003   2.594481245320011e-002   2.144758340655533e-001   4.026624770130288e+000   5.175238993590790e-002  369.000  310.000   10.000     0 C:\Studies\double_stars\hip\20110217\g074a005.fit
  1  0 2011  2 17 20  1 43      0  222.52693  974.95087    0.06559    0.05418       30.9   0   1   13 0 1 0 0 1  1.40000   2.715840260822903e-001   1.214630418745440e+000   2.199227321130307e+001   2.430257389131731e+003   2.426266594390209e-001  0.00336   3.361760632590382e-003   4.216700467855651e-002   2.849403222814968e-001   3.446025693817953e+000   8.458304237735971e-002  222.000  976.000   10.000     0 C:\Studies\double_stars\hip\20110217\g074a005.fit
  1  0 2011  2 17 20  1 43      0   33.56028 1316.74219    0.03925    0.03205       33.9   0   1   14 0 1 0 0 1  1.40000   2.505033576526941e-001   1.224005476252978e+000   2.986267198154723e+001   2.433106959827310e+003   1.428973172147299e-001  0.00173   1.727264611911151e-003   2.384249991764004e-002   2.141239827747702e-001   4.043759295964111e+000   4.759266405710484e-002   33.000 1316.000   10.000     0 C:\Studies\double_stars\hip\20110217\g074a005.fit
  1  0 2011  2 17 20  1 43      0  228.83960 1892.87073    0.03070    0.02581       35.8   0   1   15 0 1 0 0 1  1.40000   2.554745146671203e-001   1.189010868011783e+000   3.444831834505438e+001   2.444206306295087e+003   1.421946893944475e-001  0.00140   1.401467552387905e-003   1.841960527517342e-002   1.969165386257201e-001   4.337804876463889e+000   3.678152234754445e-002  229.000 1893.000   10.000     0 C:\Studies\double_stars\hip\20110217\g074a005.fit
