  1  0 2011  2 17 20  0 46      0 2319.40211 1675.76526    0.01167    0.01114      379.5   0   1    1 0 1 0 0 1  1.40000   2.905268190436321e-001   1.049095293587703e+000   1.761404170810466e+002   2.970138613154196e+003  -1.168020922304755e-001  0.00068   6.837420185423265e-004   6.971377167195111e-003   4.344959206301902e-001   4.320822197050304e+001   1.392917565303204e-002 2319.000 1676.000   10.000     0 C:\Studies\double_stars\hip\20110217\g074a003.fit
  1  0 2011  2 17 20  0 46      0 2463.05281 2151.46857    0.01147    0.01106      606.2   0   1    2 0 1 0 0 1  1.40000   2.916662033464468e-001   1.038019044182415e+000   2.239799995135687e+002   3.286936785268089e+003  -1.106226111912700e-001  0.00068   6.777091199928248e-004   6.812257047089132e-003   5.452660277016020e-001   6.879311081209619e+001   1.360790534536981e-002 2463.000 2151.000   10.000     0 C:\Studies\double_stars\hip\20110217\g074a003.fit
  1  0 2011  2 17 20  0 46      0 1640.80100 2390.49697    0.01663    0.01617     1246.9   0   1    3 0 1 0 0 1  1.40000   2.695680867956084e-001   1.029959213594986e+000   2.664905835750919e+002   3.593326761067126e+003  -1.274089923011100e-001  0.00085   8.479110530036501e-004   9.144654935086391e-003   8.718045232012163e-001   1.533864248206913e+002   1.826364382781357e-002 1640.000 2390.000   10.000     0 C:\Studies\double_stars\hip\20110217\g074a003.fit
  1  0 2011  2 17 20  0 46      0 2678.78404 2129.26451    0.01300    0.01252       86.9   0   1    4 0 1 0 0 1  1.40000   2.882381464127274e-001   1.040921948155942e+000   7.970908045305923e+001   2.553354946540214e+003  -1.469035305302982e-001  0.00075   7.509313835159696e-004   7.643127802159654e-003   2.174320293919303e-001   9.995344561402279e+000   1.528611035912227e-002 2679.000 2129.000   10.000     0 C:\Studies\double_stars\hip\20110217\g074a003.fit
  1  0 2011  2 17 20  0 46      0 2608.46005 2816.44719    0.01751    0.01951      154.0   0   1    5 0 1 0 0 1  1.40000   2.450192208679695e-001   9.009435252097018e-001   8.840486476111232e+001   2.455301642021348e+003   1.340594695524641e-001  0.00076   7.562023527178488e-004   7.841440791459996e-003   2.790050620122124e-001   2.352695226838398e+001   1.565660686483273e-002 2608.000 2817.000   10.000     0 C:\Studies\double_stars\hip\20110217\g074a003.fit
  1  0 2011  2 17 20  0 46      0 2015.02213 1561.43183    0.06917    0.06409       31.1   0   1    6 0 1 0 0 1  1.40000   2.757230895196522e-001   1.078449179969189e+000   2.087276094753669e+001   2.444459886597870e+003   1.901688035768218e-002  0.00367   3.665996942153742e-003   4.062092503423024e-002   2.899766939776354e-001   3.664601068413143e+000   8.098135620349814e-002 2015.000 1561.000   10.000     0 C:\Studies\double_stars\hip\20110217\g074a003.fit
  1  0 2011  2 17 20  0 46      0 2297.12521  595.66972    0.02057    0.01990       40.6   0   1    7 0 1 0 0 1  1.40000   2.872448926356382e-001   1.034152406211369e+000   4.326813571027437e+001   2.472480088077517e+003  -8.037696639966155e-002  0.00118   1.181087211248797e-003   1.202705443485810e-002   1.861227391543762e-001   4.672766591622294e+000   2.400241357257659e-002 2297.000  595.000   10.000     0 C:\Studies\double_stars\hip\20110217\g074a003.fit
  1  0 2011  2 17 20  0 46      0 1939.66779  837.23748    0.03883    0.03789       32.7   0   1    8 0 1 0 0 1  1.40000   3.041811274487152e-001   1.025557903471799e+000   2.818763052436988e+001   2.448550890448847e+003  -1.002414145754175e-001  0.00249   2.485714127286325e-003   2.367741616878486e-002   2.419518454204822e-001   3.589018971475292e+000   4.729937557705053e-002 1940.000  837.000   10.000     0 C:\Studies\double_stars\hip\20110217\g074a003.fit
  1  0 2011  2 17 20  0 46      0  570.42390  895.19510    0.07904    0.07500       31.7   0   1    9 0 1 0 0 1  1.40000   2.709630107217815e-001   1.058340881410787e+000   1.962623338394035e+001   2.438185059093030e+003  -2.478439075693024e-001  0.00407   4.068169539860681e-003   4.440716141705439e-002   3.062821219703197e-001   3.752955501628424e+000   8.922688235541805e-002  572.000  895.000   10.000     0 C:\Studies\double_stars\hip\20110217\g074a003.fit
  1  0 2011  2 17 20  0 46      0  550.45577 1194.64488    0.02573    0.02461       38.6   0   1   10 0 1 0 0 1  1.40000   2.853446953359470e-001   1.047430107013233e+000   3.779918866309956e+001   2.467951505438194e+003  -1.398588367402558e-001  0.00146   1.458727906768382e-003   1.510037318594732e-002   2.020868883741041e-001   4.428804038272911e+000   3.018590269085733e-002  550.000 1194.000   10.000     0 C:\Studies\double_stars\hip\20110217\g074a003.fit
  1  0 2011  2 17 20  0 46      0  506.89929  255.28776    0.05753    0.05681       32.2   0   1   11 0 1 0 0 1  1.40000   2.954317683697887e-001   1.015221507302875e+000   2.290962076243766e+001   2.436685961657155e+003  -1.472426881480881e-001  0.00349   3.486615265430179e-003   3.375603611155074e-002   2.833515251458280e-001   3.658251573276451e+000   6.752907900366384e-002  507.000  255.000   10.000     0 C:\Studies\double_stars\hip\20110217\g074a003.fit
  1  0 2011  2 17 20  0 46      0  367.12501  310.35071    0.03671    0.03580       30.9   0   1   12 0 1 0 0 1  1.40000   2.899549973398801e-001   1.030359567816249e+000   2.820193474008021e+001   2.431710106106732e+003  -2.077992776247517e-001  0.00215   2.146120962771995e-003   2.138066474067055e-002   2.185164679903788e-001   3.550697761099760e+000   4.288985264116590e-002  367.000  310.000   10.000     0 C:\Studies\double_stars\hip\20110217\g074a003.fit
  1  0 2011  2 17 20  0 46      0  220.95861  975.13856    0.05928    0.05934       28.5   0   1   13 0 1 0 0 1  1.40000   3.108393812093994e-001   9.990309452216224e-001   2.116351276961317e+001   2.442123085983104e+003  -4.596734008538338e-002  0.00396   3.958518947742203e-003   3.600925462775722e-002   2.833168712421608e-001   3.110635409146878e+000   7.186672916639622e-002  221.000  975.000   10.000     0 C:\Studies\double_stars\hip\20110217\g074a003.fit
  1  0 2011  2 17 20  0 46      0   32.02900 1317.06946    0.03316    0.03257       32.7   0   1   14 0 1 0 0 1  1.40000   2.921800514796013e-001   1.018129979709025e+000   3.046793153375215e+001   2.439387177582775e+003  -5.681976574377411e-002  0.00197   1.966245754281214e-003   1.939145314434143e-002   2.148099932625836e-001   3.765677747196765e+000   3.869099113945824e-002   32.000 1317.000   10.000     0 C:\Studies\double_stars\hip\20110217\g074a003.fit
  1  0 2011  2 17 20  0 46      0  227.30504 1893.10311    0.02691    0.02586       33.5   0   1   15 0 1 0 0 1  1.40000   2.877392129080056e-001   1.041378972144741e+000   3.439356048007591e+001   2.455499134937850e+003  -1.027514060549209e-001  0.00155   1.548831682233524e-003   1.583911990034624e-002   1.938560940841920e-001   3.860591163652389e+000   3.163080576668509e-002  227.000 1893.000   10.000     0 C:\Studies\double_stars\hip\20110217\g074a003.fit
