  1  0 2011  2 17 20  1 14      0 2319.78301 1675.44815    0.01012    0.01105      394.5   0   1    1 0 1 0 0 1  1.40000   3.350928677240644e-001   9.169993514233160e-001   1.864130406309499e+002   3.068473793549245e+003  -5.837612305170175e-002  0.00078   7.838349319027996e-004   6.067589346720853e-003   4.590639135237229e-001   4.156389155414211e+001   1.211498694306691e-002 2320.000 1675.000   10.000     0 C:\Studies\double_stars\hip\20110217\g074a004.fit
  1  0 2011  2 17 20  1 14      0 2463.39752 2151.12901    0.01033    0.01130      649.9   0   1    2 0 1 0 0 1  1.40000   3.325918205962245e-001   9.156350970342627e-001   2.367005739282809e+002   3.422348920068510e+003  -9.021895254596574e-002  0.00079   7.884874185658221e-004   6.131730164593291e-003   5.906043489314123e-001   6.917680312408875e+001   1.225200966522237e-002 2463.000 2151.000   10.000     0 C:\Studies\double_stars\hip\20110217\g074a004.fit
  1  0 2011  2 17 20  1 14      0 1641.11006 2390.24721    0.01542    0.01698     1252.8   0   1    3 0 1 0 0 1  1.40000   2.843421306900226e-001   9.099616713576813e-001   2.691084905696168e+002   3.254208119919113e+003  -1.831461036877569e-002  0.00088   8.789662142773246e-004   7.970508986668214e-003   8.623249819056791e-001   1.512578969236922e+002   1.588211321565603e-002 1640.000 2389.000   10.000     0 C:\Studies\double_stars\hip\20110217\g074a004.fit
  1  0 2011  2 17 20  1 14      0 2679.20810 2128.92964    0.01115    0.01206       87.2   0   1    4 0 1 0 0 1  1.40000   3.277726018111716e-001   9.254738759108285e-001   8.367880901963360e+001   2.585673879462128e+003  -7.709842496789358e-002  0.00083   8.268703659830308e-004   6.599449340461657e-003   2.221060823291078e-001   9.384360884784593e+000   1.318164632813617e-002 2679.000 2129.000   10.000     0 C:\Studies\double_stars\hip\20110217\g074a004.fit
  1  0 2011  2 17 20  1 14      0 2608.85564 2816.15117    0.01582    0.01953      161.2   0   1    5 0 1 0 0 1  1.40000   2.760209182311911e-001   8.172109248922498e-001   9.265280760704135e+001   2.496170493135398e+003   1.786939379239098e-001  0.00086   8.585346615081139e-004   7.121064835666262e-003   2.969632321028418e-001   2.229206532034937e+001   1.427431084140795e-002 2609.000 2816.000   10.000     0 C:\Studies\double_stars\hip\20110217\g074a004.fit
  1  0 2011  2 17 20  1 14      0 2015.25058 1561.08169    0.05464    0.05925       29.7   0   1    6 0 1 0 0 1  1.40000   3.270788801860737e-001   9.232888220195583e-001   2.205001927070519e+001   2.441838012438066e+003  -7.860484795220163e-002  0.00404   4.037163634225617e-003   3.221201070559260e-002   2.862782353900856e-001   3.203750071624987e+000   6.433940736226657e-002 2015.000 1561.000   10.000     0 C:\Studies\double_stars\hip\20110217\g074a004.fit
  1  0 2011  2 17 20  1 14      0 2297.63328  595.35903    0.01746    0.01909       39.7   0   1    7 0 1 0 0 1  1.40000   3.201015604331561e-001   9.156706507656951e-001   4.502850409993685e+001   2.469427697849401e+003  -6.376515403556457e-002  0.00124   1.239562417402550e-003   1.002981361610102e-002   1.830366036277042e-001   4.367191452820358e+000   2.002154142451548e-002 2297.000  595.000   10.000     0 C:\Studies\double_stars\hip\20110217\g074a004.fit
  1  0 2011  2 17 20  1 14      0 1940.11769  836.94006    0.03400    0.03657       32.1   0   1    8 0 1 0 0 1  1.40000   3.261588334733683e-001   9.300902369891025e-001   2.910604952957274e+001   2.445592148367066e+003  -4.176676319256751e-002  0.00250   2.496887341518802e-003   2.015169158221782e-002   2.344211338580949e-001   3.461338981151325e+000   4.022325807264521e-002 1940.000  837.000   10.000     0 C:\Studies\double_stars\hip\20110217\g074a004.fit
  1  0 2011  2 17 20  1 14      0  570.69576  894.91490    0.05366    0.06231       29.0   0   1    9 0 1 0 0 1  1.40000   3.497734006329371e-001   8.618692526691165e-001   2.162577707934921e+001   2.445636516027008e+003   3.241942422987101e-002  0.00452   4.522879236715964e-003   3.154525524880732e-002   2.946517116731337e-001   3.033883458070573e+000   6.296652289724233e-002  571.000  895.000   10.000     0 C:\Studies\double_stars\hip\20110217\g074a004.fit
  1  0 2011  2 17 20  1 14      0  550.81515 1194.51223    0.02018    0.02224       35.2   0   1   10 0 1 0 0 1  1.40000   3.180448885334408e-001   9.081921434298794e-001   3.932729401712378e+001   2.464321506636163e+003  -3.373775965886496e-002  0.00142   1.415524478309923e-003   1.144385389348316e-002   1.836282735150253e-001   3.909585227783710e+000   2.283200207916121e-002  551.000 1194.000   10.000     0 C:\Studies\double_stars\hip\20110217\g074a004.fit
  1  0 2011  2 17 20  1 14      0  507.16337  255.14015    0.04656    0.04931       31.5   0   1   11 0 1 0 0 1  1.40000   3.277547366168800e-001   9.443396204877294e-001   2.475091209841406e+001   2.429245455265584e+003   1.752015767540779e-002  0.00345   3.449917654980557e-003   2.814324221833531e-002   2.742574863314354e-001   3.356778478576090e+000   5.616488742999125e-002  507.000  255.000   10.000     0 C:\Studies\double_stars\hip\20110217\g074a004.fit
  1  0 2011  2 17 20  1 14      0  367.48363  310.12288    0.03161    0.03390       31.0   0   1   12 0 1 0 0 1  1.40000   3.222525369120730e-001   9.334887464438909e-001   2.968413064800791e+001   2.429147616212600e+003  -6.956308996610995e-002  0.00227   2.269671530265072e-003   1.859223738551414e-002   2.197639382703702e-001   3.364680239189201e+000   3.712368258182641e-002  367.000  310.000   10.000     0 C:\Studies\double_stars\hip\20110217\g074a004.fit
  1  0 2011  2 17 20  1 14      0  221.18137  975.00900    0.05302    0.05637       29.3   0   1   13 0 1 0 0 1  1.40000   3.168684578605313e-001   9.409088618093250e-001   2.234086565792976e+001   2.430758695300005e+003   3.551438232354831e-002  0.00368   3.683477474006185e-003   3.096324188409794e-002   2.728475080421736e-001   3.232482960529726e+000   6.178786464368611e-002  221.000  975.000   10.000     0 C:\Studies\double_stars\hip\20110217\g074a004.fit
  1  0 2011  2 17 20  1 14      0   32.30748 1316.79768    0.02727    0.03067       31.3   0   1   14 0 1 0 0 1  1.40000   3.326397019579846e-001   8.896624712906466e-001   3.177384040313430e+001   2.443417156287138e+003   4.152984146573197e-002  0.00208   2.084378491775543e-003   1.577761902430354e-002   2.094203481289028e-001   3.388444649188843e+000   3.149164317493351e-002   32.000 1317.000   10.000     0 C:\Studies\double_stars\hip\20110217\g074a004.fit
  1  0 2011  2 17 20  1 14      0  227.57577 1892.84866    0.02149    0.02352       32.3   0   1   15 0 1 0 0 1  1.40000   3.260145446712207e-001   9.142350029387750e-001   3.658184585492521e+001   2.454587882897451e+003  -6.849309384835663e-003  0.00158   1.578847741160310e-003   1.253757473441544e-002   1.862757747767860e-001   3.512294467057959e+000   2.501634748852029e-002  228.000 1893.000   10.000     0 C:\Studies\double_stars\hip\20110217\g074a004.fit
