-0.0059052926617266 0.0157791787668348
0.051480741072514 0.0867275125148542
-0.0492277043318911 -0.0715268557225239
-0.103417477120645 -0.063127640340513
-0.0936929587948795 -0.0931254995453313
0.890672422017114 0.285881404568275
0.0777356982273161 0.132034756037128
0.0083448243192566 -0.109275230200197
-0.0709372754479864 0.316092192947616
-0.0766074391797825 -0.264901942656912
0.153397398692789 -0.429620364991839
-0.435208725024419 -0.00138986948622835
-0.0487596373671301 0.259389988611212
0.0397384110370478 -0.0137379024956337
0.22107331398963 0.240931170587763
