2320.544985 1675.3922725 0.0118625 0.0115225
2464.1531825 2151.07848125 0.01169375 0.011415
1641.85259875 2390.1549625 0.0153125 0.01513
2679.92511375 2128.89173375 0.01353625 0.01317
2609.57943875 2816.06750375 0.0163325 0.01848375
2016.05274125 1561.08448625 0.06843 0.06736
2298.3071925 595.29746 0.023595 0.0231875
1940.8300425 836.86920625 0.0399625 0.039815
571.36302125 894.88335375 0.0744125 0.07471625
551.44029375 1194.37851375 0.02549125 0.02490625
507.90572375 255.05083875 0.0560025 0.0557025
368.09616375 310.0236425 0.0390225 0.03904625
221.940105 974.84236625 0.06235125 0.0634
33.02858625 1316.69554375 0.0343 0.034485
228.28845125 1892.75103125 0.02708125 0.02719625
