  1  0 2009 12 17  0 31 47      0 2267.49187 1709.52090    0.00809    0.00840       75.1   0   1    1 0 1 0 0 1  1.40000   1.308406816960078e-001   9.591390314199708e-001   9.641166694493002e+001   1.925984335047266e+003  -1.044630090575442e-002  0.00012   1.216383265175102e-004   2.546146994395811e-003   7.637653546247236e-002   3.418786250950819e+001   4.997291438905686e-003 2267.000 1710.000   10.000     0 C:\Studies\double_stars\hip\20091216\g074a004.fit
  1  0 2009 12 17  0 31 47      0 2411.56981 2185.21457    0.00800    0.00847      118.2   0   1    2 0 1 0 0 1  1.40000   1.293066167269003e-001   9.486445923299210e-001   1.216305689366211e+002   1.711018522426927e+003  -3.029052116165427e-002  0.00012   1.187357977035975e-004   2.487331802286986e-003   9.416167559015920e-002   5.503097538715245e+001   4.883110087194342e-003 2412.000 2185.000   10.000     0 C:\Studies\double_stars\hip\20091216\g074a004.fit
  1  0 2009 12 17  0 31 47      0 1589.13962 2424.37203    0.00753    0.00787      169.6   0   1    3 0 1 0 0 1  1.40000   1.246092018042257e-001   9.640145572833627e-001   1.514447643921065e+002   1.604398780863432e+003   2.540056094209062e-003  0.00011   1.055558844297154e-004   2.333382701446534e-003   1.063837574758655e-001   8.444538393314772e+001   4.573700596342416e-003 1589.000 2424.000   10.000     0 C:\Studies\double_stars\hip\20091216\g074a004.fit
  1  0 2009 12 17  0 31 47      0 2627.14078 2162.82554    0.02098    0.02168       40.2   0   1    4 0 1 0 0 1  1.40000   1.239396802736603e-001   9.668630408981807e-001   4.417243541370534e+001   2.013087158366236e+003  -2.358130884860386e-002  0.00029   2.914151123215115e-004   6.496674363079069e-003   8.611970603510374e-002   2.088775141079193e+001   1.272974074249358e-002 2627.000 2163.000   10.000     0 C:\Studies\double_stars\hip\20091216\g074a004.fit
  1  0 2009 12 17  0 31 47      0 2557.17806 2849.99149    0.01491    0.01670       43.2   0   1    5 0 1 0 0 1  1.40000   1.176848534060419e-001   9.068079544375108e-001   5.419241520073425e+001   1.909738053845230e+003   4.242766812636546e-002  0.00020   1.972953568074955e-004   4.351420762410238e-003   7.141385442245338e-002   2.732263488315498e+001   8.507666295803022e-003 2557.000 2850.000   10.000     0 C:\Studies\double_stars\hip\20091216\g074a004.fit
  1  0 2009 12 17  0 31 47      0 1962.90834 1595.19176    0.17076    0.17494       23.5   0   1    6 0 1 0 0 1  1.40000   1.189732975714034e-001   9.801129888878636e-001   1.215218024846583e+001   2.076090345591437e+003   1.514114714523171e-002  0.00218   2.184804804862053e-003   5.141138826638633e-002   1.786655021904927e-001   1.092112296146616e+001   1.013175861195136e-001 1964.000 1597.000   10.000     0 C:\Studies\double_stars\hip\20091216\g074a004.fit
  1  0 2009 12 17  0 31 47      0 2244.78772  629.37537    0.04811    0.04850       27.1   0   1    7 0 1 0 0 1  1.40000   1.315742478815462e-001   9.778657847577872e-001   2.408614756113965e+001   2.079469543670757e+003  -4.077799207250172e-002  0.00072   7.158727154201908e-004   1.517576787802986e-002   1.116943036841017e-001   1.075767659564093e+001   2.989341394019162e-002 2246.000  629.000   10.000     0 C:\Studies\double_stars\hip\20091216\g074a004.fit
  1  0 2009 12 17  0 31 47      0 1887.31111  870.93735    0.10272    0.11704       24.1   0   1    8 0 1 0 0 1  1.40000   1.373892530039282e-001   8.897790846085238e-001   1.494577059474637e+001   2.090236839138184e+003   9.170155832600847e-002  0.00171   1.708360708156235e-003   3.152811733428733e-002   1.592117966310590e-001   1.062387941334884e+001   6.208770609227166e-002 1887.000  871.000   10.000     0 C:\Studies\double_stars\hip\20091216\g074a004.fit
  1  0 2009 12 17  0 31 47      0  518.11929  929.73870    0.17027    0.20381       21.7   0   1    9 0 1 0 0 1  1.40000   1.306807848756174e-001   9.075435825813319e-001   1.132569015816864e+001   2.086094406187076e+003  -5.172335926352128e-002  0.00261   2.609649527480185e-003   5.163399207158191e-002   1.833253893003065e-001   7.766613353914965e+000   1.018128050769772e-001  518.000  933.000   10.000     0 C:\Studies\double_stars\hip\20091216\g074a004.fit
  1  0 2009 12 17  0 31 47      0  498.09576 1229.11856    0.06268    0.06144       26.3   0   1   10 0 1 0 0 1  1.40000   1.144504874621678e-001   1.012503812282012e+000   2.121425040802296e+001   2.059744546807021e+003  -2.330705070878771e-003  0.00076   7.625096116827216e-004   1.930908624009285e-002   1.130783574496483e-001   1.541249272075606e+001   3.774667726000326e-002  498.000 1230.000   10.000     0 C:\Studies\double_stars\hip\20091216\g074a004.fit
  1  0 2009 12 17  0 31 47      0  454.04580  289.85111    0.14144    0.14958       23.1   0   1   11 0 1 0 0 1  1.40000   1.380107033700463e-001   9.185264881833732e-001   1.284385436170130e+001   2.083471011506894e+003  -7.914521742096090e-002  0.00227   2.270520818583942e-003   4.302441573718236e-002   1.800996979047344e-001   8.053940758574143e+000   8.485088821159530e-002  456.000  290.000   10.000     0 C:\Studies\double_stars\hip\20091216\g074a004.fit
  1  0 2009 12 17  0 31 47      0  314.09504  344.59895    0.10089    0.10659       24.4   0   1   12 0 1 0 0 1  1.40000   1.232502509341096e-001   9.609058610289172e-001   1.571635858452068e+001   2.068572352140680e+003   4.811844018426116e-002  0.00139   1.393468566564290e-003   3.102722944718246e-002   1.459342866600607e-001   1.211330675595310e+001   6.084442190422491e-002  314.000  346.000   10.000     0 C:\Studies\double_stars\hip\20091216\g074a004.fit
  1  0 2009 12 17  0 31 47      0  168.53651 1009.88774    0.16992    0.20501       23.1   0   1   13 0 1 0 0 1  1.40000   1.486374808805507e-001   8.543641248400350e-001   1.120435934854935e+001   2.096147253720187e+003   3.642949659250717e-002  0.00322   3.222385643138655e-003   5.285253907883462e-002   2.128157847208810e-001   8.242381336500374e+000   1.041436980722844e-001  168.000 1009.000   10.000     0 C:\Studies\double_stars\hip\20091216\g074a004.fit
  1  0 2009 12 17  0 31 47      0  175.49110 1927.82541    0.07465    0.07922       25.4   0   1   14 0 1 0 0 1  1.40000   1.249407024989075e-001   9.659273581186780e-001   1.905833969177708e+001   2.081755305831017e+003   2.574929632242378e-002  0.00103   1.027446003584090e-003   2.263544297694247e-002   1.265503000361134e-001   9.427309206852755e+000   4.497005019689356e-002  177.000 1926.000   10.000     0 C:\Studies\double_stars\hip\20091216\g074a004.fit
