  1  0 2009 12 17  0 30 49      0 2266.39557 1709.22439    0.01067    0.01132       76.0   0   1    1 0 1 0 0 1  1.40000   1.156893706091596e-001   9.503346041126242e-001   8.627045565225411e+001   1.913988927758828e+003   1.195891069137371e-001  0.00013   1.348744665559435e-004   3.158249045848045e-003   7.919054851020344e-002   4.579341297108436e+001   6.221165120788003e-003 2266.000 1709.000   10.000     0 C:\Studies\double_stars\hip\20091216\g074a002.fit
  1  0 2009 12 17  0 30 49      0 2410.35758 2184.89087    0.00895    0.00933      101.3   0   1    2 0 1 0 0 1  1.40000   1.160376561112507e-001   9.599882148663945e-001   1.088011606247342e+002   1.854080916025039e+003   1.132765613042208e-001  0.00011   1.132245576632292e-004   2.671464309007956e-003   8.417375086574905e-002   6.146236593424313e+001   5.253413825701134e-003 2410.000 2185.000   10.000     0 C:\Studies\double_stars\hip\20091216\g074a002.fit
  1  0 2009 12 17  0 30 49      0 1588.17676 2424.02797    0.00841    0.00882      148.5   0   1    3 0 1 0 0 1  1.40000   1.158541076868844e-001   9.579686947885094e-001   1.357391053864078e+002   2.031549643188662e+003   1.076090017538730e-001  0.00011   1.064360589926352e-004   2.510827471604919e-003   9.871828740623284e-002   9.085400403535230e+001   4.934291519773308e-003 1588.000 2424.000   10.000     0 C:\Studies\double_stars\hip\20091216\g074a002.fit
  1  0 2009 12 17  0 30 49      0 2625.84752 2162.46232    0.02229    0.02354       33.2   0   1    4 0 1 0 0 1  1.40000   1.157712985455607e-001   9.615924354467513e-001   3.949181415106137e+001   2.063512035287934e+003   1.102435281443317e-001  0.00028   2.816105426870389e-004   6.670244016668472e-003   7.592044983717119e-002   1.955787035554384e+001   1.310301478932639e-002 2626.000 2162.000   10.000     0 C:\Studies\double_stars\hip\20091216\g074a002.fit
  1  0 2009 12 17  0 30 49      0 2555.88130 2849.71705    0.01868    0.02074       42.8   0   1    5 0 1 0 0 1  1.40000   1.102019722336553e-001   9.153693215241273e-001   4.895947745392768e+001   1.987890898785465e+003   1.382174884065843e-001  0.00023   2.252952316321623e-004   5.336950018324712e-003   7.530292203455176e-002   3.182419167599411e+001   1.049817225751531e-002 2556.000 2850.000   10.000     0 C:\Studies\double_stars\hip\20091216\g074a002.fit
  1  0 2009 12 17  0 30 49      0 1962.39476 1595.02391    0.25983    0.28653       22.3   0   1    6 0 1 0 0 1  1.40000   1.188544184807758e-001   9.944210966742044e-001   9.730235216034382e+000   2.097173146077045e+003   8.388753401362793e-002  0.00334   3.337176406190540e-003   7.934922637369854e-002   2.119439759551121e-001   7.936582453370748e+000   1.576897430632606e-001 1962.000 1592.000   10.000     0 C:\Studies\double_stars\hip\20091216\g074a002.fit
  1  0 2009 12 17  0 30 49      0 2243.81645  629.09308    0.06239    0.06520       27.0   0   1    7 0 1 0 0 1  1.40000   1.077677740431551e-001   9.641767630498277e-001   2.163354656656680e+001   2.057704608263767e+003   1.356138713161620e-001  0.00071   7.126997911094531e-004   1.818275532347085e-002   1.078310967586621e-001   1.963373116574245e+001   3.574380324851323e-002 2244.000  629.000   10.000     0 C:\Studies\double_stars\hip\20091216\g074a002.fit
  1  0 2009 12 17  0 30 49      0 1886.17959  870.63572    0.15480    0.14902       24.2   0   1    8 0 1 0 0 1  1.40000   1.054725254750707e-001   9.663936453723943e-001   1.376817325421440e+001   2.076312451034947e+003   1.470892606651822e-001  0.00157   1.570109764880299e-003   4.093461983656566e-002   1.488174053914768e-001   1.412917409179935e+001   8.056671382191791e-002 1884.000  871.000   10.000     0 C:\Studies\double_stars\hip\20091216\g074a002.fit
  1  0 2009 12 17  0 30 49      0  516.39146  929.13830    0.25168    0.29197       23.0   0   1    9 0 1 0 0 1  1.40000   1.718689832515789e-001   8.445276157365398e-001   9.344231204094861e+000   2.107074546264497e+003  -5.275179631749400e-002  0.00589   5.888690648814625e-003   8.224368362700266e-002   2.843892885695510e-001   4.565371950697936e+000   1.635897260944969e-001  513.000  928.000   10.000     0 C:\Studies\double_stars\hip\20091216\g074a002.fit
  1  0 2009 12 17  0 30 49      0  497.41751 1228.97893    0.07919    0.08064       26.1   0   1   10 0 1 0 0 1  1.40000   1.292854356319921e-001   9.606164145214904e-001   1.848404805853817e+001   2.109257417256966e+003   1.299674326814524e-001  0.00115   1.146348674281315e-003   2.420627262573600e-002   1.374731462027817e-001   1.083269393399510e+001   4.786935187882108e-002  496.000 1229.000   10.000     0 C:\Studies\double_stars\hip\20091216\g074a002.fit
  1  0 2009 12 17  0 30 49      0  453.03507  289.74864    0.18272    0.20198       22.6   0   1   11 0 1 0 0 1  1.40000   1.170811964253951e-001   9.753289148180626e-001   1.158660916760644e+001   2.078954517917851e+003   2.729331980043543e-002  0.00231   2.311330823027464e-003   5.495781527562924e-002   1.772578941195797e-001   9.270139351428293e+000   1.079628042624248e-001  453.000  293.000   10.000     0 C:\Studies\double_stars\hip\20091216\g074a002.fit
  1  0 2009 12 17  0 30 49      0  313.30536  344.46512    0.12573    0.13985       22.5   0   1   12 0 1 0 0 1  1.40000   1.157516367977087e-001   9.522485124122386e-001   1.376341850229950e+001   2.078670416231310e+003   2.231386128516708e-001  0.00158   1.583445170507201e-003   3.672361013249140e-002   1.458406662725399e-001   1.144003321804308e+001   7.278306517725251e-002  314.000  343.000   10.000     0 C:\Studies\double_stars\hip\20091216\g074a002.fit
  1  0 2009 12 17  0 30 49      0  167.47563 1009.66305    0.26325    0.23452       23.2   0   1   13 0 1 0 0 1  1.40000   1.185975031295102e-001   1.108423496232655e+000   9.863370651559924e+000   2.096750390471624e+003   1.217961284253512e-001  0.00326   3.261673268157091e-003   8.706839454198903e-002   2.264262820109504e-001   1.022122586108882e+001   1.709698480869346e-001  168.000 1009.000   10.000     0 C:\Studies\double_stars\hip\20091216\g074a002.fit
  1  0 2009 12 17  0 30 49      0  174.37005 1927.58354    0.08552    0.09081       23.2   0   1   14 0 1 0 0 1  1.40000   1.043748558274277e-001   9.549776979927696e-001   1.737832625781713e+001   2.069535667396747e+003   4.651969997099670e-002  0.00093   9.258920594761883e-004   2.426304007066431e-002   1.124773515124566e-001   1.681334636932646e+001   4.750091248485588e-002  175.000 1929.000   10.000     0 C:\Studies\double_stars\hip\20091216\g074a002.fit
