  1  0 2009 12 17  0 33 13      0 2266.78239 1709.12585    0.01015    0.01095      100.3   0   1    1 0 1 0 0 1  1.40000   1.302060206917668e-001   9.345741356358630e-001   9.886696359588083e+001   1.686537259756949e+003   4.131193678435233e-002  0.00015   1.533590666077702e-004   3.142883135693894e-003   9.823950971646732e-002   4.751279519796194e+001   6.167748185383907e-003 2267.000 1709.000   10.000     0 C:\Studies\double_stars\hip\20091216\g074a007.fit
  1  0 2009 12 17  0 33 13      0 2410.67598 2184.93576    0.00921    0.00971      141.7   0   1    2 0 1 0 0 1  1.40000   1.275220450156245e-001   9.456228622525170e-001   1.245889428077475e+002   1.327938029856137e+003   4.806961752842247e-002  0.00013   1.335614083331690e-004   2.827725381927167e-003   1.090277672200806e-001   6.811405592282684e+001   5.551672706047804e-003 2410.000 2185.000   10.000     0 C:\Studies\double_stars\hip\20091216\g074a007.fit
  1  0 2009 12 17  0 33 13      0 1588.38299 2424.11323    0.00911    0.00981      222.0   0   1    3 0 1 0 0 1  1.40000   1.294676856870115e-001   9.348621653164412e-001   1.555709814116186e+002   1.434230974116949e+003   3.286869274698506e-002  0.00014   1.363018529882963e-004   2.810781853045859e-003   1.376982280317876e-001   1.057831343875112e+002   5.516327686059828e-003 1588.000 2424.000   10.000     0 C:\Studies\double_stars\hip\20091216\g074a007.fit
  1  0 2009 12 17  0 33 13      0 2626.30897 2162.53298    0.01767    0.01908       36.0   0   1    4 0 1 0 0 1  1.40000   1.281233520230034e-001   9.397731367459606e-001   4.513140637641318e+001   1.999966425366934e+003   4.352448031813643e-002  0.00026   2.601635777130669e-004   5.447953032044029e-003   7.653051061034984e-002   1.691614921707384e+001   1.070014825132376e-002 2626.000 2162.000   10.000     0 C:\Studies\double_stars\hip\20091216\g074a007.fit
  1  0 2009 12 17  0 33 13      0 2556.28600 2849.75433    0.01435    0.01611       43.4   0   1    5 0 1 0 0 1  1.40000   1.189201834367797e-001   9.034415537294251e-001   5.523841396515376e+001   1.876921082064545e+003   1.027842313827809e-001  0.00019   1.927996571714904e-004   4.181898142419473e-003   7.076639034715908e-002   2.683655052760144e+001   8.209250490289526e-003 2556.000 2850.000   10.000     0 C:\Studies\double_stars\hip\20091216\g074a007.fit
  1  0 2009 12 17  0 33 13      0 1962.20063 1595.05957    0.16496    0.19137       23.6   0   1    6 0 1 0 0 1  1.40000   1.449286195269136e-001   8.651916577811608e-001   1.164485428174700e+001   2.089267958601658e+003   5.436351708435581e-002  0.00296   2.962868753587007e-003   5.045803344624802e-002   2.067365410270903e-001   8.710800008289652e+000   9.924008778587283e-002 1961.000 1596.000   10.000     0 C:\Studies\double_stars\hip\20091216\g074a007.fit
  1  0 2009 12 17  0 33 13      0 2244.16957  629.04446    0.04724    0.04973       27.7   0   1    7 0 1 0 0 1  1.40000   1.284631942003940e-001   9.376628488585349e-001   2.444752346568962e+001   2.062822883170102e+003   2.167286644852673e-002  0.00069   6.865335152003318e-004   1.430967956286059e-002   1.088768633414022e-001   1.242023496269887e+001   2.810017440540089e-002 2243.000  629.000   10.000     0 C:\Studies\double_stars\hip\20091216\g074a007.fit
  1  0 2009 12 17  0 33 13      0 1886.75045  870.78422    0.10502    0.10872       25.0   0   1    8 0 1 0 0 1  1.40000   1.150768776902064e-001   9.676904504569024e-001   1.591649014222778e+001   2.058784918373213e+003   9.210980231460951e-002  0.00130   1.297179431241294e-003   3.113811371270567e-002   1.411968082168911e-001   1.431987646910436e+001   6.098881560369733e-002 1886.000  872.000   10.000     0 C:\Studies\double_stars\hip\20091216\g074a007.fit
  1  0 2009 12 17  0 33 13      0  517.35884  929.18617    0.17854    0.18831       21.8   0   1    9 0 1 0 0 1  1.40000   1.077944851523905e-001   9.276744811926411e-001   1.168026225555350e+001   2.069502989200958e+003  -7.963040617556027e-003  0.00199   1.988498842064819e-003   4.901039165629843e-002   1.588153693239953e-001   1.438054931312774e+001   9.580253175051150e-002  516.000  929.000   10.000     0 C:\Studies\double_stars\hip\20091216\g074a007.fit
  1  0 2009 12 17  0 33 13      0  497.48563 1228.72058    0.05557    0.06177       26.7   0   1   10 0 1 0 0 1  1.40000   1.285478485412167e-001   9.195684653436473e-001   2.185823057541306e+001   2.064263942897263e+003   2.102852964739159e-002  0.00083   8.269438328937332e-004   1.689626305096939e-002   1.166428438068422e-001   1.241324380255978e+001   3.315677552378562e-002  498.000 1228.000   10.000     0 C:\Studies\double_stars\hip\20091216\g074a007.fit
  1  0 2009 12 17  0 33 13      0  453.34868  289.42493    0.14163    0.13584       22.7   0   1   11 0 1 0 0 1  1.40000   1.274372891666068e-001   9.884547111648208e-001   1.327867710636224e+001   2.074544950061503e+003  -2.187796913256537e-002  0.00193   1.930054986491654e-003   4.267126726015477e-002   1.658511301683700e-001   8.139996027810025e+000   8.424126827728143e-002  451.000  289.000   10.000     0 C:\Studies\double_stars\hip\20091216\g074a007.fit
  1  0 2009 12 17  0 33 13      0  313.41065  344.19426    0.09914    0.10526       24.8   0   1   12 0 1 0 0 1  1.40000   1.310565572824001e-001   9.419370792532259e-001   1.577737852328493e+001   2.079682697143389e+003   4.271913985032184e-002  0.00150   1.501480951462354e-003   3.080155809773936e-002   1.532075161924858e-001   1.124446349421744e+001   6.051285102551404e-002  314.000  345.000   10.000     0 C:\Studies\double_stars\hip\20091216\g074a007.fit
  1  0 2009 12 17  0 33 13      0  167.74466 1009.52012    0.14410    0.18141       23.5   0   1   13 0 1 0 0 1  1.40000   1.453062397424382e-001   8.429574014604534e-001   1.231428986464949e+001   2.080234854647553e+003   2.874066160575428e-002  0.00266   2.659020735231502e-003   4.404563660497102e-002   1.925716366896350e-001   8.166039122312341e+000   8.670765505674137e-002  168.000 1012.000   10.000     0 C:\Studies\double_stars\hip\20091216\g074a007.fit
  1  0 2009 12 17  0 33 13      0  174.72788 1927.26102    0.06020    0.06575       23.6   0   1   14 0 1 0 0 1  1.40000   1.306813045229663e-001   9.213015083097574e-001   1.970861350460803e+001   2.073835811624090e+003   8.325345432485772e-002  0.00091   9.134571559046390e-004   1.835893692979124e-002   1.156105656322645e-001   1.072203714739611e+001   3.616499847844723e-002  174.000 1927.000   10.000     0 C:\Studies\double_stars\hip\20091216\g074a007.fit
