  1  0 2009 12 17  0 31 18      0 2267.17226 1710.70504    0.00763    0.00801       88.8   0   1    1 0 1 0 0 1  1.40000   1.496022839360642e-001   9.528888325967536e-001   1.057544019172975e+002   1.916013270334566e+003  -1.584653149361730e-002  0.00014   1.413801148538110e-004   2.566210344036882e-003   9.070652180685884e-002   3.066810927914562e+001   5.056322981137408e-003 2267.000 1711.000   10.000     0 C:\Studies\double_stars\hip\20091216\g074a003.fit
  1  0 2009 12 17  0 31 18      0 2411.08334 2186.48310    0.00775    0.00805      141.1   0   1    2 0 1 0 0 1  1.40000   1.479901181821744e-001   9.686533872909835e-001   1.329785647812528e+002   1.791931785365624e+003  -2.346643863541063e-002  0.00014   1.407960147352530e-004   2.625936945621878e-003   1.144055632027140e-001   4.732284066865189e+001   5.174504383755507e-003 2411.000 2186.000   10.000     0 C:\Studies\double_stars\hip\20091216\g074a003.fit
  1  0 2009 12 17  0 31 18      0 1589.04503 2425.43574    0.00639    0.00663      178.9   0   1    3 0 1 0 0 1  1.40000   1.483273732021958e-001   9.696789607011661e-001   1.648840660240603e+002   2.137426497970089e+003   2.129670392092318e-002  0.00012   1.165227629546149e-004   2.170582724461414e-003   1.173065403804208e-001   5.991702284911193e+001   4.277494971712219e-003 1589.000 2425.000   10.000     0 C:\Studies\double_stars\hip\20091216\g074a003.fit
  1  0 2009 12 17  0 31 18      0 2626.73571 2163.99042    0.01632    0.01702       38.8   0   1    4 0 1 0 0 1  1.40000   1.492023322926356e-001   9.593045840255303e-001   4.788731108092448e+001   2.073343895925630e+003   8.316704011611177e-003  0.00030   3.005484034559850e-004   5.506936806509850e-003   8.752087551388003e-002   1.325989648032142e+001   1.085020044118050e-002 2627.000 2164.000   10.000     0 C:\Studies\double_stars\hip\20091216\g074a003.fit
  1  0 2009 12 17  0 31 18      0 2556.75981 2851.22638    0.01337    0.01492       47.8   0   1    5 0 1 0 0 1  1.40000   1.435247385504347e-001   9.052699153275241e-001   5.824959163364709e+001   2.033535506569679e+003   9.278203812207582e-002  0.00024   2.361200806027911e-004   4.239013644107751e-003   8.428899501295831e-002   1.879082460586870e+001   8.360749979563303e-003 2557.000 2852.000   10.000     0 C:\Studies\double_stars\hip\20091216\g074a003.fit
  1  0 2009 12 17  0 31 18      0 1962.49095 1596.42598    0.13814    0.14670       23.8   0   1    6 0 1 0 0 1  1.40000   1.498267682163777e-001   9.475798662459553e-001   1.287452311321665e+001   2.087883903018263e+003  -6.944748195311998e-002  0.00257   2.570053741405347e-003   4.625858076627479e-002   1.996552934125550e-001   7.917479461550365e+000   9.124403568461813e-002 1962.000 1596.000   10.000     0 C:\Studies\double_stars\hip\20091216\g074a003.fit
  1  0 2009 12 17  0 31 18      0 2244.36872  630.69871    0.03864    0.03994       26.2   0   1    7 0 1 0 0 1  1.40000   1.500567028599159e-001   9.634695966646822e-001   2.564963608798976e+001   2.090681407850724e+003   3.180218982620679e-002  0.00072   7.152938540382169e-004   1.308272112887760e-002   1.112014895994448e-001   8.723716004633319e+000   2.579179058551705e-002 2245.000  631.000   10.000     0 C:\Studies\double_stars\hip\20091216\g074a003.fit
  1  0 2009 12 17  0 31 18      0 1886.94712  872.37993    0.08212    0.08450       23.7   0   1    8 0 1 0 0 1  1.40000   1.455937504269890e-001   9.611757987701585e-001   1.683836965467670e+001   2.080753170652575e+003   1.267842710838785e-002  0.00144   1.442512458275195e-003   2.714083626802561e-002   1.492747305064883e-001   8.080093753662281e+000   5.347357358468088e-002 1888.000  873.000   10.000     0 C:\Studies\double_stars\hip\20091216\g074a003.fit
  1  0 2009 12 17  0 31 18      0  517.49113  930.87966    0.16299    0.15675       21.8   0   1    9 0 1 0 0 1  1.40000   1.586858777319458e-001   1.022239500254038e+000   1.157735572037795e+001   2.100464401185214e+003   7.137430661082864e-002  0.00323   3.234551159227195e-003   5.921800002818147e-002   2.197466081322345e-001   5.565112432755901e+000   1.173531647810169e-001  519.000  932.000   10.000     0 C:\Studies\double_stars\hip\20091216\g074a003.fit
  1  0 2009 12 17  0 31 18      0  498.04580 1230.35967    0.05137    0.05561       27.0   0   1   10 0 1 0 0 1  1.40000   1.435080137224168e-001   9.711298354730533e-001   2.286394925461674e+001   2.081733550856742e+003  -2.425984185855086e-002  0.00090   8.981554262159155e-004   1.729545207118961e-002   1.245007919914672e-001   7.607132252368150e+000   3.417029763193501e-002  498.000 1228.000   10.000     0 C:\Studies\double_stars\hip\20091216\g074a003.fit
  1  0 2009 12 17  0 31 18      0  453.70645  291.07706    0.11770    0.12435       23.2   0   1   11 0 1 0 0 1  1.40000   1.431758085314745e-001   9.542706337250562e-001   1.384089970705928e+001   2.078644916911480e+003   1.846721860108787e-001  0.00204   2.040797538712732e-003   3.842980914133290e-002   1.752007294817278e-001   8.623426128101471e+000   7.639853729519221e-002  454.000  291.000   10.000     0 C:\Studies\double_stars\hip\20091216\g074a003.fit
  1  0 2009 12 17  0 31 18      0  314.09336  346.12578    0.08204    0.08259       23.1   0   1   12 0 1 0 0 1  1.40000   1.376104306192205e-001   9.730524371421581e-001   1.714112261449665e+001   2.069740112194859e+003   7.259089755920781e-002  0.00129   1.293356922825850e-003   2.601198080081687e-002   1.375894602162743e-001   6.986935224405219e+000   5.184007846361564e-002  312.000  345.000   10.000     0 C:\Studies\double_stars\hip\20091216\g074a003.fit
  1  0 2009 12 17  0 31 18      0  168.39394 1010.93615    0.13252    0.13865       24.5   0   1   13 0 1 0 0 1  1.40000   1.497268742423024e-001   9.678350280907107e-001   1.339500816617374e+001   2.079544251709849e+003   7.560464283097881e-002  0.00246   2.455889044587103e-003   4.515592462061988e-002   1.987551330835023e-001   7.607802121851642e+000   8.924510505578967e-002  168.000 1010.000   10.000     0 C:\Studies\double_stars\hip\20091216\g074a003.fit
  1  0 2009 12 17  0 31 18      0  174.93913 1928.96713    0.05314    0.06042       25.7   0   1   14 0 1 0 0 1  1.40000   1.547774451807488e-001   8.884159984801592e-001   2.114365894205436e+001   2.086007124990055e+003  -1.321284334718025e-002  0.00106   1.059497357512858e-003   1.733910257511092e-002   1.312173064355530e-001   8.815650765006305e+000   3.415453631575856e-002  175.000 1929.000   10.000     0 C:\Studies\double_stars\hip\20091216\g074a003.fit
