0.0110684941068888 0.0133978651180048
-0.0169993171167405 -0.0279718864703189
-0.00596337213727556 0.0514489607659685
-0.0179665569567778 -0.028679465175032
-0.0239499510290243 -0.0486128316573096
0.841984718668529 0.277587368885343
0.0225386383613428 0.135620540196116
0.0284704285109948 -0.0429263813551795
0.0106912597249987 0.143894384341063
-0.160681690293716 -0.239328389019674
0.2234160467325 -0.343419272244878
-0.357121739725937 -0.00449963517630342
-0.0620976079453961 0.200228666270852
0.242312985075575 0.0437868500214014
