2266.96357375 1709.61016125 0.00984875 0.01029875
2410.901325 2185.34801625 0.00893375 0.0093175
1588.61166125 2424.50072125 0.00849625 0.008865
2626.5077425 2162.92949625 0.01952875 0.020315
2556.53032 2850.11458 0.01592375 0.017655
1962.47844 1595.42667875 0.1829425 0.1938175
2244.2438375 629.52994375 0.04998 0.0513175
1886.81534375 871.17386875 0.10939625 0.11352125
517.31722375 929.9529375 0.20205125 0.22342375
497.713645 1229.25452 0.063 0.06458375
453.54305125 289.89361625 0.15312125 0.1627025
313.753755 345.00891375 0.10418 0.11024375
168.03027875 1009.9324125 0.18248875 0.20098875
174.81509 1927.96637375 0.07131125 0.0751175
